63,60 69,28
63,60 70,29
62,60 71,30
61,60 72,31
61,60 73,32
60,60 74,33
59,60 74,34
58,60 75,35
58,60 75,36
57,60 76,37
56,59 76,38
56,59 77,39
55,59 77,40
54,59 78,41
53,58 78,42
53,58 78,43
52,58 78,44
51,57 78,45
50,57 78,46
50,57 78,47
49,56 78,48
48,56 78,49
48,56 78,50
47,55 78,51
46,55 78,52
45,54 78,53
45,54 78,54
44,54 78,55
43,55 77,56
43,55 77,57
42,55 76,58
41,56 76,59
40,57 76,60
40,57 75,61
39,57 74,62
38,58 74,63
37,58 73,64
37,58 72,65
36,58 71,66
35,58 70,67
35,58 69,68
34,58 68,68
33,57 67,69
33,56 66,70
33,56 65,70
32,55 64,71
32,54 63,71
32,54 62,71
32,53 61,72
32,52 60,72
31,51 59,72
31,51 58,72
31,50 57,72
31,49 56,72
31,48 55,72
31,48 54,72
31,47 53,72
31,46 52,72
31,46 51,72
31,45 50,72
31,44 49,72
31,43 48,72
31,43 47,71
31,42 46,71
32,41 45,71
32,41 44,70
32,40 43,70
33,39 42,69
34,39 41,68
34,39 40,68
35,39 39,67
36,40 38,66
37,40 37,65
37,40 36,64
38,41 35,63
39,42 35,62
39,42 34,61
40,43 33,60
41,43 33,59
42,44 33,58
42,44 32,57
43,43 32,56
44,43 31,55
44,43 31,54
45,42 31,53
46,41 31,52
47,41 31,51
47,41 31,50
48,40 31,49
49,40 30,48
50,39 31,47
50,39 31,46
51,39 31,45
52,38 31,44
52,38 31,43
53,38 31,42
54,37 31,41
55,37 32,40
55,37 32,39
56,37 33,38
57,37 33,37
57,37 34,36
58,37 34,35
59,37 35,34
60,37 35,33
60,37 36,32
61,37 37,31
62,38 38,30
63,39 39,29
63,39 40,28
64,40 41,28
65,41 42,27
65,41 43,26
65,42 44,26
66,43 45,25
66,44 46,25
66,44 47,25
66,45 48,24
66,46 49,24
66,46 50,24
66,47 51,24
67,48 52,24
67,49 53,24
67,49 54,24
67,50 55,24
67,51 56,24
67,52 57,24
67,52 58,24
67,53 59,24
67,54 60,24
67,54 61,24
66,55 62,25
66,56 63,25
66,57 64,25
66,57 65,26
65,58 66,26
65,59 67,27
64,59 68,28
63,60 69,29
63,60 70,30
62,60 71,31
61,60 72,32
61,60 73,33
60,60 73,34
59,60 74,35
58,60 74,36
58,60 75,37
57,60 75,38
56,59 76,39
55,59 76,40
55,59 77,41
54,59 77,42
53,58 77,43
52,58 77,44
52,58 77,45
51,57 77,46
50,57 77,47
49,56 77,48
49,56 77,49
48,56 77,50
47,55 77,51
46,55 77,52
46,55 77,53
45,54 77,54
44,54 77,55
43,55 76,56
43,55 76,57
42,55 75,58
41,56 75,59
40,57 75,60
40,57 74,61
39,57 73,62
38,58 73,63
37,58 72,64
37,58 71,65
36,58 70,66
35,58 69,67
34,58 68,67
34,58 67,68
33,57 66,69
33,56 65,69
32,55 64,70
32,55 63,70
32,54 62,70
32,53 61,71
32,53 60,71
32,52 59,71
31,51 58,71
31,50 57,71
31,50 56,71
31,49 55,71
31,48 54,71
31,47 53,71
31,47 52,71
31,46 51,71
31,45 50,71
31,44 49,71
31,44 48,71
31,43 47,70
31,42 46,70
32,41 45,70
32,41 44,69
32,40 43,69
33,39 42,68
34,39 41,67
34,39 40,67
35,39 39,66
36,40 38,65
37,40 37,64
37,40 36,63
38,41 36,62
39,42 35,61
40,43 34,60
40,43 34,59
41,43 34,58
42,44 33,57
43,43 33,56
43,43 32,55
44,43 32,54
45,42 32,53
46,41 32,52
46,41 32,51
47,41 32,50
48,40 32,49
49,40 31,48
49,40 32,47
50,39 32,46
51,39 32,45
51,39 32,44
52,38 32,43
53,38 32,42
54,37 32,41
54,37 33,40
55,37 33,39
56,37 34,38
57,37 34,37
57,37 35,36
58,37 35,35
59,37 36,34
60,37 36,33
60,37 37,32
61,37 38,31
62,38 39,30
63,39 40,29
63,39 41,29
64,40 42,28
65,41 43,27
65,42 44,27
65,42 45,26
66,43 46,26
66,44 47,26
66,45 48,25
66,45 49,25
66,46 50,25
66,47 51,25
67,48 52,25
67,48 53,25
67,49 54,25
67,50 55,25
67,51 56,25
67,51 57,25
67,52 58,25
67,53 59,25
67,54 60,25
67,54 61,25
66,55 62,26
66,56 63,26
66,57 64,26
66,57 65,27
65,58 66,27
65,59 67,28
64,59 68,29
63,60 69,30
63,60 70,31
62,60 71,32
61,60 72,33
60,60 72,34
60,60 73,35
59,60 73,36
58,60 74,37
57,60 74,38
57,60 75,39
56,59 75,40
55,59 76,41
54,59 76,42
54,59 76,43
53,58 76,44
52,58 76,45
51,57 76,46
50,57 76,47
50,57 76,48
49,56 76,49
48,56 76,50
47,55 76,51
47,55 76,52
46,55 76,53
45,54 76,54
44,54 76,55
44,54 75,56
43,55 75,57
42,55 74,58
41,56 74,59
40,57 74,60
40,57 73,61
39,57 72,62
38,58 72,63
37,58 71,64
37,58 70,65
36,58 69,66
35,58 68,66
34,58 67,67
34,58 66,68
33,57 65,68
33,56 64,69
32,55 63,69
32,54 62,69
32,54 61,70
32,53 60,70
32,52 59,70
31,51 58,70
31,51 57,70
31,50 56,70
31,49 55,70
31,48 54,70
31,48 53,70
31,47 52,70
31,46 51,70
31,45 50,70
31,45 49,70
31,44 48,70
31,43 47,69
31,42 46,69
32,41 45,69
32,41 44,68
32,40 43,68
33,39 42,67
34,39 41,66
34,39 40,66
35,39 39,65
36,40 38,64
37,40 37,63
37,40 37,62
38,41 36,61
39,42 35,60
40,43 35,59
41,43 35,58
41,43 34,57
42,44 34,56
43,43 33,55
44,43 33,54
44,43 33,53
45,42 33,52
46,41 33,51
47,41 33,50
47,41 33,49
48,40 32,48
49,40 33,47
50,39 33,46
51,39 33,45
51,39 33,44
52,38 33,43
53,38 33,42
54,37 33,41
54,37 34,40
55,37 34,39
56,37 35,38
57,37 35,37
57,37 36,36
58,37 36,35
59,37 37,34
60,37 37,33
60,37 38,32
61,37 39,31
62,38 40,30
63,39 41,30
64,40 42,29
64,40 43,28
65,41 44,28
65,42 45,27
66,43 46,27
66,43 47,27
66,44 48,26
66,45 49,26
66,46 50,26
66,46 51,26
66,47 52,26
67,48 53,26
67,49 54,26
67,50 55,26
67,50 56,26
67,51 57,26
67,52 58,26
67,53 59,26
67,53 60,26
67,54 61,26
66,55 62,27
66,56 63,27
66,56 64,27
66,57 65,28
65,58 66,28
65,59 67,29
64,59 68,30
63,59 69,31
63,59 70,32
62,59 71,33
61,59 71,34
60,59 72,35
60,59 72,36
59,59 73,37
58,59 73,38
57,59 74,39
57,59 74,40
56,58 75,41
55,58 75,42
54,58 75,43
54,58 75,44
53,57 75,45
52,57 75,46
51,56 75,47
51,56 75,48
50,56 75,49
49,55 75,50
48,55 75,51
48,55 75,52
47,54 75,53
46,54 75,54
45,53 75,55
45,53 74,56
44,53 74,57
43,54 73,58
42,54 73,59
42,54 73,60
41,55 72,61
40,56 71,62
39,56 71,63
39,56 70,64
38,57 69,65
37,57 68,65
36,57 67,66
36,57 66,67
35,57 65,67
34,57 64,68
34,56 63,68
34,56 62,68
33,55 61,69
33,54 60,69
33,53 59,69
33,53 58,69
33,52 57,69
32,51 56,69
32,50 55,69
32,50 54,69
32,49 53,69
32,48 52,69
32,47 51,69
32,47 50,69
32,46 49,69
32,45 48,69
32,44 47,68
32,44 46,68
32,43 45,68
32,42 44,67
33,41 43,67
33,41 42,66
33,40 41,65
34,40 40,65
35,40 39,64
35,40 38,63
36,41 38,62
37,41 37,61
38,42 36,60
38,42 36,59
39,43 36,58
40,44 35,57
41,44 35,56
41,44 34,55
42,45 34,54
43,44 34,53
44,44 34,52
44,44 34,51
45,43 34,50
46,42 34,49
47,42 33,48
47,42 34,47
48,41 34,46
49,41 34,45
50,40 34,44
50,40 34,43
51,40 34,42
52,39 34,41
53,39 35,40
53,39 35,39
54,38 36,38
55,38 36,37
56,38 37,36
56,38 37,35
57,38 38,34
58,38 38,33
59,38 39,32
59,38 40,31
60,38 41,31
61,38 42,30
62,39 43,29
62,39 44,29
63,40 45,28
64,41 46,28
64,42 47,28
64,42 48,27
65,43 49,27
65,44 50,27
65,45 51,27
65,45 52,27
65,46 53,27
65,47 54,27
66,48 55,27
66,48 56,27
66,49 57,27
66,50 58,27
66,51 59,27
66,51 60,27
66,52 61,27
66,53 62,28
66,54 63,28
66,54 64,28
65,55 65,29
65,56 66,29
65,57 67,30
64,58 68,31
63,59 69,32
63,59 70,33
62,59 70,34
61,59 71,35
60,59 71,36
60,59 72,37
59,59 72,38
58,59 73,39
57,59 73,40
57,59 74,41
56,58 74,42
55,58 74,43
54,58 74,44
53,57 74,45
53,57 74,46
52,57 74,47
51,56 74,48
50,56 74,49
50,56 74,50
49,55 74,51
48,55 74,52
47,54 74,53
46,54 74,54
46,54 74,55
45,53 73,56
44,53 73,57
43,54 72,58
43,54 72,59
42,54 72,60
41,55 71,61
40,56 70,62
39,56 70,63
39,56 69,64
38,57 68,64
37,57 67,65
36,57 66,66
36,57 65,66
35,57 64,67
34,57 63,67
34,56 62,67
33,55 61,68
33,55 60,68
33,54 59,68
33,53 58,68
33,52 57,68
33,52 56,68
32,51 55,68
32,50 54,68
32,49 53,68
32,48 52,68
32,48 51,68
32,47 50,68
32,46 49,68
32,45 48,68
32,45 47,67
32,44 46,67
32,43 45,67
32,42 44,66
33,41 43,66
33,41 42,65
33,40 41,64
34,40 40,64
35,40 39,63
35,40 39,62
36,41 38,61
37,41 37,60
38,42 37,59
39,43 37,58
39,43 36,57
40,44 36,56
41,44 35,55
42,45 35,54
42,45 35,53
43,44 35,52
44,44 35,51
45,43 35,50
46,42 35,49
46,42 34,48
47,42 35,47
48,41 35,46
49,41 35,45
49,41 35,44
50,40 35,43
51,40 35,42
52,39 35,41
53,39 36,40
53,39 36,39
54,38 37,38
55,38 37,37
56,38 38,36
56,38 38,35
57,38 39,34
58,38 39,33
59,38 40,32
60,38 41,32
60,38 42,31
61,38 43,30
62,39 44,30
63,40 45,29
63,40 46,29
64,41 47,29
64,42 48,28
65,43 49,28
65,44 50,28
65,44 51,28
65,45 52,28
65,46 53,28
65,47 54,28
65,47 55,28
66,48 56,28
66,49 57,28
66,50 58,28
66,51 59,28
66,51 60,28
66,52 61,28
66,53 62,29
66,54 63,29
66,54 64,29
65,55 65,30
65,56 66,30
65,57 67,31
64,58 68,32
63,58 69,33
63,58 69,34
62,58 70,35
61,58 70,36
60,58 71,37
60,58 71,38
59,58 72,39
58,58 72,40
57,58 73,41
57,58 73,42
56,57 73,43
55,57 73,44
54,57 73,45
54,57 73,46
53,56 73,47
52,56 73,48
51,55 73,49
51,55 73,50
50,55 73,51
49,54 73,52
48,54 73,53
48,54 73,54
47,53 73,55
46,53 72,56
45,52 72,57
45,52 71,58
44,52 71,59
43,53 71,60
42,53 70,61
42,53 69,62
41,54 69,63
40,55 68,63
39,55 67,64
39,55 66,65
38,56 65,65
37,56 64,66
36,56 63,66
36,56 62,66
35,56 61,67
34,55 60,67
34,54 59,67
34,54 58,67
34,53 57,67
34,52 56,67
33,51 55,67
33,51 54,67
33,50 53,67
33,49 52,67
33,48 51,67
33,48 50,67
33,47 49,67
33,46 48,67
33,45 47,66
33,45 46,66
33,44 45,66
33,43 44,65
33,42 43,65
33,42 42,64
34,41 41,63
35,41 40,63
36,42 40,62
36,42 39,61
37,42 38,60
38,43 38,59
39,44 38,58
39,44 37,57
40,45 37,56
41,45 36,55
42,46 36,54
42,46 36,53
43,45 36,52
44,45 36,51
45,44 36,50
45,44 36,49
46,43 35,48
47,43 36,47
48,42 36,46
48,42 36,45
49,42 36,44
50,41 36,43
51,41 36,42
51,41 36,41
52,40 37,40
53,40 37,39
54,39 38,38
54,39 38,37
55,39 39,36
56,39 39,35
57,39 40,34
57,39 40,33
58,39 41,33
59,39 42,32
60,39 43,31
60,39 44,31
61,39 45,30
62,40 46,30
63,41 47,30
63,41 48,29
63,42 49,29
64,43 50,29
64,44 51,29
64,44 52,29
64,45 53,29
64,46 54,29
64,47 55,29
64,47 56,29
65,48 57,29
65,49 58,29
65,50 59,29
65,50 60,29
65,51 61,29
65,52 62,30
65,53 63,30
65,53 64,30
65,54 65,31
64,55 66,31
64,56 67,32
64,57 68,33
63,58 69,35
63,58 69,36
62,58 70,37
61,58 70,38
60,58 71,39
59,58 71,40
59,58 72,41
58,58 72,42
57,58 72,43
56,57 72,44
55,57 72,45
55,57 72,46
54,57 72,47
53,56 72,48
52,56 72,49
51,55 72,50
51,55 72,51
50,55 72,52
49,54 72,53
48,54 72,54
47,53 72,55
47,53 71,56
46,53 71,57
45,52 70,58
44,52 70,59
43,53 70,60
43,53 69,61
42,53 68,62
41,54 67,63
40,55 66,64
39,55 65,64
38,56 64,65
38,56 63,65
37,56 62,65
36,56 61,66
35,56 60,66
34,55 59,66
34,55 58,66
34,54 57,66
34,53 56,66
34,52 55,66
33,51 54,66
33,51 53,66
33,50 52,66
33,49 51,66
33,48 50,66
33,47 49,66
33,47 48,66
33,46 47,65
33,45 46,65
33,44 45,65
33,43 44,64
33,43 43,64
33,42 42,63
34,41 41,62
35,41 40,61
36,42 39,60
37,42 39,59
37,42 39,58
38,43 38,57
39,44 38,56
40,45 37,55
41,45 37,54
41,45 37,53
42,46 37,52
43,45 37,51
44,45 37,50
45,44 37,49
45,44 36,48
46,43 37,47
47,43 37,46
48,42 37,45
49,42 37,44
49,42 37,43
50,41 37,42
51,41 37,41
52,40 38,40
53,40 38,39
53,40 39,38
54,39 39,37
55,39 40,36
56,39 40,35
57,39 41,34
58,39 42,33
58,39 43,32
59,39 44,32
60,39 45,31
61,39 46,31
62,40 47,31
62,40 48,30
63,41 49,30
63,42 50,30
64,43 51,30
64,44 52,30
64,44 53,30
64,45 54,30
64,46 55,30
64,47 56,30
65,48 57,30
65,48 58,30
65,49 59,30
65,50 60,30
65,51 61,30
65,52 62,31
65,52 63,31
65,53 64,31
65,54 65,32
64,55 66,32
64,56 67,33
64,57 68,34
63,57 68,35
63,57 68,36
62,57 69,37
61,57 69,38
60,57 70,39
59,57 70,40
59,57 71,41
58,57 71,42
57,57 71,43
56,56 71,44
55,56 71,45
55,56 71,46
54,56 71,47
53,55 71,48
52,55 71,49
51,54 71,50
51,54 71,51
50,54 71,52
49,53 71,53
48,53 71,54
47,52 71,55
47,52 70,56
46,52 70,57
45,51 69,58
44,51 69,59
43,52 69,60
43,52 68,61
42,52 67,62
41,53 66,63
40,54 65,63
39,54 64,64
39,54 63,64
38,55 62,64
37,55 61,65
36,55 60,65
35,55 59,65
35,55 58,65
35,54 57,65
35,53 56,65
35,52 55,65
34,51 54,65
34,51 53,65
34,50 52,65
34,49 51,65
34,48 50,65
34,47 49,65
34,47 48,65
34,46 47,64
34,45 46,64
34,44 45,64
34,43 44,63
34,43 43,63
34,42 42,62
35,42 41,61
36,43 40,60
37,43 40,59
37,43 40,58
38,44 39,57
39,45 39,56
40,46 38,55
41,46 38,54
41,46 38,53
42,47 38,52
43,46 38,51
44,46 38,50
45,45 38,49
45,45 37,48
46,44 38,47
47,44 38,46
48,43 38,45
49,43 38,44
49,43 38,43
50,42 38,42
51,42 38,41
52,41 39,40
53,41 39,39
53,41 40,38
54,40 40,37
55,40 41,36
56,40 41,35
57,40 42,34
57,40 43,33
58,40 44,33
59,40 45,32
60,40 46,32
61,40 47,32
61,40 48,31
62,41 49,31
62,42 50,31
63,43 51,31
63,44 52,31
63,44 53,31
63,45 54,31
63,46 55,31
63,47 56,31
64,48 57,31
64,48 58,31
64,49 59,31
64,50 60,31
64,51 61,31
64,52 62,32
64,52 63,32
64,53 64,32
64,54 65,33
63,55 66,33
63,56 67,34
63,57 67,35
63,57 67,36
62,57 68,37
61,57 68,38
60,57 69,39
59,57 69,40
59,57 70,41
58,57 70,42
57,57 70,43
56,56 70,44
55,56 70,45
54,56 70,46
54,56 70,47
53,55 70,48
52,55 70,49
51,54 70,50
50,54 70,51
49,53 70,52
49,53 70,53
48,53 70,54
47,52 70,55
46,52 69,56
45,51 69,57
44,51 68,58
44,51 68,59
43,52 68,60
42,52 67,61
41,53 66,62
40,54 65,62
39,54 64,63
39,54 63,63
38,55 62,63
37,55 61,64
36,55 60,64
35,55 59,64
35,54 58,64
35,54 57,64
35,53 56,64
35,52 55,64
34,51 54,64
34,50 53,64
34,49 52,64
34,49 51,64
34,48 50,64
34,47 49,64
34,46 48,64
34,45 47,63
34,44 46,63
34,44 45,63
34,43 44,62
34,42 43,62
35,42 42,61
36,43 41,60
37,43 41,59
37,43 41,58
38,44 40,57
39,45 40,56
40,46 39,55
41,46 39,54
42,47 39,53
42,47 39,52
43,46 39,51
44,46 39,50
45,45 39,49
46,44 38,48
47,44 39,47
47,44 39,46
48,43 39,45
49,43 39,44
50,42 39,43
51,42 39,42
52,41 39,41
52,41 40,40
53,41 40,39
54,40 41,38
55,40 41,37
56,40 42,36
57,40 42,35
57,40 43,34
58,40 44,34
59,40 45,33
60,40 46,33
61,40 47,33
62,41 48,32
62,41 49,32
62,42 50,32
63,43 51,32
63,44 52,32
63,45 53,32
63,46 54,32
63,46 55,32
63,47 56,32
64,48 57,32
64,49 58,32
64,50 59,32
64,51 60,32
64,51 61,32
64,52 62,33
64,53 63,33
64,54 64,33
63,55 65,34
63,56 66,34
62,56 66,35
62,56 66,36
61,56 67,37
60,56 67,38
59,56 68,39
59,56 68,40
58,56 69,41
57,56 69,42
56,55 69,43
55,55 69,44
55,55 69,45
54,55 69,46
53,54 69,47
52,54 69,48
51,53 69,49
51,53 69,50
50,53 69,51
49,52 69,52
48,52 69,53
47,51 69,54
47,51 69,55
46,51 68,56
45,50 68,57
44,50 67,58
43,51 67,59
43,51 67,60
42,51 66,61
41,52 65,61
40,53 64,62
39,53 63,62
39,53 62,62
38,54 61,63
37,54 60,63
36,54 59,63
36,54 58,63
36,53 57,63
36,52 56,63
35,51 55,63
35,50 54,63
35,50 53,63
35,49 52,63
35,48 51,63
35,47 50,63
35,46 49,63
35,46 48,63
35,45 47,62
35,44 46,62
35,43 45,62
36,44 44,61
36,44 43,61
37,44 42,60
38,45 42,59
39,46 42,58
40,47 41,57
40,47 41,56
41,47 40,55
42,48 40,54
43,47 40,53
44,47 40,52
44,47 40,51
45,46 40,50
46,45 40,49
47,45 39,48
48,44 40,47
48,44 40,46
49,44 40,45
50,43 40,44
51,43 40,43
51,43 40,42
52,42 40,41
53,42 41,40
54,41 41,39
55,41 42,38
55,41 42,37
56,41 43,36
57,41 43,35
58,41 44,35
59,41 45,34
59,41 46,34
60,41 47,34
61,41 48,33
61,42 49,33
62,43 50,33
62,43 51,33
62,44 52,33
62,45 53,33
62,46 54,33
62,47 55,33
62,47 56,33
63,48 57,33
63,49 58,33
63,50 59,33
63,51 60,33
63,51 61,33
63,52 62,34
63,53 63,34
63,54 64,34
62,55 65,35
62,56 66,37
62,56 66,38
61,56 67,39
60,56 67,40
59,56 68,41
58,56 68,42
57,56 68,43
57,56 68,44
56,55 68,45
55,55 68,46
54,55 68,47
53,54 68,48
52,54 68,49
51,53 68,50
51,53 68,51
50,53 68,52
49,52 68,53
48,52 68,54
47,51 68,55
46,51 67,56
46,51 67,57
45,50 66,58
44,50 66,59
43,51 66,60
42,51 65,60
41,52 64,61
40,53 63,61
40,53 62,61
39,53 61,62
38,54 60,62
37,54 59,62
36,54 58,62
36,53 57,62
36,53 56,62
36,52 55,62
35,51 54,62
35,50 53,62
35,49 52,62
35,48 51,62
35,47 50,62
35,47 49,62
35,46 48,62
35,45 47,61
35,44 46,61
35,43 45,61
36,44 44,60
36,44 43,60
37,44 43,59
38,45 43,58
39,46 42,57
40,47 42,56
41,47 41,55
42,48 41,54
42,48 41,53
43,47 41,52
44,47 41,51
45,46 41,50
46,45 41,49
47,45 40,48
47,45 41,47
48,44 41,46
49,44 41,45
50,43 41,44
51,43 41,43
52,42 41,42
53,42 41,41
53,42 42,40
54,41 42,39
55,41 43,38
56,41 43,37
57,41 44,36
58,41 45,35
58,41 46,35
59,41 47,35
60,41 48,34
61,41 49,34
61,42 50,34
62,43 51,34
62,44 52,34
62,44 53,34
62,45 54,34
62,46 55,34
62,47 56,34
63,48 57,34
63,49 58,34
63,49 59,34
63,50 60,34
63,51 61,34
63,52 62,35
63,53 63,35
63,54 64,35
62,55 65,36
61,55 65,37
61,55 65,38
60,55 66,39
59,55 66,40
58,55 67,41
57,55 67,42
57,55 67,43
56,54 67,44
55,54 67,45
54,54 67,46
53,53 67,47
53,53 67,48
52,53 67,49
51,52 67,50
50,52 67,51
49,51 67,52
49,51 67,53
48,51 67,54
47,50 67,55
46,50 66,56
45,49 66,57
45,49 65,58
44,49 65,59
43,50 64,60
42,50 63,60
41,51 62,60
41,51 61,61
40,52 60,61
39,52 59,61
38,53 58,61
37,53 57,61
37,53 56,61
37,52 55,61
36,51 54,61
36,50 53,61
36,49 52,61
36,49 51,61
36,48 50,61
36,47 49,61
36,46 48,61
36,45 47,60
36,45 46,60
37,45 45,60
38,46 44,59
39,47 44,58
40,48 43,57
40,48 43,56
41,48 42,55
42,49 42,54
43,48 42,53
44,48 42,52
44,48 42,51
45,47 42,50
46,46 42,49
47,46 41,48
48,45 42,47
48,45 42,46
49,45 42,45
50,44 42,44
51,44 42,43
52,43 42,42
52,43 42,41
53,43 43,40
54,42 43,39
55,42 44,38
56,42 44,37
56,42 45,36
57,42 46,36
58,42 47,36
59,42 48,35
60,42 49,35
60,42 50,35
61,43 51,35
61,44 52,35
61,45 53,35
61,46 54,35
61,46 55,35
61,47 56,35
62,48 57,35
62,49 58,35
62,50 59,35
62,50 60,35
62,51 61,35
62,52 62,36
62,53 63,36
62,54 64,36
61,55 64,37
61,55 64,38
60,55 65,39
59,55 65,40
58,55 66,41
57,55 66,42
56,54 66,43
56,54 66,44
55,54 66,45
54,54 66,46
53,53 66,47
52,53 66,48
51,52 66,49
51,52 66,50
50,52 66,51
49,51 66,52
48,51 66,53
47,50 66,54
46,50 66,55
46,50 65,56
45,49 65,57
44,49 64,58
43,50 64,59
42,50 63,59
41,51 62,59
41,51 61,60
40,52 60,60
39,52 59,60
38,53 58,60
37,53 57,60
37,52 56,60
36,51 55,60
36,51 54,60
36,50 53,60
36,49 52,60
36,48 51,60
36,47 50,60
36,46 49,60
36,46 48,60
36,45 47,59
37,45 46,59
38,46 45,59
39,47 45,58
40,48 44,57
40,48 44,56
41,48 43,55
42,49 43,54
43,48 43,53
44,48 43,52
45,47 43,51
45,47 43,50
46,46 43,49
47,46 42,48
48,45 43,47
49,45 43,46
50,44 43,45
51,44 43,44
51,44 43,43
52,43 43,42
53,43 43,41
54,42 44,40
55,42 44,39
56,42 45,38
56,42 45,37
57,42 46,37
58,42 47,37
59,42 48,36
60,42 49,36
61,43 50,36
61,43 51,36
61,44 52,36
61,45 53,36
61,46 54,36
61,47 55,36
62,48 56,36
62,48 57,36
62,49 58,36
62,50 59,36
62,51 60,36
62,52 61,36
62,53 62,37
62,54 63,37
61,55 64,39
61,55 64,40
60,55 65,41
59,55 65,42
58,55 65,43
57,55 65,44
56,54 65,45
55,54 65,46
54,54 65,47
53,53 65,48
52,53 65,49
51,52 65,50
50,52 65,51
49,51 65,52
48,51 65,53
48,51 65,54
47,50 65,55
46,50 64,56
45,49 64,57
44,49 63,58
43,50 62,58
42,50 61,59
41,51 60,59
40,52 59,59
39,52 58,59
38,53 57,59
37,53 56,59
37,52 55,59
36,51 54,59
36,50 53,59
36,50 52,59
36,49 51,59
36,48 50,59
36,47 49,59
36,46 48,59
36,45 47,58
37,45 46,58
38,46 45,57
39,47 45,56
40,48 44,55
41,48 44,54
42,49 44,53
43,48 44,52
44,48 44,51
44,48 44,50
45,47 44,49
46,46 43,48
47,46 44,47
48,45 44,46
49,45 44,45
50,44 44,44
51,44 44,43
52,43 44,42
53,43 44,41
54,42 45,40
55,42 45,39
56,42 46,38
57,42 47,38
58,42 48,37
58,42 49,37
59,42 50,37
60,42 51,37
61,43 52,37
61,44 53,37
61,45 54,37
61,46 55,37
61,47 56,37
62,48 57,37
62,49 58,37
62,50 59,37
62,51 60,37
62,52 61,37
62,53 62,38
62,54 63,38
43,49 63,39
43,49 63,40
41,50 64,41
40,51 64,42
39,51 64,43
38,52 64,44
38,52 64,45
37,51 64,46
37,50 64,47
37,49 64,48
37,48 64,49
37,48 64,50
37,47 64,51
37,46 64,52
38,47 64,53
39,48 64,54
39,48 64,55
40,49 63,56
41,49 63,57
61,54 62,57
60,54 61,58
59,54 60,58
59,54 59,58
58,54 58,58
57,54 57,58
56,53 56,58
55,53 55,58
55,53 54,58
54,53 53,58
53,52 52,58
52,52 51,58
51,51 50,58
51,51 49,58
50,51 48,58
49,50 47,57
48,50 46,57
47,49 46,56
46,49 45,55
46,49 45,54
45,48 45,53
46,47 45,52
47,47 45,51
48,46 45,50
48,46 45,49
49,46 44,48
50,45 45,47
51,45 45,46
52,44 45,45
52,44 45,44
53,44 45,43
54,43 45,42
55,43 45,41
56,43 46,40
57,43 46,39
57,43 47,39
58,43 48,38
59,43 49,38
60,43 50,38
60,44 51,38
60,44 52,38
60,45 53,38
60,46 54,38
60,47 55,38
61,48 56,38
61,48 57,38
61,49 58,38
61,50 59,38
61,51 60,38
61,52 61,38
61,53 62,39
43,49 63,41
43,49 63,42
41,50 63,43
40,51 63,44
39,51 63,45
38,52 63,46
37,51 63,47
37,50 63,48
37,49 63,49
37,48 63,50
37,47 63,51
37,46 63,52
38,47 63,53
38,47 63,54
39,48 63,55
40,49 62,56
41,49 61,57
61,54 60,57
60,54 59,57
59,54 58,57
58,54 57,57
57,54 56,57
56,53 55,57
55,53 54,57
54,53 53,57
54,53 52,57
53,52 51,57
52,52 50,57
51,51 49,57
50,51 48,57
49,50 47,56
48,50 46,55
47,49 46,54
46,49 46,53
45,48 46,52
46,47 46,51
47,47 46,50
47,47 46,49
48,46 45,48
49,46 46,47
50,45 46,46
51,45 46,45
52,44 46,44
53,44 46,43
54,43 46,42
55,43 46,41
56,43 47,40
57,43 48,39
58,43 49,39
58,43 50,39
59,43 51,39
60,43 52,39
60,44 53,39
60,45 54,39
60,46 55,39
60,47 56,39
61,48 57,39
61,49 58,39
61,50 59,39
61,51 60,39
61,52 61,39
61,53 62,40
40,50 62,41
40,50 62,42
39,50 62,43
38,51 62,44
38,51 62,45
38,50 62,46
38,49 62,47
38,48 62,48
38,48 62,49
39,49 62,50
48,49 62,51
48,49 62,52
49,49 62,53
50,50 62,54
51,50 62,55
51,50 61,56
52,51 60,56
53,51 59,56
53,51 58,56
54,52 57,56
55,52 56,56
56,52 55,56
56,52 54,56
57,53 53,56
58,53 52,56
58,53 51,56
59,53 50,56
60,53 49,56
60,52 48,56
60,52 47,55
60,51 47,54
60,50 47,53
60,49 47,52
60,49 47,51
60,48 47,50
59,47 47,49
59,47 46,48
59,46 47,47
59,45 47,46
59,44 47,45
59,44 47,44
58,44 47,43
57,44 47,42
57,44 47,41
56,44 48,40
55,44 49,40
54,44 50,40
54,44 51,40
53,45 52,40
52,45 53,40
52,45 54,40
51,46 55,40
50,46 56,40
49,47 57,40
49,47 58,40
48,47 59,40
47,48 60,40
46,48 61,40
40,50 61,41
40,50 61,42
39,50 61,43
38,51 61,44
38,50 61,45
38,50 61,46
38,49 61,47
38,48 61,48
39,49 61,49
39,49 61,50
48,49 61,51
49,49 61,52
50,50 61,53
51,50 61,54
51,50 61,55
52,51 60,55
53,51 59,55
54,52 58,55
54,52 57,55
55,52 56,55
56,52 55,55
57,53 54,55
58,53 53,55
58,53 52,55
59,53 51,55
60,53 50,55
60,52 49,55
60,52 48,55
60,51 48,54
60,50 48,53
60,49 48,52
60,49 48,51
60,48 48,50
59,47 48,49
59,46 47,48
59,45 48,47
59,45 48,46
59,44 48,45
58,44 48,44
57,44 48,43
57,44 48,42
56,44 48,41
55,44 49,41
54,44 50,41
53,45 51,41
53,45 52,41
52,45 53,41
51,46 54,41
50,46 55,41
50,46 56,41
49,47 57,41
48,47 58,41
47,48 59,41
46,48 60,41
48,48 60,42
48,48 60,43
49,48 60,44
49,48 60,45
50,49 60,46
50,49 60,47
51,49 60,48
52,50 60,49
52,50 60,50
53,50 60,51
53,50 60,52
54,51 60,53
54,51 60,54
55,51 59,54
56,51 58,54
56,51 57,54
57,52 56,54
57,52 55,54
58,52 54,54
58,52 53,54
59,52 52,54
59,51 51,54
59,51 50,54
59,50 49,54
59,50 49,53
59,49 49,52
59,48 49,51
59,48 49,50
58,47 49,49
58,47 48,48
58,46 49,47
58,46 49,46
58,45 49,45
57,45 49,44
57,45 49,43
56,45 49,42
56,45 50,42
55,45 51,42
55,45 52,42
54,45 53,42
53,46 54,42
53,46 55,42
52,46 56,42
52,46 57,42
51,47 58,42
51,47 59,42
48,48 59,43
48,48 59,44
49,48 59,45
50,49 59,46
50,49 59,47
51,49 59,48
52,50 59,49
52,50 59,50
53,50 59,51
54,51 59,52
55,51 59,53
55,51 58,53
56,51 57,53
57,52 56,53
57,52 55,53
58,52 54,53
59,52 53,53
59,52 52,53
59,51 51,53
59,50 50,53
59,49 50,52
59,49 50,51
59,48 50,50
58,47 50,49
58,47 49,48
58,46 50,47
58,45 50,46
58,45 50,45
57,45 50,44
56,45 50,43
55,45 51,43
55,45 52,43
54,45 53,43
53,46 54,43
53,46 55,43
52,46 56,43
51,47 57,43
50,47 58,43
50,48 58,44
50,48 58,45
51,48 58,46
51,48 58,47
52,49 58,48
53,49 58,49
53,49 58,50
54,50 58,51
54,50 58,52
55,50 57,52
56,50 56,52
56,50 55,52
57,51 54,52
58,51 53,52
58,51 52,52
58,50 51,52
58,50 51,51
58,49 51,50
58,48 51,49
58,48 50,48
57,47 51,47
57,46 51,46
57,46 51,45
56,46 51,44
56,46 52,44
55,46 53,44
54,46 54,44
54,46 55,44
53,47 56,44
52,47 57,44
50,48 57,45
50,48 57,46
51,48 57,47
52,49 57,48
53,49 57,49
54,50 57,50
55,50 57,51
56,50 56,51
56,50 55,51
57,51 54,51
58,51 53,51
58,50 52,51
58,49 52,50
58,48 52,49
57,47 51,48
57,47 52,47
57,46 52,46
56,46 52,45
55,46 53,45
54,46 54,45
53,47 55,45
52,47 56,45
52,48 56,46
52,48 56,47
53,48 56,48
54,49 56,49
55,49 56,50
55,49 55,50
56,49 54,50
57,50 53,50
57,49 53,49
57,49 52,48
57,48 53,47
56,47 53,46
55,47 54,46
54,47 55,46
52,48 55,47
53,48 55,47
54,49 55,48
55,49 55,48
56,49 55,49
57,50 55,49
57,49 54,49
57,48 54,49
56,47 53,48
55,47 53,48
54,47 54,47
54,48 54,48
55,48 54,48
56,48 54,48
