listona="""1496
1497
1498
1499
1587
1588
1589
1691
1692
1693
1694
1695
1696
1697
1698
1699
1719
1728
1729
1783
1784
1787
1788
1789
1791
1792
1793
1794
1795
1796
1797
1798
1799
1819
1867
1868
1869
1874
1875
1876
1877
1878
1879
1882
1883
1884
1885
1886
1887
1888
1889
1890
1891
1892
1893
1894
1895
1896
1897
1898
1899
1955
1956
1957
1958
1959
1964
1965
1966
1967
1968
1969
1970
1971
1972
1973
1974
1975
1976
1977
1978
1979
1980
1981
1982
1983
1984
1985
1986
1987
1988
1989
1991
1992
1993
1994
1995
1996
1997
1998
1999
2496
2497
2498
2499
2628
2629
2637
2638
2639
2692
2693
2696
2697
2698
2699
2719
2728
2729
2769
2776
2777
2778
2779
2783
2784
2785
2786
2787
2788
2789
2791
2792
2793
2794
2795
2796
2797
2798
2799
2864
2865
2866
2867
2868
2869
2873
2874
2875
2876
2877
2878
2879
2880
2881
2882
2883
2884
2885
2886
2887
2888
2889
2890
2891
2892
2893
2894
2895
2896
2897
2898
2899
2946
2947
2948
2949
2954
2955
2956
2957
2958
2959
2960
2961
2962
2963
2964
2965
2966
2967
2968
2969
2970
2971
2972
2973
2974
2975
2976
2977
2978
2979
2982
2983
2984
2985
2986
2988
2989
2990
2991
2992
2993
2994
2995
2996
2997
2998
2999
3537
3538
3539
3546
3547
3548
3549
3579
3628
3629
3637
3638
3639
3678
3685
3686
3687
3688
3689
3692
3693
3694
3695
3696
3697
3698
3699
3719
3769
3773
3774
3775
3776
3777
3778
3779
3782
3783
3784
3785
3786
3787
3788
3789
3790
3791
3792
3793
3794
3795
3796
3797
3798
3799
3855
3856
3857
3858
3863
3864
3865
3866
3867
3868
3869
3870
3871
3872
3873
3874
3875
3876
3877
3878
3879
3880
3881
3882
3883
3884
3885
3886
3887
3888
3889
3891
3892
3893
3894
3895
3897
3898
3899
3946
3947
3948
3949
3951
3952
3953
3954
3955
3956
3957
3958
3959
3960
3961
3962
3963
3964
3965
3966
3967
3968
3969
3970
3971
3972
3973
3974
3975
3976
3977
3978
3979
3981
3982
3983
3984
3985
3986
3987
3988
3989
3990
3991
3992
3993
3994
3995
3996
3997
3998
3999
4269
4446
4447
4448
4449
4455
4456
4457
4458
4459
4488
4489
4537
4538
4539
4546
4547
4548
4549
4587
4594
4595
4596
4597
4598
4599
4628
4629
4678
4679
4682
4683
4684
4685
4686
4687
4688
4691
4692
4693
4694
4695
4696
4697
4698
4699
4719
4749
4764
4765
4766
4767
4769
4772
4773
4774
4775
4776
4777
4778
4780
4781
4782
4783
4784
4785
4786
4787
4788
4789
4790
4791
4792
4793
4794
4795
4796
4797
4798
4799
4855
4856
4857
4858
4859
4860
4861
4862
4863
4864
4865
4866
4867
4868
4869
4870
4871
4872
4873
4874
4875
4876
4877
4878
4879
4880
4881
4882
4883
4884
4885
4886
4887
4888
4889
4890
4891
4892
4893
4894
4895
4896
4897
4898
4899
4937
4938
4939
4940
4941
4942
4943
4944
4945
4946
4947
4948
4949
4950
4951
4952
4953
4954
4955
4956
4957
4958
4959
4960
4961
4962
4963
4965
4966
4967
4968
4969
4973
4974
4975
4976
4977
4978
4979
4980
4981
4982
4983
4984
4985
4986
4987
4988
4989
4990
4991
4992
4993
4994
4995
4996
4997
4998
4999
5178
5179
5355
5356
5357
5358
5359
5364
5365
5366
5367
5368
5369
5397
5398
5399
5446
5447
5448
5449
5455
5456
5457
5458
5459
5496
5499
5537
5538
5539
5579
5587
5588
5589
5591
5592
5593
5594
5595
5596
5597
5599
5619
5628
5629
5658
5659
5673
5674
5675
5676
5678
5679
5681
5682
5683
5684
5685
5686
5687
5690
5691
5692
5693
5694
5695
5696
5697
5698
5699
5764
5765
5766
5767
5768
5769
5770
5771
5772
5773
5774
5775
5776
5777
5778
5779
5780
5781
5782
5783
5784
5785
5786
5787
5788
5789
5790
5791
5792
5793
5794
5795
5796
5797
5798
5799
5846
5847
5848
5849
5850
5851
5852
5853
5854
5855
5856
5857
5858
5859
5860
5861
5862
5863
5864
5865
5866
5867
5868
5869
5870
5871
5872
5874
5875
5876
5877
5878
5879
5882
5883
5884
5885
5886
5887
5888
5889
5890
5891
5892
5893
5894
5895
5896
5897
5898
5899
5906
5907
5908
5909
5927
5928
5929
5932
5933
5934
5935
5936
5937
5938
5939
5943
5944
5945
5946
5951
5952
5953
5954
5955
5956
5957
5958
5959
5961
5962
5963
5965
5966
5967
5968
5969
5970
5971
5972
5973
5974
5975
5976
5977
5978
5979
5980
5981
5982
5983
5984
5985
5986
5987
5988
5989
5990
5991
5992
5993
5994
5995
5996
5997
5998
5999
6087
6088
6089
6099
6264
6265
6266
6267
6268
6269
6273
6274
6275
6276
6277
6278
6279
6355
6356
6357
6358
6359
6364
6365
6366
6367
6368
6369
6399
6439
6446
6447
6448
6449
6488
6489
6496
6497
6498
6499
6528
6529
6537
6538
6539
6567
6568
6569
6582
6583
6584
6585
6587
6588
6589
6590
6591
6592
6593
6594
6595
6596
6599
6619
6673
6674
6675
6676
6677
6678
6679
6680
6681
6682
6683
6684
6685
6686
6687
6688
6689
6690
6691
6692
6693
6694
6695
6696
6697
6698
6699
6755
6756
6757
6758
6759
6760
6761
6762
6763
6764
6765
6766
6767
6768
6769
6770
6771
6772
6773
6774
6775
6776
6777
6778
6779
6780
6781
6783
6784
6785
6786
6787
6788
6789
6791
6792
6793
6794
6795
6796
6797
6798
6799
6815
6816
6817
6818
6819
6836
6837
6838
6839
6841
6842
6843
6844
6845
6846
6847
6848
6849
6852
6853
6854
6855
6859
6860
6861
6862
6863
6864
6865
6866
6867
6868
6869
6870
6871
6872
6874
6875
6876
6877
6878
6879
6880
6881
6882
6883
6884
6885
6886
6887
6888
6889
6890
6891
6892
6893
6894
6895
6896
6897
6898
6899
6918
6919
6929
6935
6936
6939
6944
6945
6946
6947
6948
6949
6951
6952
6953
6954
6955
6956
6957
6958
6959
6960
6961
6962
6963
6964
6965
6966
6967
6968
6969
6971
6972
6973
6974
6975
6976
6977
6978
6979
6980
6981
6982
6983
6984
6987
6989
6990
6991
6992
6993
6994
6995
6996
6997
6998
6999
7099
7173
7174
7175
7176
7177
7178
7179
7182
7183
7184
7185
7186
7187
7188
7189
7264
7265
7266
7267
7268
7269
7273
7274
7275
7276
7277
7278
7279
7348
7349
7355
7356
7357
7358
7359
7397
7398
7399
7437
7438
7439
7446
7447
7448
7449
7476
7477
7478
7479
7491
7492
7493
7494
7496
7497
7498
7499
7519
7528
7529
7579
7582
7583
7584
7585
7586
7587
7588
7589
7590
7591
7592
7593
7594
7595
7596
7597
7598
7599
7664
7665
7666
7667
7668
7669
7670
7671
7672
7673
7674
7675
7676
7677
7678
7679
7680
7681
7682
7683
7684
7685
7686
7687
7688
7689
7690
7692
7693
7694
7695
7696
7697
7698
7699
7719
7724
7725
7726
7727
7728
7729
7745
7746
7747
7748
7749
7750
7751
7752
7753
7754
7755
7756
7757
7758
7759
7761
7762
7763
7764
7768
7769
7770
7771
7772
7773
7774
7775
7776
7777
7778
7779
7780
7781
7783
7784
7785
7786
7787
7788
7789
7790
7791
7792
7793
7794
7795
7796
7797
7798
7799
7807
7808
7809
7819
7827
7828
7829
7838
7839
7844
7845
7848
7849
7853
7854
7855
7856
7857
7858
7859
7860
7861
7862
7863
7864
7865
7866
7867
7868
7869
7870
7871
7872
7873
7874
7875
7876
7877
7878
7879
7880
7881
7882
7883
7884
7885
7886
7887
7888
7889
7890
7891
7892
7893
7896
7898
7899
7901
7902
7903
7904
7905
7906
7907
7908
7909
7918
7919
7921
7922
7923
7924
7925
7926
7927
7928
7935
7936
7937
7938
7939
7940
7941
7942
7943
7944
7945
7946
7947
7948
7949
7950
7951
7952
7953
7954
7955
7956
7957
7958
7959
7960
7961
7962
7963
7964
7965
7966
7970
7971
7972
7973
7974
7975
7976
7977
7978
7979
7981
7982
7983
7984
7985
7986
7987
7988
7989
7990
7991
7992
7993
7994
7995
7996
7997
7998
7999
8079
8082
8083
8084
8085
8086
8087
8088
8089
8091
8092
8093
8094
8095
8096
8097
8098
8099
8173
8174
8175
8176
8177
8178
8179
8182
8183
8184
8185
8186
8187
8188
8189
8257
8258
8264
8265
8266
8267
8268
8269
8346
8347
8348
8349
8355
8356
8357
8358
8359
8385
8386
8387
8388
8389
8399
8428
8429
8437
8438
8439
8488
8489
8491
8492
8493
8494
8495
8496
8497
8498
8499
8529
8573
8574
8575
8576
8577
8578
8579
8580
8581
8582
8583
8584
8585
8586
8587
8588
8589
8590
8591
8592
8593
8594
8595
8596
8597
8598
8599
8628
8633
8634
8635
8636
8637
8638
8639
8654
8655
8656
8657
8658
8659
8660
8661
8662
8663
8664
8665
8666
8667
8668
8669
8670
8671
8672
8673
8677
8678
8679
8680
8681
8682
8683
8684
8685
8686
8687
8688
8689
8690
8692
8693
8694
8695
8696
8697
8698
8699
8716
8717
8718
8719
8728
8729
8736
8737
8738
8739
8747
8748
8749
8753
8754
8757
8758
8759
8762
8763
8764
8765
8766
8767
8768
8769
8770
8771
8772
8773
8774
8775
8776
8777
8778
8779
8780
8781
8782
8783
8784
8785
8786
8787
8788
8789
8790
8791
8792
8793
8794
8795
8796
8797
8798
8799
8810
8811
8812
8813
8814
8815
8816
8817
8818
8819
8827
8828
8829
8830
8831
8832
8833
8834
8835
8836
8837
8839
8844
8845
8846
8847
8848
8849
8850
8851
8852
8853
8854
8855
8856
8857
8858
8859
8860
8861
8862
8863
8864
8865
8866
8867
8868
8869
8870
8871
8872
8873
8874
8875
8880
8881
8882
8883
8884
8885
8886
8887
8888
8889
8890
8891
8892
8893
8894
8895
8896
8897
8898
8899
8901
8902
8903
8904
8905
8906
8907
8908
8909
8910
8911
8912
8913
8914
8915
8916
8917
8918
8919
8924
8925
8926
8927
8928
8929
8930
8931
8932
8934
8935
8936
8937
8938
8939
8940
8941
8942
8943
8944
8945
8946
8947
8948
8949
8950
8951
8952
8953
8954
8955
8956
8957
8958
8959
8960
8961
8962
8963
8964
8965
8966
8969
8970
8971
8972
8973
8974
8975
8976
8977
8978
8979
8980
8981
8983
8984
8986
8987
8988
8989
8990
8991
8992
8993
8994
8995
8996
8997
8998
8999
9082
9083
9084
9085
9086
9087
9088
9089
9091
9092
9093
9094
9095
9096
9097
9098
9099
9166
9167
9173
9174
9175
9176
9177
9178
9179
9255
9256
9257
9258
9259
9264
9265
9266
9267
9268
9269
9294
9295
9296
9297
9298
9299
9337
9338
9339
9346
9347
9348
9349
9389
9397
9398
9399
9419
9438
9439
9482
9483
9484
9485
9486
9487
9488
9489
9490
9491
9492
9493
9494
9495
9496
9497
9498
9499
9537
9542
9543
9544
9545
9546
9547
9548
9549
9563
9564
9565
9566
9567
9568
9569
9570
9571
9572
9573
9574
9575
9576
9577
9578
9579
9580
9581
9582
9586
9587
9588
9589
9590
9591
9592
9593
9594
9595
9596
9597
9598
9599
9619
9625
9626
9627
9628
9629
9637
9638
9639
9645
9646
9647
9648
9649
9656
9657
9658
9659
9662
9663
9666
9667
9668
9669
9671
9672
9673
9674
9675
9676
9677
9678
9679
9680
9681
9682
9683
9684
9685
9686
9687
9688
9689
9690
9691
9692
9693
9694
9695
9696
9697
9698
9699
9719
9720
9721
9722
9723
9724
9725
9726
9727
9728
9729
9736
9737
9738
9739
9740
9741
9742
9743
9744
9745
9746
9748
9749
9753
9754
9755
9756
9757
9758
9759
9760
9761
9762
9763
9764
9765
9766
9767
9768
9769
9770
9771
9772
9773
9774
9775
9776
9777
9778
9779
9780
9781
9782
9783
9784
9790
9791
9792
9793
9794
9795
9796
9797
9798
9799
9803
9804
9807
9808
9809
9810
9811
9812
9813
9814
9815
9816
9817
9818
9819
9820
9821
9822
9823
9824
9825
9826
9827
9828
9829
9833
9834
9835
9836
9837
9838
9839
9840
9841
9843
9844
9845
9846
9847
9848
9849
9850
9851
9852
9853
9854
9855
9856
9857
9858
9859
9860
9861
9862
9863
9864
9865
9866
9867
9868
9869
9870
9871
9872
9873
9874
9875
9878
9879
9880
9881
9882
9883
9884
9885
9886
9887
9888
9889
9890
9892
9893
9895
9896
9897
9898
9899
9900
9901
9902
9903
9904
9905
9906
9907
9908
9909
9910
9911
9912
9913
9914
9915
9916
9917
9918
9919
9920
9921
9922
9923
9924
9925
9926
9927
9928
9929
9930
9931
9932
9933
9934
9935
9936
9937
9938
9939
9940
9941
9942
9943
9944
9945
9946
9947
9948
9949
9950
9951
9952
9953
9954
9955
9956
9957
9958
9959
9960
9961
9962
9963
9964
9965
9966
9967
9968
9969
9970
9971
9972
9973
9974
9975
9976
9977
9978
9979
9982
9983
9984
9985
9986
9987
9988
9989
9990
9991
9992
9993
9994
9995
9996
9997
9998
9999""".split("\n")

listaSemPeriodo="""
1587
1588
1589
1783
1787
1788
1789
1867
1868
1869
1876
1877
1878
1879
1882
1883
1884
1885
1886
1887
1888
1889
1955
1956
1957
1958
1959
1964
1965
1966
1967
1968
1969
1970
1971
1972
1973
1974
1975
1976
1977
1978
1979
1980
1981
1982
1983
1984
1985
1986
1987
1988
1989
1991
1992
1993
1994
1995
1996
1997
1998
1999
2496
2497
2498
2499
2692
2696
2697
2698
2699
2769
2776
2777
2778
2779
2785
2786
2787
2788
2789
2791
2792
2793
2794
2795
2796
2797
2798
2799
2864
2865
2866
2867
2868
2869
2873
2874
2875
2876
2877
2878
2879
2880
2881
2882
2883
2884
2885
2886
2887
2888
2889
2890
2891
2892
2893
2894
2895
2896
2897
2898
2899
2946
2947
2948
2949
2954
2955
2956
2957
2958
2959
2960
2961
2962
2963
2965
2966
2967
2968
2969
2970
2971
2972
2973
2974
2975
2976
2977
2978
2979
2982
2990
2991
2992
2993
2994
2995
2996
2997
2998
2999
3579
3678
3685
3686
3687
3688
3689
3694
3695
3696
3697
3698
3699
3769
3773
3774
3775
3776
3777
3778
3779
3782
3783
3784
3785
3786
3787
3788
3789
3790
3791
3792
3793
3794
3795
3796
3797
3798
3799
3855
3856
3857
3858
3863
3864
3865
3866
3867
3868
3869
3870
3871
3872
3874
3875
3876
3877
3878
3879
3880
3881
3882
3883
3884
3885
3886
3887
3888
3889
3891
3946
3947
3948
3949
3951
3952
3953
3960
3961
3962
3963
3964
3965
3966
3970
3971
3972
3981
3982
3983
3984
3985
3986
3987
3988
3989
3990
3991
3992
3993
3994
3995
3996
3997
3998
3999
4488
4489
4587
4594
4595
4596
4597
4598
4599
4678
4679
4682
4683
4684
4685
4686
4687
4688
4691
4692
4693
4694
4695
4696
4697
4698
4699
4719
4764
4765
4766
4767
4769
4772
4773
4774
4775
4776
4777
4778
4780
4781
4783
4784
4785
4786
4787
4788
4789
4790
4791
4792
4793
4794
4795
4796
4797
4798
4799
4855
4856
4857
4858
4859
4860
4861
4862
4870
4871
4872
4873
4874
4875
4880
4881
4890
4891
4892
4893
4894
4895
4896
4897
4898
4899
4937
4938
4939
4943
4946
4947
4948
4949
4965
4966
4967
4968
4969
4973
4974
4975
4976
4977
4978
4979
4980
4981
4983
4984
4985
4986
4987
4988
4989
4991
4992
4993
4994
4995
4996
4997
4998
4999
5397
5398
5496
5499
5587
5588
5589
5591
5592
5593
5594
5595
5596
5597
5599
5619
5628
5629
5673
5674
5675
5676
5678
5679
5681
5682
5683
5684
5685
5686
5687
5690
5692
5693
5694
5695
5696
5697
5698
5699
5764
5765
5766
5767
5768
5770
5771
5780
5781
5782
5783
5784
5790
5846
5847
5848
5849
5852
5855
5856
5857
5858
5859
5874
5875
5876
5877
5878
5879
5882
5883
5884
5885
5886
5887
5888
5889
5890
5892
5893
5894
5895
5896
5897
5898
5899
5928
5929
5943
5944
5945
5946
5951
5952
5953
5954
5956
5958
5959
5961
5962
5963
5970
5971
5972
5982
5983
5984
5985
5986
5987
5988
5989
5990
5991
5992
5993
5994
5995
5996
5997
5998
5999
6099
6399
6439
6496
6497
6498
6499
6528
6529
6537
6538
6539
6582
6583
6584
6585
6587
6588
6589
6590
6591
6592
6593
6594
6595
6596
6599
6619
6673
6674
6675
6676
6677
6680
6690
6691
6692
6693
6755
6756
6757
6758
6759
6761
6764
6765
6766
6767
6768
6769
6783
6784
6785
6786
6787
6788
6789
6791
6792
6793
6794
6795
6796
6797
6798
6799
6837
6838
6839
6852
6853
6854
6855
6859
6860
6861
6862
6863
6865
6867
6868
6869
6870
6871
6872
6880
6881
6891
6892
6893
6894
6895
6896
6897
6898
6899
6918
6919
6935
6939
6944
6946
6947
6948
6949
6951
6952
6953
6954
6955
6956
6957
6958
6959
6960
6961
6962
6963
6964
6965
6966
6967
6968
6969
6971
6972
6973
6974
6975
6976
6977
6978
6979
6980
6981
6990
6991
6992
6993
6994
6995
6996
6997
6998
6999
7099
7348
7399
7437
7438
7439
7446
7447
7448
7449
7491
7492
7493
7494
7496
7497
7498
7499
7519
7528
7529
7579
7582
7583
7584
7585
7586
7664
7665
7666
7667
7668
7669
7670
7673
7674
7675
7676
7677
7678
7679
7692
7693
7694
7695
7696
7697
7698
7699
7719
7746
7747
7748
7749
7761
7762
7763
7764
7768
7769
7770
7771
7772
7774
7776
7777
7778
7779
7780
7781
7790
7807
7808
7809
7819
7827
7828
7829
7844
7848
7849
7853
7855
7856
7857
7858
7859
7860
7861
7862
7863
7864
7865
7866
7867
7868
7869
7870
7871
7872
7873
7874
7875
7876
7877
7878
7879
7880
7881
7882
7883
7884
7885
7886
7887
7888
7889
7890
7918
7919
7937
7938
7939
7940
7941
7942
7946
7947
7948
7949
7960
7961
7962
7963
7964
7965
7966
7970
7971
7972
7973
7974
7975
7976
7977
7978
7979
7981
7982
7983
7984
7985
7986
7987
7988
7989
7991
7992
7993
7994
7995
7996
7997
7998
7999
8079
8257
8346
8347
8348
8349
8355
8356
8357
8358
8359
8389
8399
8428
8429
8437
8438
8439
8488
8489
8491
8492
8493
8494
8495
8529
8573
8574
8575
8576
8577
8578
8579
8582
8583
8584
8585
8586
8587
8588
8589
8628
8655
8656
8657
8658
8659
8670
8671
8672
8673
8677
8678
8679
8680
8681
8683
8685
8686
8687
8688
8689
8690
8716
8717
8718
8719
8728
8729
8736
8737
8738
8739
8749
8753
8757
8758
8759
8762
8764
8765
8766
8767
8768
8769
8770
8771
8772
8773
8774
8775
8776
8777
8778
8779
8780
8781
8782
8783
8784
8785
8786
8787
8788
8789
8790
8791
8792
8793
8794
8795
8796
8797
8798
8799
8827
8828
8829
8846
8847
8848
8849
8850
8851
8855
8856
8857
8858
8859
8870
8871
8872
8873
8874
8875
8880
8881
8882
8883
8884
8885
8886
8887
8888
8889
8890
8891
8892
8893
8894
8895
8896
8897
8898
8899
8924
8925
8926
8927
8928
8929
8940
8941
8942
8943
8944
8945
8950
8951
8952
8953
8954
8955
8956
8957
8958
8959
8970
8971
8972
8973
8974
8975
8976
8977
8978
8979
8980
8981
8983
8984
8986
8987
8988
8989
8990
8991
8992
8993
8994
8995
8996
8997
8998
8999
9166
9255
9256
9257
9258
9259
9264
9265
9266
9267
9268
9269
9298
9337
9338
9346
9347
9348
9349
9397
9398
9399
9419
9438
9439
9482
9483
9484
9485
9486
9487
9488
9489
9491
9492
9493
9494
9495
9496
9497
9498
9499
9537
9564
9565
9566
9567
9568
9569
9580
9581
9582
9586
9587
9588
9589
9590
9592
9594
9595
9596
9597
9598
9599
9619
9625
9626
9627
9628
9629
9637
9638
9639
9645
9646
9647
9648
9649
9658
9659
9662
9666
9667
9668
9669
9671
9673
9674
9675
9676
9677
9678
9679
9680
9681
9682
9683
9684
9685
9686
9687
9688
9689
9690
9691
9692
9693
9694
9695
9696
9697
9698
9699
9719
9736
9737
9738
9739
9755
9756
9757
9758
9759
9760
9764
9765
9766
9767
9768
9769
9780
9781
9782
9783
9784
9790
9791
9792
9793
9794
9795
9796
9797
9798
9799
9803
9807
9808
9809
9833
9834
9835
9836
9837
9838
9839
9850
9851
9852
9853
9854
9860
9861
9862
9863
9864
9865
9866
9867
9868
9869
9880
9881
9882
9883
9884
9885
9886
9887
9888
9889
9890
9892
9893
9895
9896
9897
9898
9899""".split("\n")