57,58 70,67
57,58 69,68
57,59 68,69
57,59 67,69
58,60 66,69
58,60 65,68
59,61 64,68
59,61 63,67
59,62 62,67
59,62 61,66
59,63 60,65
59,63 59,64
58,64 58,63
58,64 57,64
58,65 57,65
58,65 57,66
57,66 57,67
57,66 58,68
57,67 58,69
57,67 58,70
57,68 57,71
58,69 57,72
58,69 57,73
59,69 56,74
59,69 56,75
60,70 55,76
60,70 56,77
61,71 57,78
61,71 56,79
61,72 55,80
61,72 56,81
60,72 56,82
60,72 57,83
59,72 57,84
59,72 57,85
58,71 56,86
58,71 55,85
57,71 54,84
57,71 54,83
56,72 53,82
56,72 52,82
55,73 51,83
54,72 50,84
54,72 49,85
53,72 48,86
53,72 47,86
52,73 47,85
52,73 47,84
51,72 47,83
51,72 46,82
50,71 45,83
50,71 44,83
49,71 44,82
49,71 44,81
48,71 45,80
48,71 46,79
47,70 47,79
47,70 48,79
46,71 49,78
46,71 50,78
45,71 51,77
45,71 52,76
45,70 53,75
44,69 53,74
44,69 54,73
43,70 54,72
43,70 54,71
42,71 55,70
42,71 55,69
41,71 55,68
41,71 55,67
41,70 54,66
41,70 54,65
40,69 53,64
40,69 52,64
39,69 51,63
39,69 50,64
39,68 50,65
39,68 50,66
40,67 49,67
40,67 48,67
41,66 47,67
41,66 46,68
42,66 45,68
43,66 44,69
43,66 43,70
44,66 42,71
44,66 43,72
45,66 43,73
45,66 43,74
46,65 42,74
46,65 41,73
47,64 40,73
47,64 39,73
48,63 38,74
48,63 39,75
49,62 39,76
49,62 38,76
49,61 37,76
49,61 36,75
48,60 35,76
48,60 34,76
48,59 33,75
48,59 32,74
47,58 32,73
46,58 32,72
57,58 69,67
57,58 68,68
57,59 67,68
57,59 66,68
58,60 65,67
58,60 64,67
59,61 63,66
59,61 62,66
59,62 61,65
59,63 60,64
59,63 59,63
58,64 58,62
58,64 57,63
58,65 56,64
58,65 56,65
57,66 56,66
57,66 56,67
57,67 57,68
57,68 57,69
57,68 57,70
58,69 56,71
58,69 56,72
59,69 56,73
59,69 55,74
60,70 55,75
60,70 54,76
61,71 55,77
61,72 56,78
61,72 55,79
60,72 54,80
60,72 55,81
59,72 55,82
59,72 56,83
58,71 56,84
58,71 56,85
57,71 55,84
56,72 55,83
56,72 54,82
55,73 53,81
55,73 52,81
54,72 51,82
54,72 50,83
53,72 49,84
53,72 48,85
52,73 48,84
51,72 48,83
51,72 47,82
50,71 46,81
50,71 45,82
49,71 45,81
49,71 46,80
48,71 47,80
48,71 48,80
47,70 49,79
46,71 50,79
46,71 51,78
45,71 52,77
45,71 53,76
45,70 54,75
45,70 54,74
44,69 55,73
44,69 55,72
43,70 55,71
42,71 56,70
42,71 56,69
41,71 56,68
41,71 55,66
41,70 55,65
41,70 54,64
40,69 53,63
40,69 52,63
39,69 51,62
39,68 50,63
39,68 49,64
40,67 49,65
40,67 49,66
41,66 48,66
41,66 47,66
42,66 46,67
42,66 45,67
43,66 44,68
44,66 43,69
44,66 42,70
45,66 41,71
45,66 41,72
46,65 42,73
46,65 42,72
47,64 41,71
47,64 40,72
48,63 39,72
49,62 38,73
49,62 37,74
49,61 38,75
49,61 37,75
48,60 36,74
48,60 35,75
48,59 34,75
48,59 33,74
47,58 33,73
46,58 33,72
56,58 55,78
56,58 54,79
56,59 53,80
57,60 54,81
58,61 53,80
58,62 52,80
58,63 51,81
57,64 50,82
57,65 49,83
56,66 48,82
56,67 47,81
56,68 48,81
57,69 49,80
58,70 50,80
59,71 51,79
59,70 52,78
60,71 53,77
59,71 68,67
56,71 69,66
55,72 67,67
54,71 66,67
53,71 65,66
52,72 64,66
51,71 63,65
50,70 62,65
49,70 61,64
48,70 60,63
47,69 59,62
46,70 58,61
45,69 57,62
44,68 56,63
43,69 55,64
42,70 54,63
41,69 53,62
40,68 52,62
41,67 51,61
42,67 50,62
43,67 49,63
44,67 48,65
45,67 43,68
46,66 42,69
47,65 41,70
48,64 40,71
49,63 39,71
50,62 38,72
50,61 37,73
49,60 36,73
49,59 35,74
48,58 34,74
47,57 34,73
46,57 34,72
43,68 54,78
42,69 54,78
41,68 53,79
42,68 52,79
55,58 51,80
55,59 50,81
56,60 49,82
57,61 49,82
57,62 49,81
57,63 53,78
56,64 54,77
56,65 68,66
55,66 69,65
55,67 67,66
55,68 67,66
56,69 66,66
57,70 65,65
56,70 64,65
55,71 63,64
54,70 62,64
53,70 61,63
52,71 61,63
51,70 60,62
50,69 59,61
49,69 58,60
48,69 57,61
47,68 56,62
46,69 55,63
45,68 55,63
46,67 54,62
47,66 53,61
48,65 52,61
49,64 51,60
50,63 50,61
51,62 49,62
51,61 49,62
50,60 36,72
50,59 35,73
49,58 36,72
48,57 37,72
47,56 35,73
46,56 36,72
54,58 68,65
54,59 68,65
55,60 69,64
56,61 69,64
56,62 67,65
56,63 66,65
55,64 66,65
55,65 65,64
54,66 65,64
54,67 64,64
54,68 63,63
54,69 63,63
55,70 62,63
55,69 61,62
54,68 61,62
53,69 60,61
52,70 60,61
51,69 59,60
50,68 58,59
49,68 58,59
48,68 57,60
47,67 57,60
48,66 56,61
49,65 55,62
50,64 55,62
51,63 54,61
52,62 53,60
52,61 53,60
51,60 52,60
51,59 52,60
50,58 51,59
49,57 50,60
48,56 50,60
47,55 49,61
46,55 48,62
55,61 68,64
55,61 69,63
53,68 67,64
52,69 66,64
51,68 65,63
51,68 64,63
50,67 63,62
49,67 62,62
48,67 61,61
48,67 60,60
49,66 59,59
53,58 58,58
52,59 57,59
52,59 56,60
51,58 55,61
50,57 54,60
49,56 53,59
49,56 52,59
48,55 51,58
47,54 50,59
46,54 49,60
52,68 68,63
52,68 67,63
52,68 66,63
51,67 64,62
51,67 62,61
52,58 61,60
52,58 60,59
51,57 59,58
51,57 58,57
50,56 57,58
50,56 56,59
49,55 55,60
49,55 54,59
48,54 53,58
48,54 52,58
47,53 51,57
47,53 50,58
46,53 49,59
51,56 57,57
51,56 56,58
50,55 55,59
50,55 54,58
49,54 53,57
48,53 52,57
48,53 51,56
47,52 50,57
46,52 49,58
51,55 56,57
51,55 55,58
50,54 54,57
50,54 53,56
49,53 52,56
49,53 51,55
48,52 50,56
48,52 49,57
47,51 48,58
51,54 55,57
51,54 54,56
50,53 53,55
49,52 52,55
49,52 51,54
48,51 50,55
47,50 49,56
50,52 52,54
50,52 51,53
49,51 50,54
48,50 49,55
50,51 51,52
50,51 50,53
50,51 51,52
50,51 52,53
50,51 50,53
50,51 51,52
49,50 48,55
50,50 50,52
45,57 33,71
45,57 34,70
44,57 35,70
44,57 36,69
43,56 37,69
43,56 38,69
43,55 39,69
43,55 40,69
42,54 41,68
42,54 42,67
41,54 43,66
41,54 44,66
40,53 45,65
40,53 46,65
40,52 47,64
40,52 47,63
40,51 46,62
40,51 45,61
39,50 44,61
39,49 43,60
39,49 42,59
40,48 41,58
40,48 40,58
39,47 40,57
39,47 39,56
40,46 38,55
40,46 39,54
40,45 38,53
40,45 38,52
41,44 39,51
41,44 39,50
40,43 39,49
40,43 40,48
39,44 39,47
39,44 38,46
38,45 37,46
37,46 36,46
37,46 35,46
36,46 34,46
36,46 33,47
35,47 32,48
35,47 33,49
34,46 33,50
34,46 32,51
33,47 31,52
33,47 31,53
32,48 30,54
32,48 29,54
31,49 28,54
31,49 27,55
30,50 26,56
30,50 26,57
29,51 25,58
28,52 25,59
28,52 25,60
27,52 24,61
27,52 24,62
26,52 24,63
26,52 23,64
26,51 22,63
26,51 21,62
27,50 21,61
27,50 21,60
28,49 22,59
28,49 22,58
27,48 22,57
27,48 22,56
26,49 22,55
26,49 21,54
25,50 20,54
24,51 19,53
24,51 18,52
23,52 17,51
23,52 17,50
22,53 18,49
22,53 17,48
21,53 18,47
21,53 18,46
21,52 19,45
21,52 19,44
21,51 20,43
21,51 19,42
22,50 19,41
22,50 19,40
23,49 19,39
23,49 19,38
24,48 20,37
24,47 20,36
24,47 21,35
25,46 22,34
25,46 22,35
26,45 22,36
26,45 22,37
26,44 22,38
26,44 22,39
26,43 22,40
26,43 23,41
25,42 24,41
25,42 25,40
25,41 26,39
25,41 27,38
25,40 28,37
25,40 29,37
25,39 30,36
26,38 31,36
45,57 34,71
45,57 35,71
44,57 36,70
44,57 37,70
43,56 38,70
43,56 39,70
43,55 40,70
42,54 41,69
42,54 42,68
41,54 43,67
41,54 44,67
40,53 45,66
40,53 46,66
40,52 47,65
40,51 48,64
40,51 48,63
39,50 47,62
39,50 46,61
39,49 45,60
39,49 44,60
40,48 43,59
39,47 42,58
39,47 41,57
40,46 40,56
40,46 39,55
40,45 40,54
40,45 39,53
41,44 39,52
40,43 40,51
40,43 40,50
39,44 40,49
39,44 41,48
38,45 40,47
38,45 39,46
37,46 38,45
36,46 37,45
36,46 36,45
35,47 35,45
35,47 34,45
34,46 33,46
34,46 32,47
33,47 31,48
32,48 32,49
32,48 32,50
31,49 31,51
31,49 30,52
30,50 30,53
30,50 29,53
29,51 28,53
28,52 27,54
28,52 26,55
27,52 25,56
27,52 25,57
26,52 24,58
26,52 24,59
26,51 24,60
27,50 23,61
27,50 23,62
28,49 23,63
28,49 22,62
27,48 22,61
27,48 22,60
26,49 23,59
25,50 23,58
25,50 23,57
24,51 23,56
24,51 23,55
23,52 22,54
23,52 21,53
22,53 20,53
21,53 19,52
21,53 18,51
21,52 18,50
21,52 19,49
21,51 18,48
21,51 19,47
22,50 19,46
23,49 20,45
23,49 20,44
24,48 21,43
24,48 20,42
24,47 20,41
24,47 20,40
25,46 20,39
26,45 20,38
26,45 21,37
26,44 21,36
26,44 21,38
26,43 21,39
26,43 21,40
25,42 22,41
25,41 23,42
25,41 24,42
25,40 25,41
25,40 26,40
25,39 27,39
26,38 28,38
45,56 35,72
45,56 36,71
44,56 37,71
44,55 38,71
43,54 47,61
42,53 46,60
41,53 45,59
41,52 44,59
41,51 43,58
40,50 42,57
40,49 41,56
41,48 40,55
40,47 41,54
41,46 40,53
41,45 40,52
42,44 41,51
41,43 41,50
40,42 41,49
39,43 42,48
38,44 41,47
37,45 42,48
36,45 23,60
35,46 31,47
34,45 30,48
33,46 31,49
32,47 31,50
31,48 30,51
30,49 29,52
30,49 28,52
29,50 27,53
28,51 26,54
27,51 25,55
28,50 24,56
29,49 24,57
28,48 23,54
27,47 24,55
26,48 22,53
25,49 21,52
24,50 20,52
23,51 19,51
22,52 19,50
22,51 20,49
23,50 19,48
24,49 20,47
25,48 20,46
25,47 21,45
26,46 21,44
27,45 22,43
27,44 21,42
27,43 21,41
26,42 22,42
26,41 23,43
26,40 24,43
26,39 25,42
27,38 26,41
45,55 47,60
45,55 48,61
44,54 46,59
43,53 45,58
42,52 44,58
42,51 43,57
41,50 42,56
41,50 41,55
41,49 42,54
42,48 41,53
41,47 41,52
42,46 42,51
42,45 42,50
43,44 42,49
43,44 43,48
38,43 30,47
37,44 29,48
36,44 30,49
35,45 30,50
34,44 29,51
34,44 28,51
33,45 27,52
32,46 26,53
31,47 25,54
30,48 24,54
29,48 23,53
28,47 22,52
28,47 21,51
27,46 20,51
26,47 20,50
27,46 21,49
28,45 20,48
28,44 21,47
28,44 21,46
28,43 22,45
27,42 22,44
27,41 23,44
27,40 24,44
27,39 25,43
28,38 26,42
45,54 47,59
45,54 48,60
44,53 46,58
43,52 45,57
43,51 44,57
42,50 43,56
42,49 42,55
43,48 43,54
42,47 42,53
43,46 42,52
43,45 43,51
44,44 43,50
44,44 43,49
37,43 44,48
36,43 29,47
35,44 28,48
34,43 29,49
33,44 29,50
32,45 28,50
31,46 27,51
30,47 26,52
29,47 25,53
28,46 24,53
28,46 23,52
29,45 22,51
29,44 21,50
29,43 22,49
28,42 21,48
28,41 22,47
28,40 22,46
28,39 23,45
29,38 24,45
28,37 25,44
29,38 26,43
45,54 47,58
44,53 47,58
43,52 48,59
43,51 46,57
42,50 45,56
42,49 44,56
43,48 43,55
42,47 44,54
43,46 43,53
43,45 43,52
44,44 44,51
37,43 44,50
36,43 44,49
35,44 45,48
34,43 28,47
33,44 27,48
32,45 27,48
31,46 28,49
30,47 27,50
29,47 26,51
28,46 25,52
29,45 24,52
29,44 23,51
29,43 22,50
28,42 23,49
28,41 22,48
28,40 23,47
28,39 23,46
29,38 24,46
28,37 25,45
29,38 26,44
45,53 47,57
44,52 47,57
44,51 46,56
43,50 45,55
43,49 44,55
44,48 45,54
43,47 44,53
44,46 44,52
44,45 45,51
37,42 45,50
36,42 45,49
35,43 46,48
34,42 45,47
33,43 46,48
32,44 27,47
31,45 26,48
30,46 27,49
29,46 26,50
30,45 25,51
30,44 24,51
30,43 23,50
29,42 24,49
29,41 23,48
29,40 24,47
29,39 25,46
30,38 26,45
45,52 47,56
45,52 48,57
45,51 46,55
44,50 46,54
44,49 45,53
45,48 45,52
44,47 46,51
45,46 46,50
35,42 46,49
34,41 47,48
33,42 26,47
32,43 25,48
31,44 26,49
31,43 25,50
30,42 24,50
30,41 25,49
30,40 24,48
30,39 25,47
31,38 26,46
45,50 47,55
46,51 47,55
45,49 48,56
46,48 46,53
45,47 46,53
46,46 47,54
33,41 46,52
32,42 46,52
31,42 47,51
31,41 47,50
31,40 47,50
31,39 47,49
32,38 48,48
45,50 48,54
46,51 48,54
45,49 47,53
46,48 47,52
45,47 47,52
46,46 48,51
33,41 48,50
32,42 48,50
31,42 48,49
31,41 49,48
31,40 49,48
31,39 48,47
32,38 49,48
46,49 49,54
46,49 48,53
47,48 48,52
46,47 49,51
47,48 49,50
47,48 49,49
32,41 50,48
32,40 49,47
32,39 50,48
46,50 49,53
46,50 49,52
46,50 50,51
47,49 50,50
47,49 50,49
48,48 51,48
48,49 51,49
26,37 31,37
26,37 30,38
26,36 30,39
26,36 29,40
27,36 29,41
27,36 30,42
28,35 31,43
28,35 32,44
29,34 33,44
29,34 34,43
29,33 35,43
29,33 36,43
30,33 37,43
30,33 38,43
31,33 39,44
31,33 40,44
32,32 41,44
32,32 42,44
33,32 43,43
34,33 44,42
34,33 44,41
35,33 43,40
35,33 43,39
36,32 43,38
36,32 43,37
37,33 43,36
37,33 43,35
37,34 44,34
37,34 44,33
38,35 43,32
38,35 42,31
39,36 41,32
39,36 40,32
39,37 39,33
39,37 38,34
40,38 37,34
40,39 36,35
40,39 35,36
40,40 34,37
40,40 33,37
41,41 33,36
41,41 33,35
42,41 33,34
42,41 34,33
43,40 35,32
43,40 36,32
43,39 37,31
43,39 38,30
44,39 38,29
44,39 37,28
45,40 36,27
45,40 37,26
46,39 36,25
47,39 36,24
47,39 35,23
48,38 36,22
48,38 37,21
49,39 37,20
49,39 38,19
50,38 38,18
50,38 37,17
51,37 37,16
51,37 37,15
51,36 37,14
51,36 37,13
52,35 38,11
52,35 38,12
53,34 39,13
53,34 39,14
53,33 40,15
52,32 40,16
52,32 40,17
52,31 41,18
52,31 42,17
51,30 43,17
51,30 44,16
52,29 45,17
52,29 46,17
51,28 47,16
51,28 48,16
52,27 49,16
52,27 50,15
52,26 51,15
52,26 52,15
53,25 53,15
53,25 54,15
53,24 53,16
54,23 52,17
54,23 51,18
55,23 50,19
55,23 51,20
56,22 52,21
56,22 53,22
57,22 52,23
57,22 52,24
58,21 53,25
58,21 54,26
59,22 55,27
59,22 56,27
60,22 57,28
60,22 58,28
61,22 59,29
61,22 60,29
62,23 61,28
63,23 62,28
26,37 30,37
26,37 29,38
26,36 29,39
26,36 28,40
27,36 28,41
27,36 29,42
28,35 30,43
28,35 31,44
29,34 32,45
29,34 33,45
29,33 34,44
29,33 35,44
30,33 36,44
31,33 37,44
31,33 38,44
32,32 39,45
32,32 40,45
33,32 41,45
33,32 42,45
34,33 43,44
34,33 44,43
35,33 45,42
35,33 45,41
36,32 44,40
37,33 44,39
37,33 44,38
37,34 44,37
37,34 44,36
38,35 44,35
38,35 45,34
39,36 45,33
39,36 44,32
39,37 43,31
39,37 42,30
40,38 41,31
40,39 40,31
40,39 39,32
40,40 38,33
40,40 37,33
41,41 36,34
41,41 35,35
42,41 34,36
42,41 34,35
43,40 34,34
43,40 35,33
43,39 36,33
44,39 37,32
44,39 38,31
45,40 39,30
45,40 39,29
46,39 38,28
46,39 37,27
47,39 38,26
47,39 37,25
48,38 37,24
48,38 36,23
49,39 37,22
50,38 38,21
50,38 38,20
51,37 39,19
51,37 39,18
51,36 38,17
51,36 38,16
52,35 38,15
52,35 38,14
53,34 39,15
53,34 39,16
53,33 39,17
52,32 40,18
52,32 41,19
52,31 42,18
52,31 43,18
51,30 44,17
51,30 45,18
52,29 46,18
52,29 47,17
51,28 48,17
51,28 49,17
52,27 50,16
52,26 51,17
52,26 51,16
53,25 52,16
53,25 51,17
53,24 50,18
53,24 49,19
54,23 50,20
54,23 51,21
55,23 52,22
55,23 51,23
56,22 51,24
57,22 52,25
57,22 53,26
58,21 54,27
58,21 55,28
59,22 56,28
59,22 57,29
60,22 58,29
60,22 59,30
61,22 60,30
61,22 61,29
62,23 62,29
63,23 63,28
27,37 28,39
27,37 27,40
28,36 27,41
29,35 28,42
29,35 29,43
30,34 30,44
31,34 31,45
31,34 32,46
32,33 35,34
33,33 38,13
33,33 40,46
34,34 41,46
35,34 42,46
35,34 43,45
36,33 44,44
36,34 45,43
37,35 46,42
37,35 46,41
38,36 45,40
38,37 45,39
38,37 45,38
39,38 45,37
39,39 45,36
39,39 45,35
39,40 46,34
40,41 46,33
40,41 45,32
41,42 44,31
42,42 43,30
42,42 42,29
43,41 41,30
44,40 40,30
45,41 39,31
45,41 38,32
46,40 39,28
47,40 40,29
47,40 38,27
48,39 39,26
49,40 38,25
49,40 38,24
50,39 37,23
51,38 38,22
51,38 39,21
52,37 39,20
52,36 40,19
53,35 41,20
53,35 42,19
54,34 43,19
54,33 44,18
54,33 45,19
53,32 46,19
53,31 47,18
53,31 48,18
52,30 48,19
53,29 49,18
53,29 50,17
52,28 49,20
53,27 50,21
53,27 51,22
53,26 50,23
54,25 50,24
54,24 51,25
54,24 52,26
55,24 53,27
56,23 54,28
56,23 55,29
57,23 56,29
58,22 57,30
58,22 58,30
59,23 59,31
60,23 60,31
60,23 61,30
61,23 62,30
62,24 63,29
63,24 64,28
29,36 27,42
29,36 28,43
30,35 29,44
31,35 30,45
31,35 31,46
32,34 42,47
33,34 43,46
33,34 44,45
34,35 45,44
35,35 46,43
35,35 47,42
36,35 47,41
37,36 46,40
37,36 46,39
37,37 46,38
38,38 46,37
38,38 46,36
38,39 46,35
38,40 47,34
38,40 47,33
39,41 46,32
38,40 45,31
38,40 44,30
42,43 43,29
43,42 42,28
43,42 41,29
44,41 40,28
45,42 39,27
45,42 40,26
46,41 39,25
47,41 39,24
47,41 38,23
48,40 39,22
49,41 40,21
49,41 40,20
50,40 41,21
51,39 42,20
51,39 43,20
54,32 44,19
55,33 45,20
55,33 46,20
53,30 47,19
54,31 48,20
54,31 49,21
53,28 50,22
54,29 49,23
54,29 49,24
54,27 50,25
54,26 51,26
54,26 52,27
55,25 53,28
56,24 54,29
56,24 55,30
57,24 56,30
58,23 57,31
58,23 58,31
59,24 59,32
60,24 60,32
60,24 61,31
61,24 62,31
62,25 63,30
63,25 64,29
29,37 27,43
29,37 28,44
30,36 29,45
31,36 30,46
32,35 43,47
32,35 44,46
33,35 45,45
34,36 46,44
35,36 47,43
36,36 48,42
36,36 47,40
36,37 47,39
37,38 47,32
37,39 46,31
37,40 45,30
37,40 44,29
38,41 43,28
39,42 42,27
43,43 41,28
43,43 40,27
44,42 41,26
45,43 40,25
46,42 40,24
47,42 39,23
47,42 40,22
48,41 41,22
49,42 42,21
50,41 43,21
51,40 44,20
51,40 45,21
55,32 46,21
55,31 47,20
54,30 48,21
54,30 49,22
55,29 48,23
54,28 48,24
55,27 49,25
55,26 50,26
55,26 51,27
56,25 52,28
57,25 53,29
58,24 58,32
59,25 59,33
59,25 60,33
60,25 61,32
61,25 62,32
62,26 63,31
63,26 64,30
30,37 27,44
30,37 28,45
31,37 29,46
32,36 44,47
33,36 45,46
33,36 46,45
34,37 47,44
35,37 48,43
36,38 49,42
36,38 47,31
36,39 46,30
36,40 45,29
37,41 44,28
38,42 43,27
38,42 42,26
44,43 41,27
45,44 42,26
46,43 41,25
46,43 41,24
47,43 40,23
48,42 41,23
49,43 42,22
50,42 43,22
50,42 44,21
51,41 45,22
55,30 46,22
56,31 47,21
56,31 48,22
55,28 47,23
56,29 47,24
56,27 48,25
56,26 49,26
56,26 50,27
57,26 51,28
58,25 52,29
59,26 59,34
59,26 60,34
60,26 61,33
61,26 62,33
62,27 63,32
63,27 64,31
32,37 27,45
32,37 28,46
33,37 46,46
33,37 47,45
34,38 48,44
35,38 49,43
35,38 50,42
35,39 49,41
35,40 50,42
35,40 47,30
36,41 48,31
35,40 46,29
35,40 45,28
45,45 44,27
46,44 43,26
46,44 42,25
47,44 42,24
48,43 42,23
48,43 43,23
49,44 44,22
50,43 45,23
50,43 46,24
51,42 46,23
56,30 47,22
56,30 47,25
57,31 48,26
56,28 49,27
56,28 50,28
57,29 51,29
57,27 59,35
57,27 58,34
58,26 60,35
59,27 61,34
59,27 62,34
60,27 63,33
61,27 64,32
32,37 27,46
32,37 46,47
33,37 47,46
34,38 48,45
35,38 49,44
35,38 50,43
35,39 51,42
35,40 48,30
36,41 49,31
36,41 48,32
35,40 49,31
45,45 46,28
46,44 45,27
46,44 44,26
47,44 43,25
48,43 43,24
49,44 44,23
50,43 45,24
50,43 46,25
51,42 47,26
56,30 48,27
57,31 49,28
57,31 50,29
56,28 51,30
57,29 59,36
57,27 58,35
57,27 60,36
58,26 61,35
59,27 62,35
60,27 63,34
61,27 64,33
33,38 47,47
33,38 48,46
34,39 49,45
34,39 50,44
34,40 51,43
35,41 52,42
35,41 49,32
34,40 48,29
46,45 49,30
46,45 46,27
47,45 47,28
48,44 45,26
48,44 44,25
49,45 44,24
50,44 45,25
50,44 46,26
51,43 47,27
57,30 48,28
57,30 49,29
58,29 50,30
57,28 59,37
57,28 58,36
58,27 60,37
59,28 61,36
59,28 62,36
60,28 63,35
61,28 64,34
33,39 49,46
33,39 50,45
33,40 51,44
33,40 52,43
47,46 53,42
47,46 52,41
48,45 53,42
49,46 47,29
49,46 59,38
50,45 58,37
50,45 57,36
51,44 60,38
58,28 61,37
47,47 50,46
47,47 51,45
48,46 52,44
49,47 53,43
49,47 54,42
50,46 53,41
51,45 54,42
48,47 50,47
48,47 51,46
49,48 52,45
50,47 53,44
51,46 54,43
49,49 53,45
50,48 53,45
51,47 53,45
64,24 63,27
64,24 62,26
65,25 62,25
65,25 62,24
66,24 62,23
66,24 63,22
67,24 64,21
67,24 65,21
68,23 66,20
68,23 67,20
69,23 68,20
69,23 69,19
70,24 70,19
70,24 71,19
71,24 72,20
71,24 73,19
72,25 72,19
72,25 71,20
72,26 70,21
72,26 69,21
71,26 68,22
70,26 67,22
70,26 66,23
69,27 65,24
69,27 64,25
68,27 64,26
68,27 65,27
67,27 66,26
67,27 67,25
66,28 68,25
66,28 69,24
65,29 70,24
65,29 71,23
65,30 72,23
65,30 73,22
66,31 74,22
66,31 75,22
65,32 76,21
65,32 77,20
64,33 77,21
64,33 77,22
64,34 77,23
63,34 76,24
63,34 75,25
62,35 74,25
62,35 73,26
61,35 72,26
61,35 71,26
60,36 70,27
60,36 69,28
59,35 70,29
59,35 71,30
58,36 72,30
58,36 73,31
57,36 72,32
57,36 73,33
56,35 73,34
56,35 73,35
55,35 72,36
55,35 73,37
54,36 73,38
54,36 72,38
53,37 71,39
53,38 71,40
53,38 70,40
54,39 69,40
54,39 68,41
55,40 67,41
55,40 66,41
56,40 65,42
56,40 65,43
57,41 64,44
57,41 63,45
58,42 62,46
58,42 61,47
59,42 62,48
59,42 63,49
59,43 62,50
59,43 62,51
60,44 62,52
60,44 63,53
60,45 62,54
60,45 62,55
60,46 63,56
61,47 64,56
61,47 65,57
61,48 66,57
61,48 67,57
60,49 68,57
60,49 69,58
61,50 70,58
61,50 71,58
60,51 72,58
60,51 73,58
60,52 74,58
60,52 75,58
59,53 76,59
59,53 76,60
59,54 76,61
59,54 75,62
59,55 75,63
59,55 75,64
58,55 74,65
58,55 73,66
57,56 72,66
57,57 71,66
64,24 74,19
64,24 63,26
65,25 64,27
65,25 63,25
66,24 63,24
67,24 63,23
67,24 64,22
68,23 65,22
68,23 66,21
69,23 67,21
70,24 66,22
70,24 65,23
71,24 64,24
71,24 65,28
72,25 66,27
72,26 67,26
72,26 68,26
71,26 69,25
70,26 70,25
70,26 71,24
69,27 72,24
69,27 73,23
68,27 74,23
67,27 75,24
67,27 76,23
66,28 75,23
66,28 76,22
65,29 76,23
65,30 75,24
65,30 74,24
66,31 73,25
66,31 72,25
65,32 71,25
64,33 70,26
64,33 69,27
64,34 68,28
63,34 69,29
63,34 70,30
62,35 71,31
62,35 72,31
61,35 71,32
60,36 72,33
60,36 72,34
59,35 72,35
59,35 71,36
58,36 72,37
57,36 71,38
57,36 70,39
56,35 69,39
56,35 68,40
55,35 67,40
54,36 66,40
54,36 65,41
53,37 64,42
53,38 64,43
53,38 63,44
54,39 62,45
54,39 61,46
55,40 60,47
56,40 61,48
56,40 62,49
57,41 61,50
57,41 61,51
58,42 61,52
59,42 62,53
59,42 61,54
59,43 61,55
59,43 62,56
60,44 63,57
60,45 64,57
60,45 65,58
60,46 66,58
61,47 67,58
61,47 68,58
61,48 69,59
61,48 70,59
60,49 71,59
61,50 72,59
61,50 73,59
60,51 74,59
60,51 75,59
60,52 75,60
59,53 75,61
59,53 74,62
59,54 74,63
59,54 74,64
59,55 73,65
58,55 72,65
58,55 71,65
57,56 70,66
57,57 71,65
64,25 64,23
64,25 68,21
65,26 73,24
66,25 65,29
67,25 66,28
68,24 67,27
68,24 68,27
69,24 67,28
70,25 68,29
71,25 69,30
69,26 70,31
69,26 70,32
68,26 71,33
67,26 71,34
66,27 71,35
65,28 70,36
64,29 71,37
64,29 70,38
64,30 69,38
65,31 68,39
64,32 67,39
63,33 66,39
63,33 65,40
62,34 64,41
61,34 63,42
60,35 63,43
59,34 62,44
59,34 61,45
58,35 60,46
57,35 59,47
56,34 60,48
55,34 61,49
54,35 60,50
54,35 60,51
53,36 60,52
53,39 61,53
52,38 60,54
54,40 60,55
54,40 61,56
55,41 62,57
56,41 63,58
57,42 64,58
58,43 65,59
58,43 66,59
59,44 67,59
59,45 68,59
59,46 69,60
60,47 70,60
60,48 71,60
60,48 72,60
59,49 73,60
60,50 74,60
59,51 74,61
59,52 73,62
59,52 73,63
58,53 73,64
58,54 72,64
57,55 71,64
56,56 70,65
56,57 71,64
68,25 66,29
68,25 65,30
69,25 66,29
64,26 67,29
64,26 68,30
65,27 69,31
66,26 69,32
64,28 70,33
64,28 70,34
63,29 70,35
63,30 69,36
64,31 70,37
64,31 69,37
63,32 68,38
62,33 67,38
61,33 66,38
61,33 65,39
60,34 64,40
59,33 63,41
59,33 62,42
58,34 62,43
57,34 61,44
56,33 60,45
56,33 59,46
53,40 58,47
52,39 59,48
54,41 60,49
54,41 59,50
55,42 59,51
56,42 59,52
57,43 60,53
57,43 59,54
58,44 59,55
58,45 60,56
58,45 61,57
58,46 62,58
59,47 63,59
59,48 64,59
59,48 65,60
58,49 66,60
59,50 67,60
58,51 68,60
58,51 69,61
58,52 70,61
57,53 71,61
57,54 72,62
57,54 72,63
56,55 71,63
55,56 70,64
55,57 71,63
64,27 66,30
64,27 65,31
63,28 67,30
62,29 68,31
62,29 68,32
62,30 69,33
63,31 69,34
62,32 69,35
62,32 68,36
61,32 68,37
60,33 67,37
60,33 66,37
59,32 65,38
58,33 64,39
57,33 63,40
57,33 60,44
56,32 59,45
53,41 58,46
53,41 57,47
52,40 58,48
54,42 59,49
55,43 58,50
55,43 58,51
56,43 58,52
57,44 59,53
57,44 58,54
57,45 58,55
57,46 59,56
58,47 60,57
58,47 61,58
58,48 62,59
57,49 63,60
57,49 64,60
58,50 65,61
57,51 66,61
57,52 67,61
57,52 68,61
56,53 69,62
56,54 70,63
56,54 70,62
55,55 71,62
54,56 72,61
54,57 70,63
64,27 65,32
64,27 66,31
63,28 67,31
62,29 67,32
62,30 68,33
63,31 68,34
62,32 68,35
62,32 67,36
61,32 66,36
60,33 65,37
59,32 64,38
58,33 63,39
57,33 62,40
57,33 59,44
56,32 58,45
53,41 57,46
52,40 56,47
54,42 57,48
55,43 58,49
55,43 57,50
56,43 57,51
57,44 57,52
57,45 58,53
57,46 57,54
58,47 57,55
58,47 58,56
58,48 59,57
57,49 60,58
58,50 61,59
57,51 62,60
57,52 63,61
57,52 64,61
56,53 65,62
56,54 66,62
55,55 67,62
54,56 68,62
54,57 73,61
62,28 65,33
61,29 65,33
61,30 66,32
62,31 67,33
61,31 67,34
60,32 67,35
59,31 66,35
58,32 65,36
57,32 64,37
53,42 64,37
52,41 63,38
54,43 62,39
55,44 61,40
56,44 57,45
56,45 56,46
56,46 55,47
57,47 56,48
57,48 57,49
56,49 57,49
57,50 56,50
56,51 56,51
56,52 56,52
55,53 57,53
55,54 56,54
54,55 56,55
53,56 57,56
53,57 56,55
60,29 65,34
60,30 65,34
60,31 66,33
59,30 66,34
58,31 65,35
59,30 64,36
53,43 63,37
52,42 62,38
54,44 61,39
55,45 56,45
55,46 55,46
56,47 54,47
56,48 55,48
55,49 56,49
56,50 55,50
55,51 55,51
55,52 55,52
54,53 56,53
54,54 55,54
53,55 55,55
52,56 56,56
52,57 55,55
59,29 64,35
59,29 63,36
58,30 62,37
53,44 61,38
52,43 60,39
54,45 55,45
54,45 54,46
54,46 53,47
55,47 54,48
55,48 55,49
54,49 54,50
55,50 54,51
55,50 54,52
54,51 55,53
54,52 54,54
53,53 54,55
53,54 55,56
52,55 54,55
59,29 54,45
58,30 54,45
53,44 55,44
52,43 53,46
54,45 53,46
54,46 52,47
55,47 53,48
55,48 54,49
54,49 54,49
55,50 53,50
54,51 53,51
54,52 53,51
53,53 53,52
53,54 54,53
52,55 53,54
53,45 54,44
53,45 55,43
52,44 56,44
54,47 52,46
53,46 51,47
54,48 52,48
53,49 53,49
54,50 52,50
53,51 52,51
53,52 52,52
52,53 53,53
52,54 52,52
52,45 56,43
52,46 56,43
53,47 57,44
53,48 57,44
52,49 52,49
53,50 52,49
52,51 51,50
52,52 51,50
51,53 51,51
52,47 57,43
52,48 57,43
51,49 57,43
52,50 57,43
51,51 57,43
51,52 58,44
50,49 57,42
51,50 57,42
50,49 57,42
51,48 57,42
51,50 57,42
50,49 58,43
