55,30 28,30
55,30 61,30
53,31 28,31
57,31 61,31
45,32 28,32
58,32 61,32
43,33 28,33
58,33 61,33
58,33 28,34
42,34 61,34
58,34 28,35
31,35 61,35
32,35 28,36
41,35 61,36
58,35 28,37
30,36 61,37
30,36 28,38
34,36 61,38
36,36 28,39
59,36 61,39
30,37 28,40
60,37 61,40
30,38 28,41
60,38 61,41
60,38 28,42
30,39 61,42
61,39 28,43
30,40 61,43
61,40 28,44
30,41 61,44
62,41 28,45
29,42 61,45
29,42 28,46
62,42 61,46
29,43 28,47
62,43 61,47
29,44 28,48
62,44 61,48
28,45 28,49
62,45 61,49
62,45 28,50
28,46 61,50
61,46 28,51
28,47 61,51
61,47 28,52
28,48 61,52
60,48 28,53
28,49 61,53
28,49 28,54
59,49 61,54
29,50 28,55
59,50 61,55
30,51 28,56
60,51 61,56
31,52 28,57
60,52 61,57
60,52 28,58
33,53 61,58
61,53 28,59
33,54 61,59
61,54 28,60
33,55 61,60
61,55 28,61
34,56 61,61
34,56 29,30
61,56 29,61
34,57 30,30
60,57 30,61
34,58 31,30
41,58 31,61
44,58 32,30
51,58 32,61
51,58 33,30
53,58 33,61
60,58 34,30
35,59 34,61
41,59 35,30
44,59 35,61
50,59 36,30
53,59 36,61
53,59 37,30
59,59 37,61
34,60 38,30
40,60 38,61
44,60 39,30
50,60 39,61
54,60 40,30
58,60 40,61
58,60 41,30
35,61 41,61
39,61 42,30
43,61 42,61
49,61 43,30
44,62 43,61
48,62 44,30
32,52 44,61
32,52 45,30
33,36 45,61
35,37 46,30
36,61 46,61
37,36 47,30
37,61 47,61
38,36 48,30
38,61 48,61
38,61 49,30
39,36 49,61
40,36 50,30
42,57 50,61
43,57 51,30
44,33 51,61
45,62 52,30
46,32 52,61
46,32 53,30
46,62 53,61
47,32 54,30
47,62 54,61
48,32 55,30
49,32 55,61
50,32 56,30
51,32 56,61
51,32 57,30
52,32 57,61
52,57 58,30
54,31 58,61
55,60 59,30
56,31 59,61
56,60 60,30
57,60 60,61
55,30 29,31
55,30 60,31
53,31 29,32
57,31 60,32
45,32 29,33
58,32 60,33
43,33 29,34
58,33 60,34
42,34 29,35
58,34 60,35
31,35 29,36
32,35 60,36
41,35 29,37
58,35 60,37
30,36 29,38
30,36 60,38
34,36 29,39
36,36 60,39
59,36 29,40
30,37 60,40
60,37 29,41
30,38 60,41
60,38 29,42
30,39 60,42
61,39 29,43
30,40 60,43
61,40 29,44
30,41 60,44
62,41 29,45
29,42 60,45
29,42 29,46
62,42 60,46
29,43 29,47
62,43 60,47
29,44 29,48
62,44 60,48
28,45 29,49
62,45 60,49
28,46 29,50
61,46 60,50
28,47 29,51
61,47 60,51
28,48 29,52
60,48 60,52
28,49 29,53
28,49 60,53
59,49 29,54
29,50 60,54
59,50 29,55
30,51 60,55
60,51 29,56
31,52 60,56
60,52 29,57
33,53 60,57
61,53 29,58
33,54 60,58
61,54 29,59
33,55 60,59
61,55 29,60
34,56 60,60
34,56 30,31
61,56 30,60
34,57 31,31
60,57 31,60
34,58 32,31
41,58 32,60
44,58 33,31
51,58 33,60
53,58 34,31
60,58 34,60
35,59 35,31
41,59 35,60
44,59 36,31
50,59 36,60
53,59 37,31
53,59 37,60
59,59 38,31
34,60 38,60
40,60 39,31
44,60 39,60
50,60 40,31
54,60 40,60
58,60 41,31
35,61 41,60
39,61 42,31
43,61 42,60
49,61 43,31
44,62 43,60
48,62 44,31
32,52 44,60
32,52 45,31
33,36 45,60
35,37 46,31
36,61 46,60
37,36 47,31
37,61 47,60
38,36 48,31
38,61 48,60
39,36 49,31
40,36 49,60
42,57 50,31
43,57 50,60
44,33 51,31
45,62 51,60
46,32 52,31
46,32 52,60
46,62 53,31
47,32 53,60
47,62 54,31
48,32 54,60
49,32 55,31
50,32 55,60
51,32 56,31
52,32 56,60
52,57 57,31
54,31 57,60
55,60 58,31
56,31 58,60
56,60 59,31
57,60 59,60
55,31 30,32
54,32 30,32
53,32 59,32
57,32 30,33
56,32 59,33
46,33 59,33
45,33 30,34
57,33 59,34
44,34 30,35
43,34 30,35
57,34 59,35
43,35 30,36
42,35 59,36
57,35 59,36
32,36 30,37
31,36 59,37
42,36 30,38
41,36 30,38
58,36 59,38
57,36 30,39
31,37 59,39
34,37 59,39
33,37 30,40
37,37 59,40
36,37 30,41
59,37 59,41
58,37 59,41
31,38 30,42
59,38 59,42
31,39 30,43
60,39 30,43
59,39 59,43
31,40 30,44
60,40 59,44
31,41 59,44
61,41 30,45
60,41 59,45
31,42 30,46
30,42 30,46
61,42 59,46
30,43 30,47
61,43 59,47
30,44 59,47
61,44 30,48
30,45 59,48
29,45 30,49
61,45 30,49
29,46 59,49
29,47 30,50
60,47 59,50
60,46 30,51
60,45 30,51
29,48 59,51
29,49 30,52
59,48 59,52
59,47 59,52
58,50 30,53
58,49 59,53
58,48 30,54
30,50 30,54
30,49 59,54
59,51 30,55
58,51 59,55
31,51 59,55
31,50 30,56
59,52 59,56
32,51 30,57
60,53 30,57
59,53 59,57
34,54 30,58
34,53 59,58
34,52 59,58
33,52 30,59
60,54 59,59
34,55 31,32
60,55 31,59
60,56 31,59
35,57 32,32
35,56 32,59
35,55 33,32
35,58 33,32
59,58 33,59
59,57 34,32
59,56 34,59
40,59 34,59
40,58 35,32
41,57 35,59
40,57 36,32
45,59 36,32
45,58 36,59
45,57 37,32
44,57 37,59
50,58 37,59
51,57 38,32
50,57 38,59
54,59 39,32
54,58 39,32
54,57 39,59
53,57 40,32
36,60 40,59
35,60 41,32
36,59 41,32
36,58 41,59
45,60 42,32
49,60 42,59
49,59 42,59
49,58 43,32
58,59 43,59
58,58 44,32
39,60 44,32
39,59 44,59
45,61 45,32
44,61 45,59
55,59 45,59
57,59 46,32
38,60 46,59
48,61 47,32
48,60 47,32
47,61 47,59
33,51 48,32
32,37 48,59
36,38 48,59
35,38 49,32
34,38 49,59
37,60 50,32
38,37 50,59
39,37 50,59
40,37 51,32
41,37 51,59
43,56 52,32
42,56 52,32
41,56 52,59
44,56 53,32
45,34 53,59
46,61 53,59
47,33 54,32
48,33 54,59
49,33 55,32
50,33 55,32
51,33 55,59
52,33 56,32
53,33 56,59
53,56 56,59
52,56 57,32
51,56 57,59
55,32 58,32
56,59 58,59
55,33 31,33
54,33 31,33
56,33 58,33
47,34 31,34
46,34 58,34
56,34 58,34
45,35 31,35
44,35 58,35
56,35 31,36
44,36 31,36
43,36 58,36
56,36 31,37
43,37 58,37
42,37 31,38
57,37 31,38
56,37 58,38
32,38 31,39
33,38 58,39
38,38 58,39
37,38 31,40
58,38 58,40
57,38 31,41
32,39 58,41
58,39 58,41
32,40 31,42
59,40 58,42
58,40 31,43
32,41 31,43
59,41 58,43
32,42 31,44
60,42 58,44
59,42 31,45
32,43 31,45
31,43 58,45
60,43 31,46
31,44 58,46
60,44 58,46
31,45 31,47
31,46 58,47
30,46 31,48
30,47 31,48
30,48 58,48
59,46 31,49
59,45 58,49
59,44 31,50
58,47 31,50
58,46 58,50
57,51 31,51
57,50 58,51
57,49 58,51
57,48 31,52
57,47 58,52
31,49 31,53
31,48 58,53
58,52 58,53
57,52 31,54
32,50 58,54
32,49 31,55
58,53 31,55
33,50 58,55
59,54 31,56
58,54 58,56
35,54 31,57
35,53 31,57
35,52 58,57
35,51 31,58
34,51 58,58
59,55 58,58
36,57 32,33
36,56 32,58
36,55 33,33
36,54 33,33
58,57 33,58
58,56 34,33
58,55 34,58
39,58 35,33
39,57 35,33
40,56 35,58
39,56 36,33
46,60 36,58
46,59 36,58
46,58 37,33
46,57 37,58
46,56 38,33
45,56 38,58
49,57 38,58
50,56 39,33
49,56 39,58
55,58 40,33
55,57 40,33
55,56 40,58
54,56 41,33
37,59 41,58
37,58 42,33
37,57 42,33
48,59 42,58
48,58 43,33
48,57 43,58
57,58 43,58
57,57 44,33
38,59 44,58
38,58 45,33
56,58 45,33
47,60 45,58
47,59 46,33
34,50 46,58
37,39 47,33
36,39 47,33
35,39 47,58
34,39 48,33
33,39 48,58
39,38 48,58
40,38 49,33
41,38 49,58
42,38 50,33
44,55 50,58
43,55 50,58
42,55 51,33
41,55 51,58
40,55 52,33
45,55 52,33
46,35 52,58
48,34 53,33
49,34 53,58
50,34 54,33
51,34 54,33
52,34 54,58
53,34 55,33
54,34 55,58
54,55 55,58
53,55 56,33
52,55 56,58
51,55 57,33
50,55 57,58
55,33 32,34
54,33 32,34
56,33 57,34
47,34 32,35
46,34 32,35
56,34 57,35
45,35 32,36
44,35 57,36
56,35 57,36
44,36 32,37
43,36 57,37
56,36 57,37
43,37 32,38
42,37 57,38
57,37 32,39
56,37 32,39
32,38 57,39
33,38 32,40
38,38 32,40
37,38 57,40
58,38 32,41
57,38 57,41
32,39 57,41
58,39 32,42
32,40 57,42
59,40 57,42
58,40 32,43
32,41 57,43
59,41 32,44
32,42 32,44
60,42 57,44
59,42 32,45
32,43 32,45
31,43 57,45
60,43 32,46
31,44 57,46
60,44 57,46
31,45 32,47
31,46 57,47
30,46 57,47
30,47 32,48
30,48 57,48
59,46 32,49
59,45 32,49
59,44 57,49
58,47 32,50
58,46 32,50
57,51 57,50
57,50 32,51
57,49 57,51
57,48 57,51
57,47 32,52
31,49 57,52
31,48 57,52
58,52 32,53
57,52 57,53
32,50 32,54
32,49 32,54
58,53 57,54
33,50 32,55
59,54 32,55
58,54 57,55
35,54 32,56
35,53 57,56
35,52 57,56
35,51 32,57
34,51 57,57
59,55 57,57
36,57 33,34
36,56 33,57
36,55 34,34
36,54 34,34
58,57 34,57
58,56 35,34
58,55 35,34
39,58 35,57
39,57 36,34
40,56 36,57
39,56 36,57
46,60 37,34
46,59 37,57
46,58 37,57
46,57 38,34
46,56 38,57
45,56 39,34
49,57 39,34
50,56 39,57
49,56 40,34
55,58 40,34
55,57 40,57
55,56 41,34
54,56 41,57
37,59 41,57
37,58 42,34
37,57 42,57
48,59 42,57
48,58 43,34
48,57 43,57
57,58 44,34
57,57 44,34
38,59 44,57
38,58 45,34
56,58 45,34
47,60 45,57
47,59 46,34
34,50 46,57
37,39 46,57
36,39 47,34
35,39 47,57
34,39 47,57
33,39 48,34
39,38 48,57
40,38 49,34
41,38 49,34
42,38 49,57
44,55 50,34
43,55 50,34
42,55 50,57
41,55 51,34
40,55 51,57
45,55 51,57
46,35 52,34
48,34 52,57
49,34 52,57
50,34 53,34
51,34 53,57
52,34 54,34
53,34 54,34
54,34 54,57
54,55 55,34
53,55 55,34
52,55 55,57
51,55 56,34
50,55 56,57
55,34 33,35
48,35 33,35
47,35 56,35
55,35 33,36
46,36 56,36
45,36 56,36
55,36 33,37
45,37 56,37
44,37 33,38
55,37 56,38
44,38 56,38
43,38 33,39
56,38 56,39
55,38 33,40
39,39 56,40
38,39 56,40
57,39 33,41
56,39 56,41
33,40 33,42
57,40 56,42
33,41 56,42
58,41 33,43
57,41 56,43
33,42 33,44
58,42 33,44
33,43 56,44
59,43 33,45
58,43 56,45
33,44 33,46
32,44 33,46
32,45 56,46
32,46 33,47
32,47 56,47
31,47 33,48
58,45 33,48
58,44 56,48
57,46 33,49
57,45 56,49
56,52 33,50
56,51 33,50
56,50 56,50
56,49 33,51
56,48 56,51
56,47 33,52
56,46 33,52
32,48 56,52
57,53 33,53
56,53 56,53
33,49 56,53
33,48 33,54
57,54 56,54
34,49 33,55
57,55 56,55
36,53 56,55
36,52 33,56
36,51 56,56
36,50 34,35
35,50 34,56
37,56 34,56
37,55 35,35
37,54 35,56
37,53 36,35
57,56 36,56
38,57 36,56
38,56 37,35
39,55 37,56
38,55 38,35
47,58 38,35
47,57 38,56
47,56 39,35
47,55 39,56
46,55 40,35
48,56 40,35
49,55 40,56
48,55 41,35
56,57 41,56
56,56 42,35
56,55 42,35
55,55 42,56
35,49 43,35
38,40 43,56
37,40 44,35
36,40 44,35
35,40 44,56
34,40 45,35
40,39 45,56
41,39 46,35
42,39 46,35
43,39 46,56
45,54 47,35
44,54 47,56
43,54 47,56
42,54 48,35
41,54 48,56
40,54 49,35
39,54 49,56
46,54 49,56
47,36 50,35
49,35 50,56
50,35 51,35
51,35 51,56
52,35 51,56
53,35 52,35
54,35 52,56
55,54 53,35
54,54 53,56
53,54 53,56
52,54 54,35
51,54 54,56
50,54 55,35
49,54 55,56
49,36 34,36
48,36 34,36
54,36 55,36
47,37 34,37
46,37 55,37
54,37 34,38
46,38 55,38
45,38 34,39
54,38 55,39
45,39 34,40
44,39 55,40
55,39 34,41
54,39 55,41
40,40 34,42
39,40 55,42
56,40 55,42
55,40 34,43
34,41 55,43
56,41 34,44
34,42 55,44
57,42 34,45
56,42 55,45
34,43 34,46
57,43 55,46
34,44 34,47
57,44 55,47
34,45 34,48
33,45 55,48
33,46 34,49
33,47 34,49
56,45 55,49
56,44 34,50
55,53 55,50
55,52 34,51
55,51 55,51
55,50 34,52
55,49 55,52
55,48 34,53
55,47 55,53
55,46 34,54
55,45 55,54
56,54 34,55
34,48 55,55
34,47 55,55
35,48 35,36
37,52 35,55
37,51 36,36
37,50 36,55
37,49 37,36
36,49 37,55
38,54 38,36
38,53 38,55
38,52 39,36
48,54 39,55
47,54 40,36
36,48 40,55
39,41 41,36
38,41 41,36
37,41 41,55
36,41 42,36
35,41 42,55
41,40 43,36
42,40 43,55
43,40 44,36
44,40 44,55
46,53 45,36
45,53 45,55
44,53 46,36
43,53 46,55
42,53 47,36
41,53 47,55
40,53 47,55
39,53 48,36
47,53 48,55
48,37 49,36
50,36 49,55
51,36 50,36
52,36 50,55
53,36 51,36
54,53 51,55
53,53 52,36
52,53 52,55
51,53 53,36
50,53 53,55
49,53 54,36
48,53 54,55
49,36 35,37
48,36 35,37
54,36 54,37
47,37 35,38
46,37 54,38
54,37 35,39
46,38 54,39
45,38 54,39
54,38 35,40
45,39 54,40
44,39 35,41
55,39 54,41
54,39 35,42
40,40 35,42
39,40 54,42
56,40 35,43
55,40 54,43
34,41 35,44
56,41 54,44
34,42 54,44
57,42 35,45
56,42 54,45
34,43 35,46
57,43 54,46
34,44 35,47
57,44 35,47
34,45 54,47
33,45 35,48
33,46 54,48
33,47 35,49
56,45 54,49
56,44 54,49
55,53 35,50
55,52 54,50
55,51 35,51
55,50 54,51
55,49 35,52
55,48 35,52
55,47 54,52
55,46 35,53
55,45 54,53
56,54 35,54
34,48 54,54
34,47 54,54
35,48 36,37
37,52 36,54
37,51 37,37
37,50 37,54
37,49 38,37
36,49 38,37
38,54 38,54
38,53 39,37
38,52 39,54
48,54 40,37
47,54 40,54
36,48 40,54
39,41 41,37
38,41 41,54
37,41 42,37
36,41 42,54
35,41 43,37
41,40 43,37
42,40 43,54
43,40 44,37
44,40 44,54
46,53 45,37
45,53 45,54
44,53 45,54
43,53 46,37
42,53 46,54
41,53 47,37
40,53 47,54
39,53 48,37
47,53 48,37
48,37 48,54
50,36 49,37
51,36 49,54
52,36 50,37
53,36 50,54
54,53 50,54
53,53 51,37
52,53 51,54
51,53 52,37
50,53 52,54
49,53 53,37
48,53 53,54
50,37 36,38
49,37 36,38
53,37 53,38
48,38 36,39
47,38 53,39
53,38 36,40
47,39 53,40
46,39 36,41
53,39 53,41
46,40 53,41
45,40 36,42
54,40 53,42
53,40 36,43
41,41 53,43
40,41 36,44
55,41 53,44
54,41 36,45
35,42 53,45
55,42 53,45
35,43 36,46
56,43 53,46
55,43 36,47
35,44 53,47
35,45 36,48
35,46 53,48
34,46 36,49
55,44 53,49
54,52 53,49
54,51 36,50
54,50 53,50
54,49 36,51
54,48 53,51
54,47 36,52
54,46 53,52
54,45 36,53
54,44 53,53
35,47 53,53
36,47 37,38
38,51 37,53
38,50 38,38
38,49 38,53
38,48 39,38
37,48 39,53
39,52 40,38
39,51 40,53
37,47 40,53
40,42 41,38
39,42 41,53
38,42 42,38
37,42 42,53
36,42 43,38
42,41 43,53
43,41 44,38
44,41 44,53
45,41 44,53
47,52 45,38
46,52 45,53
45,52 46,38
44,52 46,53
43,52 47,38
42,52 47,53
41,52 48,38
40,52 48,53
48,52 48,53
49,38 49,38
51,37 49,53
52,37 50,38
53,52 50,53
52,52 51,38
51,52 51,53
50,52 52,38
49,52 52,53
51,38 37,39
50,38 37,39
52,38 52,39
49,39 37,40
48,39 52,40
52,39 37,41
48,40 52,41
47,40 37,42
52,40 52,42
47,41 37,43
46,41 52,43
53,41 52,43
52,41 37,44
42,42 52,44
41,42 37,45
54,42 52,45
53,42 37,46
36,43 52,46
54,43 37,47
36,44 52,47
36,45 37,48
36,46 37,48
53,51 52,48
53,50 37,49
53,49 52,49
53,48 37,50
53,47 52,50
53,46 37,51
53,45 52,51
53,44 37,52
53,43 52,52
37,46 52,52
39,50 38,39
39,49 38,52
39,48 39,39
39,47 39,52
38,47 40,39
40,51 40,52
40,50 41,39
38,46 41,52
41,43 42,39
40,43 42,39
39,43 42,52
38,43 43,39
37,43 43,52
43,42 44,39
44,42 44,52
45,42 45,39
46,42 45,52
48,51 46,39
47,51 46,52
46,51 46,52
45,51 47,39
44,51 47,52
43,51 48,39
42,51 48,52
41,51 49,39
49,51 49,52
50,39 50,39
52,51 50,52
51,51 51,39
50,51 51,52
51,38 38,40
50,38 38,40
52,38 51,40
49,39 38,41
48,39 51,41
52,39 51,41
48,40 38,42
47,40 51,42
52,40 38,43
47,41 38,43
46,41 51,43
53,41 38,44
52,41 51,44
42,42 38,45
41,42 38,45
54,42 51,45
53,42 38,46
36,43 51,46
54,43 51,46
36,44 38,47
36,45 51,47
36,46 38,48
53,51 38,48
53,50 51,48
53,49 38,49
53,48 51,49
53,47 38,50
53,46 38,50
53,45 51,50
53,44 38,51
53,43 51,51
37,46 51,51
39,50 39,40
39,49 39,51
39,48 40,40
39,47 40,40
38,47 40,51
40,51 41,40
40,50 41,51
38,46 42,40
41,43 42,40
40,43 42,51
39,43 43,40
38,43 43,51
37,43 43,51
43,42 44,40
44,42 44,51
45,42 45,40
46,42 45,40
48,51 45,51
47,51 46,40
46,51 46,51
45,51 47,40
44,51 47,40
43,51 47,51
42,51 48,40
41,51 48,51
49,51 48,51
50,39 49,40
52,51 49,51
51,51 50,40
50,51 50,51
51,39 39,41
50,40 39,41
49,40 50,41
51,40 39,42
49,41 50,42
48,41 50,42
51,41 39,43
48,42 50,43
47,42 39,44
52,42 50,44
51,42 50,44
43,43 39,45
42,43 50,45
52,43 39,46
37,44 39,46
37,45 50,46
52,50 39,47
52,49 50,47
52,48 39,48
52,47 39,48
52,46 50,48
52,45 39,49
52,44 50,49
38,45 50,49
40,49 39,50
40,48 50,50
40,47 40,41
40,46 40,50
39,46 40,50
41,50 41,41
41,49 41,50
39,45 42,41
42,44 42,41
41,44 42,50
40,44 43,41
39,44 43,50
38,44 44,41
44,43 44,41
45,43 44,50
46,43 45,41
47,43 45,50
49,50 45,50
48,50 46,41
47,50 46,50
46,50 47,41
45,50 47,50
44,50 47,50
43,50 48,41
42,50 48,50
50,50 49,41
51,50 49,50
50,41 40,42
50,42 40,42
49,42 49,42
49,43 40,43
48,43 49,43
51,43 40,44
50,43 49,44
44,44 40,45
43,44 49,45
51,44 49,45
51,49 40,46
51,48 49,46
51,47 40,47
51,46 49,47
51,45 40,48
41,48 49,48
41,47 40,49
41,46 49,49
41,45 49,49
40,45 41,42
42,49 41,49
42,48 42,42
43,45 42,49
42,45 43,42
45,44 43,49
46,44 44,42
47,44 44,49
48,44 44,49
50,49 45,42
49,49 45,49
48,49 46,42
47,49 46,49
46,49 47,42
45,49 47,49
44,49 48,42
43,49 48,49
50,41 41,43
50,42 41,43
49,42 48,43
49,43 48,43
48,43 41,44
51,43 48,44
50,43 48,44
44,44 41,45
43,44 48,45
51,44 48,45
51,49 41,46
51,48 48,46
51,47 48,46
51,46 41,47
51,45 48,47
41,48 48,47
41,47 41,48
41,46 48,48
41,45 48,48
40,45 42,43
42,49 42,48
42,48 42,48
43,45 43,43
42,45 43,48
45,44 43,48
46,44 44,43
47,44 44,48
48,44 44,48
50,49 45,43
49,49 45,48
48,49 45,48
47,49 46,43
46,49 46,48
45,49 46,48
44,49 47,43
43,49 47,48
50,44 42,44
49,44 42,44
45,45 47,44
44,45 47,44
50,45 42,45
50,48 47,45
50,47 47,45
50,46 42,46
42,47 47,46
42,46 47,46
43,48 42,47
43,47 47,47
44,46 47,47
43,46 43,44
46,45 43,47
47,45 43,47
48,45 44,44
49,45 44,47
49,48 44,47
48,48 45,44
47,48 45,47
46,48 45,47
45,48 46,44
44,48 46,47
46,46 43,45
45,46 43,45
49,46 46,45
49,47 43,46
44,47 43,46
45,47 46,46
47,46 44,45
48,46 44,45
48,47 44,46
47,47 45,45
46,47 45,46
