65,51 70,55
65,51 70,54
64,51 70,53
66,50 69,53
66,50 70,56
65,50 70,57
66,49 71,56
66,48 71,55
66,48 72,54
66,47 71,54
65,47 72,53
65,46 72,52
65,46 72,51
64,46 73,50
64,45 72,50
64,44 75,49
64,44 74,49
63,44 73,49
63,43 76,48
62,43 75,48
62,43 76,47
62,42 76,46
62,44 75,46
62,45 75,47
62,45 74,47
62,46 73,47
61,46 72,47
61,47 72,46
61,47 71,46
61,48 71,45
61,49 70,45
61,50 70,44
61,50 71,43
62,51 70,43
62,50 72,42
63,51 71,42
65,51 71,53
64,51 71,53
66,50 71,52
65,50 70,52
66,49 69,52
66,48 68,52
66,47 68,52
65,47 71,51
65,46 71,50
64,46 72,49
64,45 71,49
64,44 71,49
63,44 74,48
63,43 73,48
62,43 72,48
62,42 71,48
62,44 71,48
62,45 71,47
62,46 70,47
61,46 70,46
61,47 69,46
61,48 69,46
61,49 69,45
61,50 69,44
62,51 69,43
62,50 70,42
63,51 69,42
65,51 70,51
64,51 70,51
66,50 69,51
65,50 69,51
66,49 68,51
66,48 68,51
66,47 67,53
65,47 67,53
65,46 67,52
64,46 67,52
64,45 67,51
64,44 67,51
63,44 70,50
63,43 70,49
62,43 70,49
62,42 70,48
62,44 70,48
62,45 69,48
62,46 69,48
61,46 69,47
61,47 69,47
61,48 68,47
61,49 68,47
61,50 68,46
62,51 68,46
62,50 68,45
63,51 68,44
64,50 69,50
64,50 68,50
63,50 67,50
65,49 66,54
64,49 66,53
65,48 66,52
64,48 66,51
64,47 66,50
63,47 69,49
63,46 68,49
63,45 68,48
62,47 67,48
62,48 67,47
62,49 67,46
63,49 67,45
64,50 67,49
63,50 66,49
65,49 65,55
64,49 65,54
65,48 65,53
64,48 65,52
64,47 65,51
63,47 65,50
63,46 65,49
63,45 66,48
62,47 66,47
62,48 66,46
62,49 66,45
63,49 66,44
64,50 65,48
63,50 65,56
65,49 64,56
64,49 64,55
65,48 64,54
64,48 64,53
64,47 64,52
63,47 64,51
63,46 64,50
63,45 64,49
62,47 65,47
62,48 65,46
62,49 65,45
63,49 65,44
63,48 63,54
63,48 63,53
63,48 63,52
63,48 64,46
63,48 64,45
55,64 54,68
55,64 53,68
56,64 55,68
58,63 56,68
57,63 58,67
56,63 57,67
56,63 56,67
60,62 60,66
59,62 59,66
58,62 58,66
61,61 61,65
60,61 60,65
60,61 62,64
62,60 61,64
61,60 63,63
63,59 62,63
62,59 64,62
62,59 63,62
63,58 65,61
64,57 64,61
63,57 65,60
64,56 66,59
64,55 65,59
64,55 67,58
64,54 66,58
63,56 67,57
62,57 64,60
62,58 63,61
62,58 62,61
61,58 62,62
60,58 61,62
60,59 60,62
59,59 60,63
58,59 59,63
58,59 58,63
57,59 57,63
57,60 57,64
56,60 56,64
55,60 55,64
54,60 54,64
55,64 55,67
56,64 55,67
58,63 55,67
57,63 54,67
56,63 54,67
60,62 53,67
59,62 53,67
58,62 57,66
61,61 57,66
60,61 56,66
62,60 56,66
61,60 55,66
63,59 55,66
62,59 59,65
63,58 59,65
64,57 58,65
63,57 58,65
64,56 58,65
64,55 57,65
64,54 57,65
63,56 60,64
62,57 60,64
62,58 59,64
61,58 59,64
60,58 61,63
60,59 61,63
59,59 58,64
58,59 58,64
57,59 56,65
57,60 56,65
56,60 55,65
55,60 55,65
54,60 54,65
55,63 54,66
57,62 54,66
56,62 54,66
55,62 54,66
59,61 54,66
58,61 54,66
57,61 54,66
60,60 54,66
59,60 54,66
61,59 54,66
58,60 54,66
56,61 54,66
55,61 53,66
42,65 37,68
42,65 36,68
41,65 36,67
41,65 37,66
40,67 36,66
40,67 38,69
40,66 37,69
40,65 38,70
40,65 37,70
39,68 36,70
39,68 35,71
39,67 35,70
38,68 34,71
38,68 33,72
37,68 33,71
37,68 32,72
36,68 31,72
35,68 30,72
35,68 28,71
36,67 31,71
36,67 31,70
37,67 30,70
37,67 31,69
37,66 32,69
37,65 32,67
37,65 33,69
37,64 33,68
37,64 33,67
36,64 32,66
36,63 31,66
36,63 31,65
35,63 30,65
35,63 30,64
35,62 30,63
35,61 31,63
35,61 31,62
36,61 32,62
36,61 32,61
36,60 33,61
36,59 33,60
40,64 36,69
40,64 35,69
39,66 35,68
39,66 35,67
39,65 35,66
39,65 36,65
39,64 35,65
39,64 34,70
38,67 34,69
38,66 33,70
38,66 32,71
38,65 32,70
38,65 33,66
38,64 34,68
38,64 34,67
38,63 34,66
37,63 33,65
37,63 32,65
37,62 32,64
37,62 31,64
36,62 32,63
36,62 33,63
37,61 33,62
37,61 34,62
39,63 34,65
39,63 35,64
39,63 34,64
39,63 33,64
38,62 34,63
37,68 31,71
37,68 30,72
37,68 32,72
37,68 31,72
38,51 35,48
38,51 34,48
38,51 33,49
37,51 33,48
37,51 32,50
37,50 32,49
37,50 31,52
37,50 31,51
36,50 31,50
36,50 30,54
35,50 30,53
35,50 30,52
35,49 30,55
35,49 30,56
35,49 29,57
34,49 29,56
34,49 27,58
33,49 27,57
33,49 28,56
33,49 27,56
33,48 26,60
33,48 26,59
32,48 26,58
32,48 25,59
31,48 25,58
31,48 25,57
31,48 24,57
32,47 24,56
32,47 24,55
32,46 25,55
32,46 25,54
34,47 25,53
34,47 26,53
34,47 26,52
33,47 27,52
33,47 27,51
35,47 28,51
35,47 28,50
35,47 29,50
36,47 29,49
36,47 30,49
38,48 31,49
38,48 31,48
37,48 32,48
37,48 33,47
37,48 34,47
36,48 35,47
36,48 35,46
39,49 36,46
39,49 36,45
38,49 37,45
38,51 36,47
37,51 36,47
37,50 30,51
36,50 30,50
35,50 29,55
35,49 29,54
34,49 29,53
33,49 29,52
33,48 29,52
32,48 29,51
31,48 28,55
32,47 26,57
32,46 26,56
34,47 27,55
33,47 26,55
35,47 26,55
36,47 25,56
38,48 26,54
37,48 27,54
36,48 27,53
39,49 28,53
38,49 28,52
38,50 28,54
37,49 28,54
36,49 28,54
35,48 28,54
34,48 28,54
31,48 29,54
31,48 31,54
31,48 28,55
31,48 31,55
31,48 28,56
31,48 31,56
31,48 28,57
31,48 30,57
31,48 28,58
31,48 29,58
31,48 30,54
31,48 30,55
31,48 29,55
31,48 29,56
31,48 30,56
31,48 29,57
32,47 26,57
32,47 25,58
32,47 27,58
32,47 24,59
32,47 27,59
32,47 25,60
32,47 27,60
32,47 26,61
32,47 26,58
32,47 26,59
32,47 25,59
32,47 26,60
32,46 25,57
32,46 26,56
32,46 25,56
32,46 24,58
32,46 24,57
32,46 24,56
32,46 26,55
32,46 25,55
32,46 24,55
32,46 23,57
32,46 23,56
32,46 23,55
32,46 25,54
32,46 24,54
32,46 24,53
40,50 41,43
40,50 40,43
40,49 41,42
40,51 40,44
40,52 39,44
39,52 39,45
39,53 39,46
39,54 38,46
39,55 38,47
39,56 38,48
38,56 37,48
38,57 37,49
38,58 37,50
38,59 37,51
39,61 36,51
39,60 36,52
39,59 36,53
40,62 36,54
40,61 35,54
40,61 35,55
41,63 35,56
41,62 35,57
42,63 35,58
43,64 35,59
43,63 35,60
44,64 35,61
45,64 36,63
45,63 36,62
45,62 36,61
45,61 37,64
45,60 37,63
46,59 38,65
45,59 38,64
46,58 39,65
47,57 40,66
46,57 40,65
49,56 41,66
49,56 42,66
48,56 42,65
47,56 42,64
50,56 43,63
50,55 42,63
49,55 43,62
49,54 44,61
49,53 43,61
48,53 45,60
48,52 44,60
48,51 46,59
47,51 45,59
47,50 48,58
47,49 47,58
47,48 46,58
47,47 49,58
46,47 49,57
46,46 50,56
46,45 49,56
40,50 42,44
40,49 42,44
40,51 41,44
40,52 42,43
39,52 42,42
39,53 41,45
39,54 40,45
39,55 40,46
39,56 40,47
38,56 39,47
38,57 39,48
38,58 39,49
38,59 38,49
39,61 38,50
39,60 38,51
39,59 38,52
40,62 37,52
40,61 37,53
41,63 37,54
41,62 37,55
42,63 36,55
43,64 36,56
43,63 36,57
44,64 36,58
45,64 36,59
45,63 36,60
45,62 37,62
45,61 37,61
45,60 37,60
46,59 38,63
45,59 38,62
46,58 39,64
47,57 39,63
46,57 40,64
49,56 41,65
48,56 41,64
47,56 41,63
50,56 42,62
50,55 41,62
49,55 42,61
49,54 43,60
49,53 42,60
48,53 44,59
48,52 43,59
48,51 45,58
47,51 44,58
47,50 48,57
47,49 47,57
47,48 46,57
47,47 45,57
46,47 48,56
46,46 49,55
46,45 48,55
41,51 43,45
41,51 42,45
41,50 43,44
41,49 43,43
41,52 43,42
41,53 42,46
40,53 41,46
40,54 41,47
40,55 41,48
40,56 40,48
40,57 40,49
39,57 40,50
39,58 39,50
40,60 39,51
40,59 39,52
40,58 39,53
41,61 38,53
41,60 38,54
42,62 38,55
42,61 38,56
43,62 37,56
44,63 37,57
44,62 37,58
44,61 37,59
44,61 38,61
44,60 38,60
44,59 38,59
45,58 39,62
44,58 39,61
45,57 40,63
46,56 40,62
45,56 41,61
48,55 40,61
47,55 41,60
46,55 42,59
48,54 41,59
47,54 43,58
47,53 42,58
47,52 44,57
46,52 43,57
46,51 47,56
46,50 46,56
46,49 45,56
46,48 44,56
45,48 47,55
45,47 48,54
45,46 47,54
41,51 44,46
41,50 44,46
41,49 43,46
41,52 44,45
41,53 44,44
40,53 44,43
40,54 44,42
40,55 43,47
40,56 42,47
40,57 42,48
39,57 42,49
39,58 41,49
40,60 41,50
40,59 41,51
40,58 40,51
41,61 40,51
41,60 40,52
42,62 40,53
42,61 40,54
43,62 39,54
44,63 39,55
44,62 39,56
44,61 39,57
44,60 38,57
44,59 38,58
45,58 39,60
44,58 39,59
45,57 39,58
46,56 40,60
45,56 40,59
48,55 40,59
47,55 41,58
46,55 40,58
48,54 42,57
47,54 41,57
47,53 43,56
47,52 42,56
46,52 46,55
46,51 45,55
46,50 44,55
46,49 43,55
46,48 46,54
45,48 48,53
45,47 47,53
45,46 46,53
42,52 45,47
42,51 45,47
42,50 44,47
42,49 45,46
42,48 45,45
42,53 45,44
42,54 45,43
41,54 45,42
41,55 44,48
41,56 44,48
41,57 43,48
41,58 43,49
41,59 43,50
42,60 42,50
42,59 42,51
43,61 42,52
43,60 41,52
43,59 41,53
43,58 41,53
44,57 41,54
43,57 41,55
44,56 40,55
45,55 40,56
44,55 40,57
46,54 41,56
45,54 42,55
46,53 42,55
45,53 45,54
45,52 44,54
45,51 43,54
45,50 42,54
45,49 45,53
44,49 47,52
44,48 46,52
44,47 45,52
42,52 46,48
42,51 46,48
42,50 46,48
42,49 45,48
42,48 45,48
42,53 45,49
42,54 45,49
41,54 45,49
41,55 44,49
41,56 44,49
41,57 44,50
41,58 44,50
41,59 44,50
42,60 44,51
42,59 44,51
43,61 43,51
43,60 43,51
43,59 43,52
43,58 43,52
44,57 43,52
43,57 43,53
44,56 43,53
45,55 42,53
44,55 42,53
46,54 42,53
45,54 44,53
46,53 44,53
45,53 44,52
45,52 44,52
45,51 44,52
45,50 47,51
45,49 47,51
44,49 46,51
44,48 46,51
44,47 45,51
43,53 46,49
43,52 46,49
43,51 46,49
43,50 46,49
43,49 46,49
43,48 46,49
43,54 46,49
43,55 46,49
42,55 46,49
42,56 46,50
42,57 46,50
42,58 46,50
43,56 46,50
44,54 46,50
44,53 46,50
44,52 46,50
44,51 46,50
44,50 45,50
46,44 44,39
46,44 45,39
47,44 40,40
45,45 45,40
46,45 40,41
44,46 45,41
45,46 40,42
45,46 44,42
42,47 41,40
44,47 41,42
40,48 42,40
42,48 42,42
41,48 43,40
43,47 43,42
46,44 44,40
47,44 44,40
45,45 44,40
46,45 41,41
44,46 41,41
45,46 41,41
42,47 44,41
44,47 44,41
40,48 44,41
42,48 43,41
41,48 43,41
43,47 42,41
54,69 50,73
54,69 51,73
54,69 50,74
54,69 52,74
54,69 50,75
54,69 52,75
54,69 51,76
54,69 51,74
54,69 51,75
52,69 47,73
52,69 47,74
52,69 48,74
52,69 46,75
52,69 49,75
52,69 46,76
52,69 48,76
52,69 47,77
52,69 48,75
52,69 47,75
52,69 47,76
48,59 47,61
48,59 46,61
48,58 47,60
48,58 46,62
48,60 45,62
47,60 45,63
47,60 45,64
47,61 44,64
47,62 44,65
47,62 44,66
47,63 44,67
47,64 44,68
47,64 45,69
48,65 45,68
48,65 46,71
48,64 46,70
49,67 46,69
49,67 46,72
49,66 45,72
49,65 45,73
49,65 44,73
49,68 44,74
50,69 44,75
50,69 46,74
50,68 45,74
51,69 47,76
51,69 47,75
52,69 47,74
52,69 48,75
53,69 50,74
54,69 49,74
54,69 48,74
53,68 51,75
52,68 51,74
52,68 52,73
52,67 51,73
52,66 52,72
52,66 52,71
52,65 52,70
53,64 51,70
53,64 51,69
52,64 51,68
52,64 51,67
53,63 51,66
53,62 52,65
53,62 51,65
53,61 52,64
52,61 52,63
52,61 51,63
52,60 51,62
52,59 50,62
52,59 50,61
51,59 49,61
51,58 49,60
48,59 48,62
48,59 47,62
48,58 48,61
48,60 48,60
47,60 47,63
47,61 46,63
47,62 46,64
47,63 46,65
47,64 45,65
48,65 45,66
48,64 45,67
49,67 46,68
49,66 46,67
49,66 47,72
49,65 47,71
49,68 47,70
50,69 47,69
50,68 47,68
51,69 47,73
52,69 46,73
53,69 48,73
54,69 50,73
53,68 49,73
52,68 51,72
52,67 50,72
52,67 51,71
52,66 50,71
52,65 50,70
53,64 50,69
52,64 50,68
53,63 50,67
53,62 50,66
53,61 50,65
52,61 51,64
52,60 50,64
52,59 50,63
51,59 49,63
51,58 49,62
49,60 48,63
49,59 48,63
49,58 48,64
49,61 47,64
48,61 47,65
48,62 47,66
48,63 47,66
49,64 46,66
49,63 47,67
50,67 48,72
50,66 48,71
50,65 48,71
50,64 48,70
51,68 48,69
51,67 48,68
51,66 48,67
51,65 48,67
51,64 49,72
52,63 49,71
51,63 49,70
52,62 49,69
51,62 49,69
51,61 49,68
51,60 49,67
50,60 49,66
50,59 49,65
50,58 49,64
50,61 48,65
50,62 48,65
49,62 48,65
50,63 48,66
50,55 53,61
50,56 53,62
49,49 46,46
49,49 45,46
49,49 44,46
49,49 47,47
48,49 47,46
48,49 48,48
48,49 48,47
47,49 49,48
47,49 50,49
47,49 50,48
50,49 51,50
50,49 51,49
50,49 52,52
52,48 52,51
52,48 52,50
52,48 52,53
51,48 52,54
51,48 51,54
51,48 51,55
50,48 52,57
50,48 51,57
50,48 52,56
53,47 52,55
53,47 51,58
53,47 51,59
52,47 52,60
52,47 52,59
52,47 54,60
55,46 54,59
55,46 53,59
55,46 55,62
54,46 55,61
54,46 55,60
54,46 56,61
53,46 56,60
53,46 57,59
53,46 56,59
54,45 57,58
54,45 57,57
54,45 56,57
54,44 56,56
54,44 56,55
54,44 56,54
53,45 56,53
53,45 55,53
53,45 55,52
52,45 55,51
52,45 54,51
52,45 54,50
51,45 53,50
51,45 53,49
51,45 52,49
50,45 52,48
50,45 51,48
50,45 50,47
50,46 49,47
50,46 49,46
50,46 48,46
49,46 48,45
49,46 47,45
49,46 47,44
48,46 46,44
48,46 45,44
48,46 45,45
47,46 44,45
49,49 46,45
48,49 46,45
47,49 53,53
50,49 53,52
52,48 53,51
51,48 53,54
50,48 53,55
53,47 53,58
52,47 52,58
55,46 53,57
54,46 53,56
53,46 55,59
54,45 55,58
54,44 54,58
53,45 56,58
52,45 55,57
51,45 55,56
50,45 55,55
50,46 55,54
49,46 54,54
48,46 54,53
47,46 54,52
49,48 54,55
48,48 54,55
47,48 54,55
51,47 54,55
50,47 54,55
49,47 54,56
52,46 54,56
51,46 54,56
48,47 54,56
47,47 54,57
55,46 51,56
55,46 50,57
55,46 52,57
55,46 50,58
55,46 53,58
55,46 50,59
55,46 53,59
55,46 51,60
55,46 53,60
55,46 52,61
55,46 51,57
55,46 51,58
55,46 52,58
55,46 51,59
55,46 52,59
55,46 52,60
54,45 55,59
54,45 54,60
54,45 57,60
54,45 54,61
54,45 57,61
54,45 54,62
54,45 56,62
54,45 55,63
54,45 56,60
54,45 55,60
54,45 55,61
54,45 56,61
54,45 55,62
54,44 56,59
54,44 56,58
54,44 55,58
54,44 58,60
54,44 58,59
54,44 57,59
54,44 57,58
54,44 57,57
54,44 56,57
54,44 55,57
54,44 58,58
54,44 58,57
54,44 57,56
54,44 56,56
45,42 42,36
43,43 42,36
45,43 35,37
34,44 42,37
36,44 31,38
40,44 32,38
43,44 34,38
36,45 34,38
42,45 35,38
39,46 32,39
41,46 34,39
35,44 33,39
37,45 36,37
38,45 36,37
39,45 37,37
40,46 38,37
41,44 39,37
42,44 40,37
44,43 41,37
41,45 42,36
41,45 35,37
41,45 42,37
41,45 31,38
41,45 32,38
41,45 34,38
41,45 35,38
41,45 32,39
41,45 34,39
41,45 33,39
41,45 36,37
41,45 37,37
41,45 38,37
41,45 39,37
41,45 40,37
40,45 41,37
37,46 36,39
38,46 36,39
39,47 35,39
40,47 35,39
41,47 37,39
43,46 38,39
42,46 38,39
45,46 39,39
45,45 39,39
44,45 40,40
43,45 40,39
37,46 37,38
38,46 37,38
39,47 36,38
40,47 36,38
41,47 38,38
43,46 39,38
42,46 39,38
45,46 40,38
45,45 40,38
44,45 41,39
43,45 41,38
44,44 42,39
46,45 45,39
46,44 45,38
46,43 45,37
47,42 46,36
46,42 45,36
45,45 44,39
45,45 44,38
45,44 44,37
45,43 44,36
44,45 43,39
44,45 43,38
44,45 43,37
44,44 43,36
43,46 42,38
43,45 42,37
45,39 41,32
45,38 41,32
45,37 41,31
44,37 40,31
45,36 42,32
45,36 42,31
44,36 41,30
43,37 39,32
43,38 39,32
43,39 39,32
44,40 39,32
45,40 39,32
43,29 47,22
43,29 48,22
43,30 45,23
43,30 49,23
45,30 43,24
45,30 49,24
45,31 42,25
45,31 48,25
46,31 43,26
46,31 47,26
46,32 44,27
46,32 47,27
46,33 45,28
46,33 46,28
47,33 46,29
47,33 44,24
44,30 46,23
43,29 48,23
43,29 47,23
43,30 46,24
43,30 45,24
45,30 48,24
45,30 44,25
45,31 43,25
45,31 47,25
46,31 47,24
46,31 44,26
46,32 46,27
46,32 46,26
46,33 46,25
46,33 45,27
47,33 45,26
44,30 45,25
46,42 43,36
44,42 41,36
46,41 43,35
45,41 42,35
44,41 41,35
43,42 40,36
42,43 39,36
42,42 38,36
41,43 37,36
40,43 36,36
39,44 35,37
39,43 35,36
38,44 34,38
37,44 34,37
36,44 33,38
36,43 32,38
35,43 32,37
35,42 31,37
34,42 31,36
34,41 31,35
35,41 32,35
35,40 32,34
35,39 33,34
35,38 33,33
36,38 34,33
36,37 34,32
36,36 34,31
36,35 33,31
35,35 33,30
35,34 33,29
36,34 34,29
36,33 34,28
36,32 35,28
37,32 35,27
37,31 36,27
38,31 37,27
39,31 37,26
39,30 38,26
40,30 39,26
41,30 40,26
42,30 41,26
43,30 42,26
45,31 43,26
44,31 44,27
43,31 43,27
45,32 45,28
46,33 44,28
45,33 45,29
46,34 46,30
47,35 45,30
46,35 46,31
47,36 47,32
47,37 46,32
47,38 47,33
47,39 47,34
47,40 46,36
47,41 46,35
47,42 46,34
43,41 44,36
43,41 44,35
46,40 40,35
45,40 44,34
44,40 43,34
43,40 42,34
42,41 41,34
41,42 40,34
41,41 39,35
40,42 38,35
40,42 37,35
39,42 36,35
38,43 35,35
38,42 34,36
37,43 34,35
37,42 33,37
36,42 33,36
36,41 32,36
36,40 33,35
36,39 34,34
36,39 35,34
37,39 35,33
37,38 35,32
37,37 35,31
37,36 35,30
37,35 34,30
37,34 35,29
37,33 36,29
38,33 36,28
38,33 37,28
38,32 38,28
39,32 38,27
40,32 39,27
40,31 40,27
41,31 41,27
42,31 42,27
44,32 43,28
43,32 42,28
42,32 44,29
42,32 43,29
44,33 44,30
45,34 45,31
44,34 44,31
45,35 45,32
46,36 46,33
45,36 45,33
46,37 45,36
46,38 45,35
46,39 45,34
42,40 39,34
45,39 39,34
44,39 44,33
43,39 43,33
42,39 42,33
41,40 41,33
40,41 40,33
40,40 40,33
39,41 39,33
38,41 38,34
37,41 37,34
37,40 36,34
38,40 36,33
38,39 36,33
38,38 36,32
38,37 36,31
38,36 36,30
38,35 37,30
38,34 37,29
39,34 38,29
39,33 38,29
40,33 39,29
41,33 39,28
41,32 40,28
43,33 41,28
42,33 42,29
43,34 42,29
44,35 41,29
43,35 43,30
44,36 42,30
45,37 43,31
44,37 44,32
45,38 43,32
41,39 38,33
44,38 38,33
43,38 42,32
42,38 41,32
41,38 40,32
40,39 39,32
39,40 38,32
39,39 38,32
39,38 37,33
39,37 37,32
39,36 37,31
39,35 38,31
40,35 38,30
40,34 38,30
41,34 39,30
42,34 40,30
42,35 40,29
43,36 41,30
42,36 42,31
43,37 41,31
40,38 40,31
42,37 40,31
41,37 40,31
40,37 40,31
40,36 40,31
41,36 40,31
41,35 39,31
65,53 69,54
65,53 69,55
65,52 69,56
66,52 69,57
66,51 69,58
67,51 68,59
67,50 69,59
67,50 70,58
67,49 71,57
67,48 72,56
67,47 72,55
66,46 73,54
65,45 73,53
65,45 73,52
65,44 73,51
64,43 74,50
63,42 75,50
63,41 76,49
63,40 77,48
63,40 77,47
62,39 77,46
62,40 77,45
62,41 76,45
61,42 75,45
61,43 74,46
61,43 73,46
61,44 72,45
61,45 71,44
60,46 72,43
60,47 73,43
60,48 74,43
60,48 75,42
60,49 76,42
60,50 76,41
61,51 75,41
62,52 74,42
63,52 73,42
54,65 53,69
54,65 54,69
55,65 55,69
56,65 56,69
57,64 57,68
58,64 58,68
58,64 59,67
59,63 60,67
60,63 61,66
61,62 62,65
62,61 63,64
63,60 64,63
63,60 65,62
64,59 66,61
64,58 66,60
65,57 67,59
65,56 68,58
65,55 68,57
65,55 68,56
65,54 68,55
64,53 68,54
64,52 67,55
63,53 67,56
63,54 66,57
63,54 65,58
63,55 64,59
62,56 63,60
61,57 62,60
60,57 61,61
59,58 60,61
59,58 59,62
58,58 58,62
57,58 57,62
56,59 56,63
55,59 55,63
54,59 54,63
42,66 37,67
42,66 38,68
41,66 39,69
41,66 39,70
41,67 38,71
41,67 37,71
40,68 36,71
39,69 35,72
39,69 34,72
38,69 33,73
38,69 32,73
37,69 31,73
37,69 30,73
36,69 29,73
35,69 29,72
35,69 30,71
34,68 29,71
34,68 28,72
35,67 27,72
35,67 27,71
36,66 28,70
36,65 29,70
36,65 30,69
35,64 31,68
35,64 32,68
34,63 31,67
34,63 30,66
34,62 29,65
34,61 29,64
34,61 29,63
35,60 30,62
35,60 31,61
35,59 32,60
36,58 33,59
38,52 35,49
38,52 34,49
37,52 33,50
37,52 32,51
36,51 32,52
36,51 31,53
35,51 31,54
35,51 31,55
34,50 31,56
34,50 30,57
33,50 29,58
33,50 28,57
32,49 28,58
32,49 27,59
31,49 27,60
31,49 26,61
30,48 25,60
30,48 24,59
31,47 24,58
31,47 23,57
31,46 23,56
31,46 23,55
31,45 24,54
31,45 24,53
32,45 25,52
32,45 26,51
33,46 27,50
33,46 28,49
34,46 29,48
34,46 30,48
35,46 31,47
35,46 32,47
36,46 33,46
36,46 34,46
37,47 35,45
37,47 36,44
38,47 37,44
39,48 38,44
39,49 40,42
39,50 40,42
39,51 39,43
38,52 38,44
38,53 38,45
38,54 37,46
38,55 37,47
37,56 36,48
37,57 36,49
37,58 36,50
37,59 35,51
38,60 35,52
38,61 35,53
39,62 34,54
40,63 34,55
41,64 34,56
42,64 34,57
43,65 34,58
44,65 34,59
45,65 34,60
46,65 34,61
46,64 35,62
46,63 35,63
46,62 36,64
46,61 37,65
46,60 38,66
47,59 39,66
47,58 40,67
48,57 41,67
49,57 42,67
50,57 43,67
51,57 43,66
51,56 43,65
51,55 43,64
50,54 44,63
50,53 44,62
49,52 45,61
49,51 46,60
48,50 47,59
48,49 48,59
48,48 49,59
48,47 50,59
47,46 50,58
47,45 50,57
47,58 46,60
47,58 45,61
47,59 44,62
46,60 44,63
46,60 43,64
46,61 43,65
46,62 43,66
46,62 43,67
46,63 43,68
46,64 44,69
46,64 45,70
47,65 45,71
48,66 44,72
48,66 43,73
48,67 43,74
48,68 43,75
48,68 44,76
49,69 45,75
50,70 46,75
50,70 46,76
51,70 47,77
52,70 48,76
53,70 49,76
53,70 49,75
54,70 50,75
55,69 51,76
55,69 52,75
54,68 52,74
53,67 53,73
53,67 53,72
53,66 53,71
53,65 53,70
53,65 52,69
54,64 52,68
54,63 52,67
54,63 52,66
54,62 53,65
54,61 53,64
54,61 53,63
53,60 52,62
53,59 51,61
52,58 50,60
48,50 45,47
48,50 46,47
48,50 47,48
49,50 48,49
49,50 49,49
50,50 50,50
50,50 51,51
50,50 51,52
51,49 51,53
51,49 50,54
52,49 50,55
52,49 51,56
53,48 50,57
53,48 50,58
53,48 50,59
54,47 51,60
54,47 52,61
55,47 53,60
55,47 54,61
56,46 54,62
56,46 55,63
56,46 56,62
55,45 57,61
55,45 57,60
55,44 58,60
55,44 58,59
55,44 58,58
55,43 58,57
55,43 57,56
54,43 57,55
54,43 57,54
53,44 57,53
53,44 56,52
53,44 56,51
52,44 55,50
52,44 54,49
51,44 53,48
51,44 52,47
50,44 51,47
50,44 50,46
50,44 49,45
49,45 48,44
49,45 47,43
48,45 46,43
48,45 45,43
47,45 44,44
36,46 35,40
37,47 35,40
38,47 36,40
39,48 36,40
40,48 37,40
41,48 37,40
42,47 38,40
43,47 38,40
44,46 39,40
47,44 46,38
47,43 46,37
38,42 33,36
38,42 33,35
42,36 36,30
42,36 36,31
42,36 37,32
42,36 38,31
42,35 39,30
42,35 40,30
42,35 41,29
42,35 42,29
43,34 42,30
44,39 39,33
44,39 40,33
44,38 40,32
34,40 33,32
34,39 33,32
34,38 33,32
34,37 33,32
34,36 33,32
45,42 42,36
44,43 42,36
43,43 41,37
42,44 40,37
41,44 39,37
40,44 38,37
39,45 37,37
38,45 36,37
37,45 35,38
36,45 34,39
35,44 33,39
34,44 32,39
34,43 32,39
33,42 31,38
33,41 30,37
33,40 30,36
34,40 30,35
34,39 31,34
34,38 32,33
35,37 33,32
35,36 32,31
34,35 32,30
34,34 32,29
35,33 33,28
35,32 33,28
36,31 34,27
37,30 35,26
38,30 36,26
39,29 37,25
40,29 38,25
41,29 39,25
42,29 40,25
43,29 41,25
44,30 42,25
45,30 43,25
46,31 43,25
46,32 44,26
47,33 45,27
47,34 46,28
48,35 46,29
48,36 47,30
48,37 47,31
48,38 48,32
48,39 48,33
48,40 48,34
48,41 47,35
48,42 47,36
60,47 64,41
61,45 68,38
63,42 76,34
65,45 77,40
66,47 78,46
67,49 80,43
