56,46 51,42
56,46 51,41
57,45 51,40
56,45 52,39
57,44 51,39
58,43 52,38
57,43 52,37
58,42 52,36
58,41 52,35
58,40 51,35
57,40 51,34
57,39 51,33
57,38 50,33
56,38 50,32
56,38 50,31
56,37 49,31
56,36 49,30
56,35 48,30
56,34 48,29
55,34 47,29
55,33 47,28
55,32 47,27
55,31 46,27
54,32 45,27
53,32 45,26
53,33 44,26
52,33 44,27
52,33 44,28
51,33 44,29
50,33 43,29
49,33 43,30
48,33 42,30
47,33 42,31
46,33 42,32
45,33 41,32
45,34 41,33
44,34 41,34
43,34 41,35
43,35 40,35
42,35 40,36
55,46 50,41
55,46 50,40
55,45 50,39
56,44 51,38
55,44 50,38
56,43 51,37
57,42 51,36
56,42 50,36
57,41 50,35
56,41 50,34
56,40 49,34
56,40 49,33
56,39 49,32
55,39 48,32
55,38 48,31
55,37 47,31
55,36 47,30
55,35 46,30
54,35 46,29
54,34 46,28
54,33 45,28
53,34 45,29
53,34 45,30
52,34 44,30
51,34 44,31
50,34 43,31
49,34 43,32
48,34 43,33
47,34 42,33
46,34 42,34
46,35 42,35
45,35 42,36
44,35 41,36
54,45 49,40
54,45 49,39
54,44 49,38
55,43 50,37
55,43 49,37
54,43 49,36
55,42 49,35
55,41 48,35
55,41 48,34
55,40 48,33
54,40 47,33
54,39 47,32
54,39 46,32
54,38 46,31
54,37 45,31
54,36 45,32
54,36 44,32
53,36 44,33
53,35 44,34
52,35 43,34
52,35 43,35
51,35 43,36
50,35 43,37
49,35 42,37
53,44 48,40
53,44 48,39
53,43 48,38
54,42 48,37
53,42 48,36
53,42 47,36
54,41 47,35
53,41 47,34
53,40 46,34
53,40 46,33
53,39 45,33
53,38 45,34
53,37 45,35
53,37 44,35
52,37 44,36
52,36 44,37
51,36 44,38
50,36 43,38
52,42 47,39
52,42 47,38
52,41 47,37
52,40 46,37
52,39 46,36
52,39 46,35
52,38 45,36
51,38 45,37
51,37 45,38
50,37 43,39
51,41 46,38
51,40 46,38
51,39 46,38
50,38 46,38
58,47 53,43
58,47 52,43
57,47 53,42
57,47 53,41
58,46 53,40
59,46 54,40
59,46 54,39
59,45 54,38
59,45 54,37
59,44 54,36
60,44 54,35
60,44 54,34
60,43 54,33
60,43 54,32
60,42 54,31
60,41 53,31
60,41 53,30
60,40 53,29
60,40 52,29
60,39 52,28
59,39 52,27
59,39 51,27
59,38 51,26
59,37 51,25
59,37 52,26
58,37 53,27
58,37 54,28
58,36 53,28
57,33 54,29
57,33 56,30
57,32 55,30
57,32 54,30
61,41 56,31
61,42 57,32
61,42 56,32
61,43 57,33
61,43 57,34
61,44 58,35
61,45 57,35
61,45 58,36
60,47 58,37
60,47 58,38
60,46 58,39
60,45 58,40
60,45 58,41
59,48 57,42
59,47 57,41
58,47 53,44
57,47 53,44
58,46 54,43
59,46 54,42
59,45 54,41
59,44 55,41
60,44 55,40
60,43 55,39
60,42 55,38
60,41 55,37
60,40 55,36
60,39 55,35
59,39 55,34
59,38 55,33
59,37 55,32
58,37 55,32
58,36 55,31
57,33 56,33
57,32 56,34
61,41 56,35
61,42 57,36
61,43 56,36
61,44 57,37
61,45 57,38
60,47 57,39
60,46 57,40
60,45 56,42
59,48 56,41
59,47 56,40
58,48 55,43
58,48 55,42
58,48 56,39
58,48 56,38
58,48 56,37
31,38 31,50
31,38 33,49
33,37 32,49
32,37 31,49
31,37 31,48
31,36 32,48
32,36 33,48
50,34 30,40
50,34 29,40
49,34 28,40
49,34 27,40
48,34 27,39
48,34 26,39
51,34 25,39
51,34 24,39
53,33 24,38
53,33 23,38
52,33 23,39
52,33 22,39
51,33 21,39
51,33 20,39
53,32 21,40
53,32 22,42
55,31 22,41
55,31 22,40
50,33 22,43
50,33 21,43
49,33 20,43
49,33 20,44
48,33 21,44
48,33 22,44
47,33 23,46
47,33 23,45
46,33 23,44
46,33 23,47
45,33 24,47
45,33 25,47
45,34 27,46
45,34 26,46
44,34 25,46
44,34 28,48
43,34 28,47
43,34 28,46
43,35 28,49
42,35 29,49
50,34 31,41
50,34 30,41
49,34 29,41
48,34 28,41
51,34 27,41
51,34 26,41
53,33 26,40
52,33 25,40
51,33 24,40
53,32 23,40
53,32 23,43
55,31 23,42
50,33 23,41
49,33 24,46
48,33 24,45
48,33 24,44
47,33 24,43
46,33 28,45
45,33 27,45
45,34 26,45
45,34 25,45
44,34 29,48
43,34 29,47
43,35 29,46
42,35 29,45
50,34 31,42
49,34 30,42
48,34 29,42
51,34 28,42
53,33 27,42
52,33 26,42
51,33 25,42
53,32 25,41
55,31 24,41
50,33 24,42
49,33 25,44
48,33 25,43
47,33 29,44
46,33 28,44
45,33 27,44
45,34 26,44
44,34 30,47
43,34 30,46
43,35 30,45
42,35 30,44
47,34 30,43
47,34 29,43
46,34 28,43
46,35 27,43
46,35 26,43
45,35 31,46
44,35 31,45
56,46 50,47
56,46 52,46
56,46 51,46
57,45 50,46
57,45 52,45
56,45 51,45
56,45 50,45
57,44 50,44
57,44 50,43
57,44 49,43
58,43 49,42
58,43 48,42
57,43 48,43
57,43 47,43
58,42 46,43
58,42 46,42
58,42 46,41
58,41 46,40
58,41 45,40
58,40 44,40
58,40 44,41
57,40 43,41
57,40 43,42
57,40 42,42
57,39 41,42
57,39 41,41
57,38 41,40
57,38 41,39
56,38 41,38
56,38 40,38
56,38 40,39
56,37 39,39
56,37 38,39
56,36 38,38
56,36 38,37
56,35 37,37
56,35 37,38
56,35 36,38
56,34 36,39
56,34 35,39
55,34 34,39
55,34 34,38
55,33 33,38
55,33 33,39
55,33 32,39
54,34 32,40
54,34 33,41
54,35 33,40
54,35 34,43
53,35 33,43
53,35 32,43
53,35 34,42
52,35 34,41
52,35 32,44
52,36 33,45
52,36 33,44
51,36 34,47
51,36 34,46
50,36 34,45
55,46 49,47
55,46 49,46
55,45 49,45
55,45 49,44
56,44 48,44
55,44 47,44
55,44 46,44
56,43 45,44
56,43 45,43
57,42 45,42
56,42 45,41
56,42 44,42
57,41 44,43
56,41 43,43
56,41 42,43
56,40 41,43
56,40 40,43
56,39 40,42
55,39 40,41
55,39 40,40
55,38 39,40
55,38 38,40
55,37 37,40
55,36 37,39
55,36 36,40
55,35 35,40
54,36 34,40
54,36 35,44
53,36 34,44
53,36 35,43
53,37 35,42
52,37 35,41
52,37 35,47
51,37 35,46
50,37 35,45
54,45 48,47
54,45 48,46
54,44 48,45
54,44 47,45
55,43 46,45
55,43 45,45
54,43 44,45
54,43 44,44
55,42 43,44
55,41 42,44
55,41 41,44
55,40 40,44
55,40 39,44
54,40 39,43
54,40 39,42
54,39 39,41
54,39 38,41
54,38 37,41
54,37 36,41
54,37 36,45
53,38 36,44
53,38 36,43
52,38 36,42
52,38 36,48
51,38 36,47
50,38 36,46
53,44 47,47
53,44 47,46
53,44 46,46
53,43 45,46
53,43 44,46
54,42 43,46
54,42 43,45
53,42 42,45
53,42 41,45
53,42 40,45
54,41 39,45
54,41 38,45
53,41 38,44
53,41 38,43
53,40 38,42
53,40 37,42
53,40 37,46
53,39 37,45
53,39 37,44
52,39 37,43
52,39 37,48
51,39 37,47
52,42 46,48
52,42 46,47
52,42 45,47
52,42 44,47
52,41 43,47
52,41 42,47
52,41 42,46
52,41 41,46
52,40 40,46
52,40 39,46
52,40 38,46
51,40 38,47
51,41 41,47
51,41 40,47
51,41 39,47
59,48 55,45
59,48 54,45
59,48 56,45
58,48 56,44
58,48 57,44
60,47 58,44
60,47 59,44
60,47 60,44
59,47 60,43
59,47 61,43
60,46 62,43
60,46 63,43
61,45 63,42
61,45 64,42
61,45 65,42
60,45 67,43
60,45 66,43
61,44 65,43
61,44 67,42
61,44 68,42
61,43 69,42
61,43 69,41
61,42 70,41
61,42 72,42
61,41 71,42
61,41 70,42
61,41 73,42
60,41 74,42
60,41 75,43
60,40 74,43
60,40 75,45
60,39 74,45
60,39 74,44
60,39 75,46
59,39 74,46
59,39 73,46
59,38 72,48
59,38 72,47
59,38 72,46
59,37 71,48
59,37 70,48
58,37 69,49
58,37 69,48
58,36 68,50
58,36 68,49
58,36 67,50
57,33 65,50
57,33 67,49
57,32 66,49
57,32 65,49
60,42 64,50
60,42 63,51
60,42 63,50
60,43 62,51
60,43 61,51
60,44 60,52
60,44 60,51
60,44 59,52
59,44 57,52
59,44 59,51
59,45 58,51
59,45 57,51
59,46 56,53
59,46 56,52
59,46 55,53
58,46 55,52
58,46 54,52
58,47 54,51
58,47 54,50
57,47 53,50
59,48 56,46
59,48 55,46
58,48 54,46
58,48 57,46
60,47 57,45
60,47 58,45
59,47 59,45
59,47 60,45
60,46 61,45
60,46 61,44
61,45 62,44
60,45 63,44
60,45 64,44
61,44 64,43
61,44 68,44
61,43 67,44
61,43 66,44
61,42 68,43
61,42 65,44
61,41 69,43
61,41 70,43
60,41 73,43
60,40 72,43
60,40 71,43
60,39 73,44
60,39 73,45
59,39 72,45
59,39 71,47
59,38 71,46
59,38 71,45
59,37 70,47
59,37 69,47
58,37 68,48
58,36 68,47
58,36 67,48
57,33 64,49
57,33 66,48
57,32 65,48
57,32 64,48
60,42 63,49
60,42 62,50
60,43 62,49
60,43 61,50
60,44 60,50
59,44 59,50
59,44 56,51
59,45 58,50
59,45 57,50
59,46 56,50
59,46 55,51
58,46 55,50
58,46 55,49
58,47 54,49
57,47 53,49
59,48 57,47
59,48 56,47
58,48 55,47
58,48 54,47
60,47 53,47
59,47 58,47
59,47 58,46
60,46 59,46
61,45 60,46
61,45 61,46
60,45 62,46
60,45 62,45
61,44 63,45
61,43 64,45
61,43 65,45
61,42 69,45
61,41 68,45
61,41 67,45
60,41 69,44
60,41 66,45
60,40 70,44
60,39 71,44
60,39 72,44
59,39 70,46
59,38 70,45
59,38 69,46
59,37 68,46
58,37 67,47
58,37 67,46
58,36 66,47
58,36 63,48
57,33 65,47
57,32 64,47
57,32 63,47
60,42 62,48
60,43 61,49
60,43 61,48
60,44 60,49
60,44 59,49
59,44 58,49
59,45 57,49
59,45 56,49
59,46 56,48
58,46 55,48
58,46 54,48
58,47 53,48
57,47 52,48
59,48 58,48
58,48 58,48
60,47 58,48
59,47 57,48
60,46 57,48
61,45 57,48
60,45 59,48
61,44 59,48
61,43 59,47
61,42 59,47
61,41 59,47
60,41 60,47
60,40 60,47
60,39 60,47
59,39 61,47
59,38 61,47
59,37 62,47
58,37 62,47
58,36 62,47
57,33 63,46
57,32 63,46
60,42 63,46
60,43 64,46
60,44 64,46
59,44 65,46
59,45 65,46
59,46 65,46
58,46 66,46
58,47 66,46
57,47 60,48
54,58 69,66
54,58 64,67
56,58 66,67
58,58 68,67
55,59 66,68
57,59 67,67
54,49 57,54
54,49 58,54
55,49 57,55
55,49 59,55
54,50 57,56
56,50 59,56
56,50 58,57
55,51 60,57
56,51 59,57
55,50 58,55
55,50 58,56
57,53 66,60
56,54 67,60
58,54 65,61
56,55 67,61
58,55 65,62
56,56 68,62
58,56 66,63
57,57 67,63
57,54 66,61
57,55 66,62
57,56 67,62
58,53 65,60
56,53 65,60
58,52 67,59
57,52 66,59
56,52 65,59
55,55 65,59
55,54 64,62
55,53 64,61
59,55 64,60
59,54 64,60
59,53 65,63
55,56 64,63
59,56 68,63
56,57 68,63
55,57 67,64
59,57 66,64
58,57 65,64
57,58 68,64
58,53 64,59
56,53 64,59
58,52 66,58
57,52 65,58
56,52 64,58
55,55 63,63
55,54 63,62
55,53 63,61
59,55 63,60
59,54 63,59
59,53 64,64
55,56 63,64
59,56 68,65
56,57 67,65
55,57 66,65
59,57 65,65
58,57 64,65
57,58 69,65
59,52 63,58
59,52 66,57
55,52 65,57
59,51 64,57
58,51 63,57
58,51 62,64
57,51 62,63
54,56 62,62
54,55 62,61
54,54 62,60
54,54 62,59
54,53 62,58
60,56 63,65
60,55 62,65
60,54 68,66
60,54 67,66
60,53 66,66
54,57 65,66
55,58 64,66
59,58 63,66
59,52 62,57
55,52 62,57
59,51 65,56
58,51 64,56
57,51 63,56
54,56 62,56
54,55 61,64
54,54 61,63
54,53 61,62
60,56 61,61
60,55 61,60
60,54 61,59
60,53 61,58
54,57 61,57
55,58 65,67
59,58 63,67
54,51 61,56
54,51 64,55
54,51 63,55
58,50 62,55
58,50 61,55
57,50 60,63
57,50 60,62
53,57 60,61
53,57 60,60
53,56 60,59
53,56 60,58
53,55 60,56
54,51 60,55
54,51 64,54
58,50 63,54
58,50 62,54
57,50 61,54
57,50 60,54
53,57 59,62
53,57 59,61
53,56 59,60
53,56 59,59
53,55 59,58
57,49 59,54
57,49 63,53
57,49 62,53
57,49 61,53
57,49 58,60
57,49 58,59
56,49 58,58
56,48 58,53
56,48 57,58
55,48 57,57
46,60 52,71
46,60 53,71
48,60 55,71
45,61 56,71
47,61 54,72
45,56 57,65
46,56 58,65
45,57 56,66
47,57 58,66
46,58 56,67
47,58 57,67
46,57 57,66
46,55 56,65
46,55 58,64
47,56 57,64
47,55 56,64
47,55 59,66
45,58 59,65
48,58 55,67
48,57 55,66
48,57 55,65
48,56 59,67
47,59 58,67
47,59 57,68
46,59 56,68
45,59 55,68
48,59 58,68
46,55 55,64
46,55 58,63
47,56 57,63
47,55 56,63
47,55 55,63
45,58 54,68
48,58 54,67
48,58 54,66
48,57 54,65
48,56 54,64
48,56 59,68
47,59 58,69
46,59 57,69
46,59 56,69
45,59 55,69
48,59 54,69
46,55 54,63
46,55 57,62
47,56 56,62
47,56 55,62
47,55 54,62
47,55 53,69
45,58 53,68
48,58 53,67
48,58 53,66
48,57 53,65
48,57 53,64
48,56 53,63
47,59 58,70
47,59 57,70
46,59 56,70
46,59 55,70
45,59 54,70
48,59 53,70
47,54 57,61
48,55 56,61
48,54 52,70
49,59 52,68
49,58 52,67
49,57 52,66
49,56 52,65
49,55 52,64
47,60 52,63
45,60 57,71
49,60 54,71
47,54 51,67
48,55 51,67
48,54 51,67
49,59 51,67
49,58 51,66
49,57 51,66
49,56 51,66
49,55 51,65
47,60 51,65
45,60 51,65
49,60 51,64
49,54 50,66
49,53 50,66
50,58 50,66
50,57 50,66
50,56 50,66
50,55 50,66
37,59 25,69
37,59 27,69
36,60 27,70
38,60 26,69
38,59 26,68
36,59 26,68
38,58 25,68
37,58 28,70
36,58 28,69
39,60 28,68
39,59 27,68
38,59 27,67
36,59 26,67
38,58 29,70
37,58 29,69
36,58 29,68
39,60 29,67
39,59 28,67
39,58 28,66
35,58 27,66
39,57 26,66
38,57 30,70
37,57 30,69
36,57 30,68
35,57 30,67
40,59 30,66
40,58 29,66
40,57 28,65
40,57 27,65
38,56 31,69
37,56 31,68
37,56 31,67
36,56 31,66
35,56 30,65
37,55 32,68
36,55 32,68
35,55 32,68
34,55 32,67
34,54 33,68
43,56 48,66
42,56 48,66
41,56 48,66
44,55 48,66
43,55 48,66
42,55 48,66
41,55 48,66
40,55 48,66
45,54 48,66
44,54 48,66
39,55 48,66
46,54 48,66
54,47 56,55
54,47 55,55
53,47 54,55
53,46 54,54
52,46 53,54
52,45 53,53
54,48 56,56
53,48 55,56
52,48 54,56
52,47 53,56
51,47 53,55
53,49 56,57
52,49 55,57
51,49 54,57
51,48 53,57
53,50 56,58
53,50 55,58
52,50 54,58
51,50 53,58
53,51 57,59
53,51 56,59
52,51 55,59
51,51 54,59
50,51 53,59
53,52 57,60
52,52 56,60
51,52 55,60
50,52 54,60
49,52 53,60
52,53 55,61
51,53 54,61
48,53 53,61
52,54 53,62
51,54 53,62
47,53 53,62
45,38 47,50
45,37 46,50
46,37 47,49
47,37 48,49
47,36 49,49
48,36 50,49
48,37 51,49
48,38 51,50
49,39 51,51
48,39 51,52
49,40 51,53
49,41 51,54
45,38 48,51
45,37 48,51
46,37 47,51
47,37 46,51
47,36 48,50
48,36 49,50
48,37 49,50
48,38 50,50
49,39 50,51
48,39 50,52
49,40 50,53
49,41 50,54
45,38 49,52
45,37 49,52
46,37 48,52
47,37 48,52
47,36 47,52
48,36 47,52
48,37 49,51
48,38 49,51
49,39 46,52
48,39 46,52
49,40 49,53
49,41 49,54
46,39 48,53
46,38 48,53
47,38 47,53
47,39 47,53
48,40 46,53
49,37 49,50
49,37 50,50
49,37 48,51
49,38 50,51
49,38 47,52
49,38 50,52
50,39 46,53
50,39 50,53
50,39 49,54
50,40 50,54
50,40 47,53
50,41 48,53
49,37 49,51
49,38 49,51
50,39 49,52
50,40 48,52
50,41 49,53
32,50 29,65
32,50 30,64
31,49 28,64
30,49 29,63
44,51 43,66
43,51 44,65
45,50 42,65
43,50 44,64
45,49 43,64
44,49 42,64
32,50 31,65
31,49 31,65
30,49 31,65
44,51 31,65
43,51 45,65
45,50 45,65
43,50 45,65
45,49 45,65
44,49 41,64
33,51 32,65
33,50 32,65
29,48 32,65
42,52 32,65
42,51 32,65
42,50 32,65
46,49 40,64
34,51 33,65
41,52 33,65
41,51 33,65
41,50 33,65
47,49 39,64
35,52 34,65
35,51 34,65
40,52 34,65
40,51 34,65
40,50 34,65
48,48 38,64
36,52 35,65
36,51 35,65
39,52 37,65
39,51 37,65
39,50 37,64
37,52 36,65
37,51 36,65
38,52 36,65
38,51 36,65
41,44 38,61
41,44 38,60
41,43 38,59
40,45 39,59
40,45 39,58
42,42 40,58
42,41 40,57
40,46 38,61
40,46 38,60
40,46 38,59
40,46 39,59
40,46 39,58
40,46 40,58
43,41 40,57
40,47 39,60
40,47 41,57
28,48 28,63
28,49 28,63
29,49 28,63
29,50 28,63
30,50 28,63
30,51 28,63
32,51 28,63
31,52 28,63
32,52 28,63
31,51 28,63
34,52 33,66
33,52 33,66
35,53 34,67
36,53 34,66
37,53 35,67
38,53 35,67
39,53 36,67
40,53 37,68
41,53 37,67
42,53 37,67
43,53 38,68
45,52 39,68
44,52 40,68
43,52 40,68
46,52 41,68
48,51 42,68
47,51 43,68
46,51 43,68
49,50 45,67
48,50 44,67
49,49 43,67
49,48 46,67
34,52 35,66
33,52 35,66
35,53 36,66
36,53 36,66
37,53 37,66
38,53 38,67
39,53 38,67
40,53 38,66
41,53 38,66
42,53 39,67
43,53 40,67
45,52 40,67
44,52 41,67
43,52 42,67
46,52 42,67
48,51 46,66
47,51 46,66
46,51 45,66
49,50 44,66
48,50 44,66
49,49 42,66
49,48 47,66
34,52 38,65
33,52 38,65
35,53 38,65
36,53 39,66
37,53 39,66
38,53 39,66
39,53 39,65
40,53 39,65
41,53 40,66
42,53 40,66
43,53 40,66
45,52 41,66
44,52 41,66
43,52 41,66
46,52 47,65
48,51 47,65
47,51 46,65
46,51 46,65
49,50 46,65
48,50 41,65
49,49 41,65
49,48 48,65
34,52 40,65
33,52 40,65
35,53 40,65
36,53 40,65
37,53 48,64
38,53 48,64
39,53 48,64
40,53 47,64
41,53 47,64
42,53 47,64
43,53 47,64
45,52 46,64
44,52 46,64
43,52 46,64
46,52 45,64
48,51 45,64
47,51 45,64
46,51 45,64
49,50 49,65
48,50 49,65
49,49 49,65
49,48 49,64
45,51 50,64
47,50 50,64
46,50 50,64
48,49 50,64
33,45 31,59
32,45 31,59
32,44 31,59
32,43 31,59
31,43 31,59
31,42 30,57
33,46 31,60
32,46 31,60
31,44 31,60
32,47 31,61
29,47 28,62
29,47 28,61
29,47 28,60
35,50 32,64
34,50 31,64
35,49 32,63
33,49 30,63
35,48 32,62
34,48 31,62
33,48 30,62
38,50 35,64
37,50 34,64
36,50 33,64
38,49 35,63
36,49 33,63
38,48 35,62
37,48 34,62
36,48 33,62
35,50 29,62
34,50 29,62
35,49 33,61
33,49 33,61
35,48 32,61
34,48 32,61
33,48 36,64
38,50 36,63
37,50 36,63
36,50 36,62
38,49 36,62
36,49 36,61
38,48 36,61
37,48 35,61
36,48 34,61
32,49 37,63
32,48 37,63
36,47 37,63
35,47 37,63
34,47 37,63
33,47 37,62
39,49 37,62
39,48 37,62
39,47 37,62
38,47 37,62
37,47 37,61
32,49 38,63
32,48 38,63
36,47 38,63
35,47 38,63
34,47 38,63
33,47 38,63
39,49 38,63
39,48 38,63
39,47 38,63
38,47 38,63
37,47 38,62
31,48 39,63
40,49 39,63
40,48 39,62
30,48 40,63
41,49 40,63
41,48 40,63
30,48 41,63
41,49 41,63
41,48 41,63
42,49 42,63
42,48 42,63
43,49 43,63
43,48 43,63
43,49 44,63
43,48 44,62
44,48 45,63
44,48 45,62
45,48 46,63
48,42 47,54
48,42 48,54
51,42 48,55
48,43 52,55
48,43 49,56
51,43 52,56
48,44 50,57
51,44 52,57
51,44 50,58
48,45 52,58
51,45 51,59
51,45 52,59
48,46 51,60
51,46 52,60
47,47 51,61
47,47 52,61
50,47 50,62
46,48 52,62
46,48 47,63
47,48 51,63
50,48 48,63
48,47 49,55
48,47 49,63
49,42 50,55
49,47 50,63
50,42 51,55
49,43 51,56
50,43 51,56
49,44 50,56
50,44 50,56
49,45 51,57
50,45 51,57
49,46 51,58
50,46 51,62
43,39 45,54
43,39 46,54
43,39 42,55
45,39 47,55
45,39 41,56
43,40 48,56
43,40 45,57
43,40 49,57
47,40 45,58
47,40 49,58
46,41 46,59
46,41 50,59
48,41 46,60
48,41 50,60
48,41 46,61
47,42 50,61
47,42 46,62
44,39 49,62
44,39 42,56
44,39 43,55
44,40 43,56
44,40 44,55
45,40 44,56
45,40 47,62
46,40 48,62
43,39 46,55
43,39 45,55
45,39 47,56
45,39 46,56
43,40 48,57
43,40 47,57
47,40 46,58
47,40 46,57
46,41 45,56
48,41 48,58
48,41 49,59
47,42 48,59
47,42 47,60
44,39 47,59
44,39 47,58
44,40 49,60
44,40 47,61
45,40 49,61
46,40 48,61
47,41 48,60
38,38 36,50
38,38 39,50
40,38 35,51
37,39 38,51
40,39 35,52
36,40 37,52
39,40 34,53
36,41 35,53
38,41 36,52
37,41 37,50
39,38 38,50
39,39 37,51
38,39 37,51
38,40 37,51
37,40 36,51
37,43 36,55
38,43 37,55
36,44 35,56
38,44 37,56
36,45 35,57
37,45 36,57
37,44 36,56
36,43 35,55
38,42 37,54
37,42 36,54
36,42 35,54
39,44 38,56
39,43 38,55
39,42 38,54
35,45 34,57
35,44 34,56
35,43 34,55
39,45 38,57
38,45 37,57
37,46 36,58
36,46 35,58
35,46 34,58
38,46 37,58
36,43 34,54
36,43 38,53
38,42 37,53
37,42 36,53
36,42 39,56
39,44 39,55
39,43 39,54
39,42 39,53
35,45 33,58
35,45 33,57
35,44 33,56
35,43 33,55
39,45 33,54
38,45 37,59
37,46 36,59
36,46 35,59
35,46 34,59
38,46 33,59
35,42 33,53
35,42 39,52
39,41 38,52
39,41 40,56
35,41 40,55
35,41 40,54
40,42 40,53
40,42 40,52
40,41 32,59
40,41 32,58
34,46 32,57
34,46 32,56
34,45 32,55
34,45 32,54
34,44 32,53
34,44 36,60
34,43 35,60
34,43 34,60
34,42 33,60
39,46 32,60
34,41 34,52
34,41 33,52
40,40 32,52
40,40 40,51
35,40 39,51
35,40 41,55
34,40 41,54
34,40 41,53
41,41 41,52
41,41 41,51
41,40 31,56
41,40 31,55
33,42 31,54
33,42 31,53
33,41 31,52
33,40 34,51
33,40 33,51
41,39 32,51
36,39 41,50
35,39 40,50
35,39 42,54
34,39 42,53
33,39 42,52
42,40 42,51
42,40 42,50
42,39 30,56
32,41 30,55
32,40 30,54
32,39 35,50
32,39 34,50
42,38 33,50
41,38 42,49
37,38 41,49
36,38 40,49
35,38 39,49
35,38 43,54
34,38 43,53
33,38 43,52
43,38 43,51
31,41 43,50
31,40 43,49
43,37 34,49
42,37 38,49
41,37 44,54
40,37 44,53
38,37 44,52
37,37 44,51
36,37 44,50
44,38 44,49
39,37 45,53
39,37 45,52
39,37 45,51
39,37 45,50
47,45 44,61
46,45 44,61
46,44 44,60
46,43 44,59
45,43 44,59
45,42 43,59
44,42 43,58
47,46 44,61
47,46 44,60
46,46 44,59
46,46 43,59
45,44 43,58
46,47 43,62
46,47 43,61
46,47 43,60
44,47 42,62
43,47 42,62
42,47 41,62
44,46 40,62
42,46 42,61
44,45 42,61
42,45 40,61
44,44 42,60
43,44 42,59
45,47 42,62
45,47 41,62
45,46 40,62
45,45 42,61
45,45 40,61
44,43 42,60
43,43 42,59
31,47 30,61
31,47 29,61
30,47 29,60
30,46 29,59
30,45 30,58
30,44 29,58
29,46 30,61
29,46 29,61
29,46 29,60
29,45 29,59
29,45 30,58
30,43 29,58
57,46 52,42
57,46 52,41
58,45 52,40
58,44 53,39
59,43 53,38
59,42 53,37
59,41 53,36
59,40 53,35
58,39 52,34
58,38 52,33
57,37 51,32
57,36 51,31
57,35 50,30
57,34 49,29
56,33 48,28
56,32 48,27
56,31 48,26
56,31 47,26
55,30 46,26
54,31 46,25
53,31 45,25
52,32 44,25
51,32 43,26
50,32 43,27
49,32 43,28
48,32 42,29
47,32 41,30
46,32 41,31
45,32 40,32
44,33 40,33
43,33 40,34
42,34 39,35
41,35 39,36
57,46 52,42
57,46 52,41
58,45 52,40
58,44 53,39
59,43 53,38
59,42 53,37
59,41 53,36
59,40 53,35
59,40 53,34
58,39 53,33
58,38 53,32
57,37 52,31
57,36 52,30
57,35 51,29
57,34 51,28
56,33 50,27
56,33 50,26
56,32 50,25
56,31 51,24
57,31 52,24
58,32 52,25
58,33 53,26
58,34 54,27
58,34 55,28
58,35 55,29
59,36 56,29
60,37 57,30
60,38 57,31
61,39 58,32
61,40 58,33
62,41 58,34
62,41 59,35
62,42 59,36
62,43 59,37
62,44 59,38
62,45 59,39
61,46 59,40
61,47 59,41
60,48 58,42
32,38 32,50
31,39 32,50
30,40 31,51
30,39 30,52
30,38 30,51
30,37 30,50
30,36 30,49
31,35 30,48
32,35 31,47
33,36 32,47
34,36 33,47
34,37 34,48
49,35 30,39
49,35 29,39
50,35 28,39
51,35 27,38
51,35 26,38
52,34 25,38
53,34 24,37
53,34 23,37
54,33 22,37
54,32 22,38
54,32 21,38
55,32 20,38
56,31 19,39
55,30 19,40
55,30 20,40
54,31 21,41
53,31 21,42
53,31 20,42
52,32 19,43
51,32 19,44
51,32 20,45
50,32 21,45
49,32 22,45
48,32 22,46
48,32 22,47
47,32 23,48
46,32 24,48
46,32 25,48
45,32 26,47
44,33 27,47
44,33 27,48
43,33 27,49
42,34 28,50
41,35 29,50
57,46 51,47
57,46 52,47
58,45 53,46
58,45 53,45
58,44 52,44
58,44 51,44
59,43 51,43
59,43 50,42
59,42 49,41
59,42 48,41
59,41 47,42
59,41 47,41
59,40 47,40
59,40 46,39
58,39 45,39
58,39 44,39
58,38 43,40
58,38 42,41
57,37 42,40
57,37 42,39
57,36 42,38
57,35 41,37
57,35 40,37
57,34 39,38
57,34 39,37
56,33 38,36
56,33 37,36
56,32 36,36
56,32 36,37
55,32 35,38
55,32 34,37
54,32 33,37
54,32 32,38
54,33 31,39
54,33 31,40
53,34 32,41
53,34 33,42
52,34 32,42
52,34 31,43
51,35 31,44
51,35 32,45
50,35 32,46
49,35 33,46
59,49 54,44
59,49 55,44
60,48 56,43
60,48 57,43
61,47 58,43
61,46 59,43
61,46 60,42
62,45 61,42
62,44 62,42
62,44 63,41
62,43 64,41
62,43 65,41
62,42 66,42
62,41 67,41
62,41 68,41
61,40 68,40
61,39 69,40
61,39 70,40
60,38 71,40
60,38 71,41
60,37 72,41
59,36 73,41
59,36 74,41
58,35 75,42
58,34 76,42
58,34 76,43
58,33 75,44
58,32 76,45
58,32 76,46
57,31 75,47
57,31 74,47
56,31 73,47
56,32 73,48
56,32 72,49
56,33 71,49
57,34 70,49
57,34 70,50
57,35 69,50
57,35 68,51
57,36 67,51
57,37 66,50
57,37 65,51
58,38 64,51
58,39 63,52
58,39 62,52
59,40 61,52
59,40 60,53
59,41 59,53
59,42 58,52
59,42 57,53
59,43 56,54
58,44 55,54
58,44 54,53
58,45 53,52
57,46 53,51
55,47 64,53
55,47 65,54
56,47 65,55
57,48 66,56
58,49 67,57
59,50 67,58
60,51 68,59
60,52 68,60
61,53 68,61
61,54 69,62
61,55 69,63
61,56 69,64
60,57 70,65
60,58 70,66
59,59 70,67
59,59 69,68
58,60 68,68
57,60 67,69
56,60 66,69
55,60 65,68
54,60 64,69
53,59 63,68
53,58 62,67
52,57 62,66
52,56 61,65
52,55 60,64
53,54 59,63
53,53 58,62
54,52 58,61
50,53 58,61
50,53 58,62
50,54 59,63
51,55 59,64
51,56 60,65
51,57 60,66
51,58 60,67
51,58 60,68
50,59 59,69
50,60 59,70
49,61 58,71
48,62 57,72
47,62 56,72
47,62 55,73
46,62 54,73
45,62 53,73
44,62 52,72
43,61 51,72
44,60 50,71
44,60 51,70
44,59 52,69
44,58 51,68
44,57 50,67
44,56 49,66
45,55 50,65
33,54 27,64
33,55 27,64
34,56 26,65
34,57 25,66
34,58 25,67
35,59 24,68
34,60 23,69
35,61 23,70
36,61 24,70
37,61 25,70
38,61 25,71
39,61 26,71
40,60 27,71
41,59 28,71
41,58 29,71
41,57 30,71
40,56 31,70
39,56 32,69
38,55 33,69
43,57 49,67
43,57 48,67
42,57 47,67
54,46 56,54
53,45 55,54
52,44 54,53
52,43 53,52
44,37 46,49
44,36 47,48
45,36 48,48
46,36 49,48
47,35 50,48
48,35 51,48
49,36 52,49
49,37 52,50
49,38 52,51
50,39 52,52
50,40 52,53
50,41 52,54
33,53 32,66
34,53 32,66
35,54 33,67
36,54 34,68
37,54 35,68
38,54 35,68
39,54 36,68
40,54 37,69
41,54 38,69
42,54 39,69
43,54 39,69
44,53 40,69
45,53 41,69
46,53 42,69
47,52 42,69
48,52 43,69
49,51 44,68
50,50 45,68
50,49 46,68
33,44 31,58
33,43 31,58
32,42 31,57
28,47 27,62
28,47 27,61
28,46 27,60
28,45 28,59
28,45 28,58
29,44 28,57
29,43 29,57
29,43 29,56
29,42 29,55
30,42 29,54
30,41 30,53
43,36 45,49
43,36 45,48
42,36 44,48
41,36 43,48
41,36 42,48
40,36 41,48
39,36 40,48
39,36 39,48
38,36 38,48
37,36 37,49
37,36 36,49
36,36 35,49
35,37 35,48
47,44 45,61
47,44 45,60
47,43 45,59
46,42 44,58
45,41 44,57
44,41 43,57
43,42 42,57
42,43 42,58
42,44 41,58
41,45 40,59
41,46 40,60
41,47 39,61
43,46 41,61
43,46 41,60
43,45 41,59
31,46 30,60
31,45 30,59
54,31 47,24
54,32 47,25
55,30 48,23
55,31 48,24
55,32 48,25
56,31 49,24
56,32 49,25
56,33 49,26
56,34 49,27
56,35 49,28
57,35 50,28
57,36 50,29
58,37 51,30
59,39 52,32
54,59 64,68
56,59 67,68
58,59 69,67
44,61 51,71
46,61 53,72
48,61 55,72
35,60 24,69
37,60 26,70
31,50 29,64
44,50 43,65
40,43 37,60
40,44 38,58
41,42 39,57
34,49 31,63
37,49 34,63
