220,168 217,150
220,168 217,149
221,167 217,148
221,167 217,147
222,166 217,146
222,166 218,145
222,165 218,144
222,165 219,143
223,164 220,142
223,164 221,141
223,163 222,140
223,163 223,139
224,162 224,138
224,161 225,137
224,161 226,137
225,160 227,137
225,160 228,136
226,159 229,136
226,159 230,136
227,158 231,136
227,158 232,136
228,157 233,136
228,157 234,136
229,156 235,136
230,156 236,136
220,169 217,150
220,169 217,149
221,168 217,148
221,168 217,147
222,167 217,146
222,167 218,145
223,166 218,144
223,165 219,143
223,165 220,142
224,164 221,141
224,164 222,140
224,163 223,139
225,162 224,138
225,162 225,137
225,161 226,137
225,161 227,137
226,160 228,136
226,160 229,136
227,159 230,136
228,158 231,136
228,158 232,136
229,157 233,136
229,157 234,136
230,157 235,136
231,156 236,136
220,170 218,149
220,170 218,148
221,169 218,147
222,168 218,146
222,168 219,145
223,167 219,144
224,166 220,143
224,166 221,142
224,165 222,141
225,164 223,140
225,164 224,139
225,163 225,138
226,162 226,138
226,162 227,138
226,161 228,137
227,160 229,137
227,160 230,137
228,159 231,137
229,158 232,137
229,158 233,137
230,158 234,137
231,157 235,137
231,157 236,137
219,170 219,149
219,170 219,148
220,171 219,147
221,170 219,146
222,169 220,145
222,169 220,144
223,168 221,143
224,167 222,142
225,166 223,141
225,166 224,140
225,165 225,139
226,164 226,139
226,163 227,139
227,162 228,138
227,162 229,138
227,161 230,138
228,160 231,138
229,159 232,138
229,159 233,138
230,159 234,138
231,158 235,138
232,157 236,138
233,156 237,137
219,171 220,149
219,171 220,148
220,172 220,147
221,171 220,146
222,170 221,145
223,169 221,144
223,169 222,143
224,168 223,142
225,167 224,141
226,166 225,140
226,165 226,140
226,165 227,140
227,164 228,139
227,163 229,139
228,162 230,139
228,161 231,139
228,161 232,139
229,160 233,139
230,160 234,139
231,159 235,139
232,158 236,139
233,157 237,138
220,173 221,149
220,173 221,148
221,172 221,147
222,171 221,146
223,170 222,145
224,169 222,144
224,169 223,143
225,168 224,142
226,167 225,141
227,166 226,141
227,165 227,141
227,165 228,140
228,164 229,140
228,163 230,140
229,162 231,140
229,161 232,140
229,161 233,140
230,161 234,140
231,160 235,140
232,159 236,140
233,158 237,139
234,157 238,138
219,173 222,149
219,173 222,148
220,174 222,147
221,173 222,146
222,172 223,145
223,171 223,144
224,170 224,143
225,169 225,142
225,169 226,142
226,168 227,142
227,167 228,141
228,166 229,141
228,165 230,141
229,164 231,141
229,163 232,141
229,163 233,141
230,162 234,141
231,161 235,141
232,160 236,141
233,159 237,140
234,158 238,139
235,157 239,138
219,174 223,149
219,174 223,148
220,175 223,147
221,174 223,146
222,173 224,145
223,172 224,144
224,171 225,143
225,170 226,143
226,169 227,143
227,168 228,142
228,167 229,142
229,166 230,142
229,165 231,142
230,164 232,142
230,163 233,142
231,162 234,142
232,161 235,142
233,160 236,142
234,159 237,141
235,158 238,140
219,172 239,139
219,175 224,149
219,175 224,148
220,176 224,147
221,175 224,146
222,174 225,145
223,173 225,144
224,172 226,144
225,171 227,144
226,170 228,143
227,169 229,143
228,168 230,143
229,167 231,143
230,166 232,143
230,165 233,143
231,164 234,143
231,163 235,143
232,162 236,143
233,161 237,142
234,160 238,141
235,159 239,140
236,158 240,139
221,176 224,150
221,176 225,149
222,175 225,148
223,174 225,147
224,173 225,146
225,172 226,145
226,171 227,145
227,170 228,144
228,169 229,144
229,168 230,144
230,167 231,144
231,166 232,144
231,165 233,144
232,164 234,144
232,163 235,144
233,162 236,144
234,161 237,143
235,160 238,142
236,159 239,141
237,158 240,140
221,177 223,150
221,177 226,149
222,176 226,148
223,175 226,147
224,174 226,146
225,173 227,146
226,172 228,145
227,171 229,145
228,170 230,145
229,169 231,145
230,168 232,145
231,167 233,145
232,166 234,145
232,165 235,145
233,164 236,145
233,163 237,144
234,162 238,143
235,161 239,142
236,160 240,141
237,159 241,140
222,177 226,150
223,176 226,150
224,175 227,149
225,174 227,148
226,173 227,147
227,172 228,146
228,171 229,146
229,170 230,146
230,169 231,146
231,168 232,146
232,167 233,146
233,166 234,146
233,165 235,146
234,164 236,146
234,163 237,145
235,162 238,144
236,161 239,143
237,160 240,142
238,159 241,141
222,178 226,151
222,178 227,150
223,177 228,149
224,176 228,148
225,175 228,147
226,174 229,147
230,170 230,147
231,169 231,147
232,168 232,147
233,167 233,147
233,167 234,147
234,166 235,147
234,165 236,147
235,164 237,146
235,163 238,145
236,162 239,144
237,161 240,143
238,160 241,142
239,159 242,141
223,178 226,152
223,178 227,151
224,177 228,150
225,176 229,149
226,175 229,148
230,171 230,148
231,170 231,148
232,169 232,148
233,168 233,148
233,168 234,148
234,167 235,148
235,166 236,148
235,165 237,147
236,164 238,146
236,163 239,145
237,162 240,144
238,161 241,143
239,160 242,142
224,178 227,152
224,178 228,151
225,177 229,150
226,176 230,149
231,171 231,149
232,170 232,149
233,169 233,149
234,168 234,149
235,167 235,149
235,167 236,149
236,166 237,148
236,165 238,147
237,164 239,146
237,163 240,145
238,162 241,144
239,161 242,143
240,160 243,142
225,178 227,153
225,178 228,152
226,177 229,151
231,172 230,150
232,171 231,150
233,170 232,150
233,170 233,150
234,169 234,150
235,168 235,150
236,167 236,150
237,166 237,149
237,166 238,148
237,165 239,147
238,164 240,146
238,163 241,145
239,162 242,144
240,161 243,143
232,172 228,153
232,172 229,152
233,171 230,151
234,170 231,151
234,170 232,151
235,169 233,151
236,168 234,151
237,167 235,151
237,167 236,151
238,166 237,150
238,165 238,149
239,164 239,148
239,164 240,147
239,163 241,146
240,162 242,145
241,161 243,144
232,173 229,153
232,173 230,152
233,172 231,152
234,171 232,152
234,171 233,152
235,170 234,152
236,169 235,152
237,168 236,152
237,168 237,151
238,167 238,150
239,166 239,149
239,165 240,148
239,165 241,147
240,164 242,146
240,163 243,145
241,162 244,144
232,174 237,152
233,173 237,152
234,172 238,151
235,171 238,151
236,170 239,150
237,169 239,150
238,168 240,149
239,167 241,148
240,166 241,148
240,165 242,147
241,164 242,147
241,163 243,146
242,162 244,145
232,175 238,152
233,174 238,152
234,173 239,151
235,172 239,151
236,171 240,150
237,170 240,150
239,168 241,149
240,167 241,149
241,166 242,148
241,165 242,148
242,164 243,147
242,163 243,147
243,162 244,146
232,176 238,153
233,175 238,153
234,174 239,152
235,173 239,152
236,172 240,151
237,171 240,151
238,170 241,150
240,168 242,149
241,167 242,149
242,166 243,148
242,165 243,148
243,164 244,147
243,163 245,146
233,176 239,153
234,175 239,153
235,174 240,152
236,173 240,152
237,172 241,151
238,171 241,151
241,168 242,150
242,167 242,150
243,166 243,149
243,165 243,149
244,164 244,148
244,163 245,147
234,176 240,153
235,175 240,153
236,174 241,152
237,173 241,152
238,172 242,151
241,169 242,151
242,168 243,150
243,167 243,150
244,166 244,149
244,165 244,149
245,164 245,148
234,177 240,154
235,176 240,154
236,175 241,153
237,174 241,153
238,173 242,152
239,172 242,152
242,169 243,151
243,168 243,151
244,167 244,150
245,166 244,150
245,165 245,149
234,178 241,154
235,177 241,154
236,176 241,154
237,175 242,153
238,174 242,153
239,173 243,152
243,169 243,152
244,168 243,152
245,167 244,151
246,166 244,151
246,165 245,150
235,178 241,155
236,177 241,155
237,176 242,154
238,175 242,154
239,174 243,153
244,169 243,153
245,168 244,152
246,167 245,151
236,178 242,155
237,177 243,154
238,176 244,153
246,168 245,152
237,178 242,156
238,177 243,155
