154,73 164,84
154,73 164,83
154,73 164,82
154,72 164,81
154,72 164,80
154,72 163,79
154,71 163,78
154,71 163,77
154,71 163,76
154,70 163,75
154,70 163,74
154,70 163,73
154,69 163,72
154,69 163,71
154,69 163,70
153,68 163,69
153,68 163,68
153,67 163,67
154,73 165,84
154,73 165,83
154,73 165,82
154,72 165,81
154,72 165,80
154,72 164,79
154,71 164,78
154,71 164,77
154,71 164,76
154,70 164,75
154,70 164,74
154,70 164,73
154,69 164,72
154,69 164,71
154,69 164,70
153,68 164,69
153,68 164,68
153,67 164,67
154,73 166,84
154,73 166,83
154,73 166,82
154,72 166,81
154,72 166,80
154,72 165,79
154,71 165,78
154,71 165,77
154,71 165,76
154,70 165,75
154,70 165,74
154,70 165,73
154,69 165,72
154,69 165,71
154,69 165,70
153,68 165,69
153,68 165,68
153,67 165,67
155,72 167,83
155,72 167,82
155,72 167,81
155,72 167,80
155,71 166,79
155,71 166,78
155,71 166,77
155,70 166,76
155,70 166,75
155,70 166,74
155,70 166,73
155,69 166,72
155,69 166,71
155,69 166,70
154,68 166,69
154,68 166,68
154,68 166,67
154,67 165,66
155,72 168,83
155,72 168,82
155,72 168,81
155,72 168,80
155,71 167,79
155,71 167,78
155,71 167,77
155,70 167,76
155,70 167,75
155,70 167,74
155,70 167,73
155,69 167,72
155,69 167,71
155,69 167,70
154,68 167,69
154,68 167,68
154,68 167,67
154,67 166,66
156,72 169,82
156,72 169,81
156,72 169,80
156,71 168,79
156,71 168,78
156,71 168,77
156,70 168,76
156,70 168,75
156,70 168,74
156,69 168,73
156,69 168,72
156,69 168,71
155,68 168,70
155,68 168,69
155,68 168,68
155,67 168,67
155,67 167,66
154,66 166,65
156,72 170,81
156,72 170,80
156,72 169,79
156,71 169,78
156,71 169,77
156,71 169,76
156,70 169,75
156,70 169,74
156,69 169,73
156,69 169,72
156,69 169,71
155,68 169,70
155,68 169,69
155,68 169,68
155,67 169,67
155,67 168,66
154,66 167,65
157,71 171,80
157,71 170,79
157,71 170,78
157,70 170,77
157,70 170,76
157,70 170,75
157,69 170,74
157,69 170,73
157,69 170,72
156,68 170,71
156,68 170,70
156,68 170,69
156,67 170,68
156,67 170,67
156,67 169,66
155,66 168,65
157,71 171,79
157,71 171,78
157,71 171,77
157,70 171,76
157,70 171,75
157,70 171,74
157,69 171,73
157,69 171,72
157,69 171,71
156,68 171,70
156,68 171,69
156,68 171,68
156,67 171,67
156,67 170,66
156,67 169,65
155,66 168,64
158,70 172,78
158,70 172,77
158,70 172,76
158,69 172,75
158,69 172,74
158,69 172,73
157,68 172,72
157,68 172,71
157,68 172,70
157,67 172,69
157,67 172,68
157,67 172,67
156,66 171,66
156,66 170,65
155,65 169,64
158,70 173,77
158,70 173,76
158,70 173,75
158,69 173,74
158,69 173,73
158,69 173,72
157,68 173,71
157,68 173,70
157,67 173,69
157,67 173,68
157,67 173,67
156,66 172,66
156,66 171,65
155,65 170,64
159,69 174,76
159,69 174,75
159,69 174,74
159,69 174,73
158,68 174,72
158,68 174,71
158,68 174,70
158,67 174,69
158,67 174,68
158,67 174,67
157,66 173,66
157,66 172,65
157,66 171,64
156,65 170,63
159,69 175,74
159,69 175,73
158,68 175,72
158,67 175,71
158,67 175,70
157,66 175,69
156,65 175,68
159,68 176,72
159,68 176,71
157,65 176,70
156,64 176,69
