117,240 104,234
118,239 104,234
118,238 105,233
119,237 106,233
119,236 107,232
119,235 108,231
120,234 109,230
120,233 110,229
121,232 111,229
121,231 112,228
121,230 113,227
122,229 114,226
117,240 105,234
118,239 105,234
118,238 106,234
119,237 107,233
119,236 107,233
119,235 108,232
120,234 109,231
120,233 110,230
121,232 110,230
121,231 111,230
121,230 112,229
122,229 113,228
118,240 106,235
119,239 106,235
119,238 107,234
120,237 108,233
120,236 108,233
120,235 109,232
121,234 110,231
121,233 110,231
122,232 111,231
122,231 112,230
122,230 113,229
118,240 107,235
119,239 107,235
119,238 108,234
120,237 108,234
120,236 109,233
120,235 110,232
121,234 110,232
121,233 111,232
122,232 111,232
122,231 112,231
122,230 113,230
118,241 107,236
119,240 107,236
120,239 108,235
120,238 109,234
121,237 110,233
121,236 110,233
121,235 111,233
122,234 112,232
122,233 113,231
118,241 108,236
119,240 108,236
120,239 109,235
120,238 109,235
121,237 110,234
121,236 111,234
121,235 111,234
122,234 112,233
122,233 113,232
119,241 108,237
120,240 108,237
121,239 109,236
121,238 110,235
122,237 111,235
122,236 112,234
122,235 113,233
119,241 109,237
120,240 109,237
121,239 110,236
121,238 111,236
122,237 111,236
122,236 112,235
122,235 113,234
119,242 109,238
119,242 110,237
120,241 111,237
121,240 112,236
122,238 113,235
119,243 113,236
120,242 113,236
