179,135 201,107
180,134 201,107
181,134 202,107
182,134 203,106
183,134 204,106
184,134 205,106
185,135 206,106
186,136 206,106
187,136 207,106
188,137 208,106
189,138 209,106
190,138 210,106
191,139 211,106
192,139 212,107
193,140 212,107
194,140 213,107
195,140 214,108
196,140 215,108
197,141 216,109
198,141 217,110
199,141 217,110
200,141 218,110
201,141 219,111
202,141 220,111
203,141 220,112
204,141 221,113
205,141 222,114
206,141 222,114
207,141 222,115
208,141 223,116
209,141 224,117
210,141 225,118
211,141 225,119
212,141 226,120
179,135 201,108
180,134 201,108
181,134 202,108
182,134 203,107
183,134 204,107
184,134 204,107
185,135 205,107
186,136 206,107
187,136 207,107
188,137 208,107
189,138 208,107
190,138 209,107
191,139 210,107
192,139 211,107
193,140 212,108
194,140 212,108
195,140 213,108
196,140 214,109
197,141 215,109
198,141 215,109
199,141 216,110
200,141 217,111
201,141 218,111
202,141 219,112
203,141 219,112
204,141 220,113
205,141 221,114
206,141 221,115
207,141 222,116
208,141 222,116
209,141 223,117
210,141 224,118
211,141 224,119
212,141 225,120
179,135 200,108
180,134 200,108
181,134 201,109
182,134 202,109
183,134 203,108
184,134 203,108
185,135 204,108
186,136 205,108
187,136 206,108
188,137 207,108
189,138 207,108
190,138 208,108
191,139 209,108
192,139 210,108
193,140 211,108
194,140 211,108
195,140 212,109
196,140 213,109
197,141 214,110
198,141 214,110
199,141 215,110
200,141 216,111
201,141 217,112
202,141 218,112
203,141 218,112
204,141 219,113
205,141 220,114
206,141 220,115
207,141 221,116
208,141 221,116
209,141 222,117
210,141 223,118
211,141 223,119
212,141 224,120
179,136 200,109
180,135 200,109
181,135 201,110
182,135 202,110
183,135 203,109
184,135 203,109
185,136 204,109
186,137 205,109
187,137 206,109
188,138 207,109
189,139 207,109
190,139 208,109
191,140 209,109
192,140 210,109
193,141 210,109
194,141 211,109
195,141 212,110
196,141 213,110
197,142 214,111
198,142 214,111
199,142 215,111
200,142 216,112
201,142 217,113
202,142 217,113
203,142 218,113
204,142 219,114
205,142 219,115
206,142 220,116
207,142 220,116
208,142 221,117
209,142 222,118
210,142 222,119
211,142 223,120
179,136 200,110
180,135 200,110
181,135 201,111
182,135 202,111
183,135 203,110
184,135 203,110
185,136 204,110
186,137 205,110
187,137 206,110
188,138 206,110
189,139 207,110
190,139 208,110
191,140 209,110
192,140 209,110
193,141 210,110
194,141 211,110
195,141 212,111
196,141 212,111
197,142 213,111
198,142 214,112
199,142 215,112
200,142 215,112
201,142 216,113
202,142 217,114
203,142 218,114
204,142 218,114
205,142 218,115
206,142 219,116
207,142 220,117
208,142 220,117
209,142 221,118
210,142 221,119
211,142 222,120
179,136 199,110
180,135 199,110
181,135 200,111
182,135 201,112
183,135 201,112
184,135 202,112
185,136 203,111
186,137 203,111
187,137 204,111
188,138 205,111
189,139 205,111
190,139 206,111
191,140 207,111
192,140 207,111
193,141 208,111
194,141 209,111
195,141 210,111
196,141 210,111
197,142 211,111
198,142 212,112
199,142 212,112
200,142 213,112
201,142 214,113
202,142 214,113
203,142 215,113
204,142 216,114
205,142 216,114
206,142 217,115
207,142 218,116
208,142 218,116
209,142 219,117
210,142 220,118
211,142 220,119
179,137 199,109
180,136 199,109
181,136 198,110
182,136 199,111
183,136 199,111
184,136 200,112
185,137 201,113
186,138 202,113
187,138 202,113
188,139 203,112
189,140 204,112
190,140 205,112
191,141 205,112
192,141 206,112
193,142 207,112
194,142 208,112
195,142 208,112
196,142 209,112
197,143 210,112
198,143 211,112
199,143 211,112
200,143 212,113
201,143 213,113
202,143 214,114
203,143 214,114
204,143 215,114
205,143 216,115
206,143 217,116
207,143 217,116
208,143 218,117
209,143 219,118
210,143 219,119
179,137 198,111
180,136 198,111
181,136 199,112
182,136 200,113
183,136 200,113
184,136 201,114
185,137 202,114
186,138 202,114
187,138 203,113
188,139 204,113
189,140 204,113
190,140 205,113
191,141 206,113
192,141 206,113
193,142 207,113
194,142 208,113
195,142 208,113
196,142 209,113
197,143 210,113
198,143 210,113
199,143 211,113
200,143 212,114
201,143 212,114
202,143 213,114
203,143 214,115
204,143 214,115
205,143 215,115
206,143 216,116
207,143 216,116
208,143 217,117
209,143 218,118
210,143 218,119
179,137 198,112
180,136 198,112
181,136 199,113
182,136 199,113
183,136 200,114
184,136 201,115
185,137 201,115
186,138 202,115
187,138 203,114
188,139 203,114
189,140 204,114
190,140 205,114
191,141 205,114
192,141 206,114
193,142 207,114
194,142 207,114
195,142 208,114
196,142 208,114
197,143 209,114
198,143 210,114
199,143 210,114
200,143 211,114
201,143 212,115
202,143 212,115
203,143 213,115
204,143 214,116
205,143 214,116
206,143 215,116
207,143 216,117
208,143 216,117
209,143 217,118
210,143 217,119
179,138 197,112
180,137 197,112
181,137 198,113
182,137 199,114
183,137 199,114
184,137 200,115
185,138 201,116
186,139 202,116
187,139 202,116
188,140 203,115
189,141 204,115
190,141 204,115
191,142 205,115
192,142 206,115
193,143 207,115
194,143 207,115
195,143 208,115
196,143 209,115
197,144 210,115
198,144 210,115
199,144 211,115
200,144 212,116
201,144 212,116
202,144 213,116
203,144 214,117
204,144 215,117
205,144 215,117
206,144 216,118
207,144 216,119
208,144 217,120
179,138 197,113
180,137 197,113
181,137 198,114
182,137 198,114
183,137 199,115
184,137 200,116
185,138 200,116
186,139 201,117
187,139 202,117
188,140 202,117
189,141 203,116
190,141 204,116
191,142 204,116
192,142 205,116
193,143 206,116
194,143 206,116
195,143 207,116
196,143 208,116
197,144 208,116
198,144 209,116
199,144 210,116
200,144 210,116
201,144 211,116
202,144 212,117
203,144 212,117
204,144 213,117
205,144 214,118
206,144 214,118
207,144 215,119
208,144 216,120
179,138 197,114
180,137 197,114
181,137 198,115
182,137 198,115
183,137 199,116
184,137 200,117
185,138 200,117
186,139 201,118
187,139 201,118
188,140 202,118
189,141 203,117
190,141 203,117
191,142 204,117
192,142 205,117
193,143 205,117
194,143 206,117
195,143 206,117
196,143 207,117
197,144 208,117
198,144 208,117
199,144 209,117
200,144 210,117
201,144 210,117
202,144 211,117
203,144 211,117
204,144 212,118
205,144 213,118
206,144 213,118
207,144 214,119
208,144 215,120
179,139 196,114
180,138 196,114
181,138 197,115
182,138 197,115
183,138 198,116
184,138 199,117
185,139 199,117
186,140 200,118
187,140 201,119
188,141 201,119
189,142 202,119
190,142 203,118
191,143 203,118
192,143 204,118
193,144 205,118
194,144 205,118
195,144 206,118
196,144 206,118
197,145 207,118
198,145 208,118
199,145 208,118
200,145 209,118
201,145 210,118
202,145 210,118
203,145 211,118
204,145 212,119
205,145 212,119
206,145 213,119
207,145 214,120
179,139 196,115
180,138 196,115
181,138 197,116
182,138 197,116
183,138 198,117
184,138 199,118
185,139 199,118
186,140 200,119
187,140 201,120
188,141 201,120
189,142 202,120
190,142 203,119
191,143 203,119
192,143 204,119
193,144 205,119
194,144 205,119
195,144 206,119
196,144 206,119
197,145 207,119
198,145 208,119
199,145 208,119
200,145 209,119
201,145 210,119
202,145 210,119
203,145 211,119
204,145 212,120
205,145 212,120
206,145 213,120
207,145 214,121
179,139 196,116
180,138 196,116
181,138 197,117
182,138 197,117
183,138 198,118
184,138 199,119
185,139 199,119
186,140 200,120
187,140 200,120
188,141 201,121
189,142 202,121
190,142 202,121
191,143 203,120
192,143 203,120
193,144 204,120
194,144 205,120
195,144 205,120
196,144 206,120
197,145 206,120
198,145 207,120
199,145 208,120
200,145 208,120
201,145 209,120
202,145 209,120
203,145 210,120
204,145 211,120
205,145 211,120
206,145 212,121
207,145 213,121
179,140 196,117
180,139 196,117
181,139 197,118
182,139 197,118
183,139 198,119
184,139 199,120
185,140 199,120
186,141 200,121
187,141 200,121
188,142 201,122
189,143 202,122
190,143 202,122
191,144 203,121
192,144 203,121
193,145 204,121
194,145 205,121
195,145 205,121
196,145 206,121
197,146 206,121
198,146 207,121
199,146 208,121
200,146 208,121
201,146 209,121
202,146 209,121
203,146 210,121
204,146 211,121
205,146 211,121
206,146 212,122
207,146 213,122
179,140 196,118
180,139 196,118
181,139 197,119
182,139 197,119
183,139 198,120
184,139 198,120
185,140 199,121
186,141 199,121
187,141 200,122
188,142 200,122
189,143 201,123
190,143 201,123
191,144 202,123
192,144 202,123
193,145 203,122
194,145 204,122
195,145 204,122
196,145 205,122
197,146 205,122
198,146 206,122
199,146 206,122
200,146 207,122
201,146 207,122
202,146 208,122
203,146 208,122
204,146 209,122
205,146 209,122
206,146 210,122
207,146 211,122
179,140 196,119
180,139 196,119
181,139 197,120
182,139 197,120
183,139 198,121
184,139 198,121
185,140 199,122
186,141 199,122
187,141 200,123
188,142 200,123
189,143 201,124
190,143 201,124
191,144 202,124
192,144 202,124
193,145 203,123
194,145 204,123
195,145 204,123
196,145 205,123
197,146 205,123
198,146 206,123
199,146 206,123
200,146 207,123
201,146 207,123
202,146 208,123
203,146 208,123
204,146 209,123
205,146 209,123
206,146 210,123
207,146 211,123
179,141 195,119
180,140 195,119
181,140 196,120
182,140 196,120
183,140 197,121
184,140 197,121
185,141 198,122
186,142 198,122
187,142 199,123
188,143 200,124
189,144 200,124
190,144 201,125
191,145 201,125
192,145 202,125
193,146 202,125
194,146 203,124
195,146 203,124
196,146 204,124
197,147 205,124
198,147 205,124
199,147 206,124
200,147 206,124
201,147 207,124
202,147 207,124
203,147 208,124
204,147 208,124
205,147 209,124
206,147 210,124
179,141 195,120
180,140 195,120
181,140 196,121
182,140 196,121
183,140 197,122
184,140 197,122
185,141 198,123
186,142 198,123
187,142 199,124
188,143 199,124
189,144 200,125
190,144 200,125
191,145 201,126
192,145 201,126
193,146 202,126
194,146 202,126
195,146 203,125
196,146 203,125
197,147 204,125
198,147 204,125
199,147 205,125
200,147 205,125
201,147 206,125
202,147 206,125
203,147 207,125
204,147 207,125
205,147 208,125
206,147 209,125
179,141 195,121
180,140 195,121
181,140 195,121
182,140 196,122
183,140 196,122
184,140 197,123
185,141 197,123
186,142 198,124
187,142 198,124
188,143 199,125
189,144 199,125
190,144 200,126
191,145 200,126
192,145 201,127
193,146 201,127
194,146 202,127
195,146 202,127
196,146 203,126
197,147 203,126
198,147 204,126
199,147 204,126
200,147 205,126
201,147 205,126
202,147 206,126
203,147 206,126
204,147 207,126
205,147 207,126
206,147 208,126
179,142 195,122
180,141 195,122
181,141 195,122
182,141 196,123
183,141 196,123
184,141 197,124
185,142 197,124
186,143 198,125
187,143 198,125
188,144 199,126
189,145 199,126
190,145 199,126
191,146 200,127
192,146 200,127
193,147 201,128
194,147 201,128
195,147 202,128
196,147 202,128
197,148 203,127
198,148 203,127
199,148 203,127
200,148 204,127
201,148 204,127
202,148 205,127
203,148 205,127
204,148 206,127
205,148 206,127
206,148 207,127
179,142 195,123
180,141 195,123
181,141 195,123
182,141 196,124
183,141 196,124
184,141 197,125
185,142 197,125
186,143 198,126
187,143 198,126
188,144 199,127
189,145 199,127
190,145 199,127
191,146 200,128
192,146 200,128
193,147 201,129
194,147 201,129
195,147 202,129
196,147 202,129
197,148 203,128
198,148 203,128
199,148 203,128
200,148 204,128
201,148 204,128
202,148 205,128
203,148 205,128
204,148 206,128
205,148 206,128
206,148 207,128
179,142 194,123
180,141 194,123
181,141 194,123
182,141 195,124
183,141 195,124
184,141 196,125
185,142 196,125
186,143 197,126
187,143 197,126
188,144 198,127
189,145 198,127
190,145 198,127
191,146 199,128
192,146 199,128
193,147 200,129
194,147 200,129
195,147 201,130
196,147 201,130
197,148 202,130
198,148 202,130
199,148 202,130
200,148 203,129
201,148 203,129
202,148 204,129
203,148 204,129
204,148 205,129
205,148 205,129
206,148 206,129
180,142 194,124
181,142 194,124
182,142 194,124
183,142 195,125
184,142 195,125
185,143 196,126
186,144 196,126
187,144 197,127
188,145 197,127
189,146 198,128
190,146 198,128
191,147 199,129
192,147 199,129
193,148 200,130
194,148 200,130
195,148 200,130
196,148 201,131
197,149 201,131
198,149 202,131
199,149 202,131
200,149 203,130
201,149 203,130
202,149 204,130
203,149 204,130
204,149 205,130
205,149 205,130
206,149 206,130
180,142 194,125
181,142 194,125
182,142 194,125
183,142 195,126
184,142 195,126
185,143 196,127
186,144 196,127
187,144 196,127
188,145 197,128
189,146 197,128
190,146 198,129
191,147 198,129
192,147 199,130
193,148 199,130
194,148 199,130
195,148 200,131
196,148 200,131
197,149 201,132
198,149 201,132
199,149 202,132
200,149 202,132
201,149 202,132
202,149 203,131
203,149 203,131
204,149 204,131
205,149 204,131
206,149 205,131
180,142 195,127
181,142 195,127
182,142 195,127
183,142 196,128
184,142 196,128
185,143 196,128
186,144 197,129
187,144 197,129
188,145 198,130
189,146 198,130
190,146 198,130
191,147 199,131
192,147 199,131
193,148 200,132
194,148 200,132
195,148 200,132
196,148 201,133
197,149 201,133
198,149 201,133
199,149 202,133
200,149 202,133
201,149 203,132
202,149 203,132
203,149 203,132
204,149 204,132
205,149 204,132
206,149 205,132
180,143 195,128
181,143 195,128
182,143 195,128
183,143 196,129
184,143 196,129
185,144 196,129
186,145 197,130
187,145 197,130
188,146 198,131
189,147 198,131
190,147 198,131
191,148 199,132
192,148 199,132
193,149 200,133
194,149 200,133
195,149 200,133
196,149 201,134
197,150 201,134
198,150 201,134
199,150 202,134
200,150 202,134
201,150 203,133
202,150 203,133
203,150 203,133
204,150 204,133
205,150 204,133
206,150 205,133
180,143 195,129
181,143 195,129
182,143 195,129
183,143 196,130
184,143 196,130
185,144 196,130
186,145 197,131
187,145 197,131
188,146 197,131
189,147 198,132
190,147 198,132
191,148 198,132
192,148 199,133
193,149 199,133
194,149 199,133
195,149 200,134
196,149 200,134
197,150 200,134
198,150 201,135
199,150 201,135
200,150 201,135
201,150 202,135
202,150 202,135
203,150 202,135
204,150 203,134
205,150 203,134
206,150 204,134
180,143 195,130
181,143 195,130
182,143 195,130
183,143 196,131
184,143 196,131
185,144 196,131
186,145 197,132
187,145 197,132
188,146 197,132
189,147 198,133
190,147 198,133
191,148 198,133
192,148 199,134
193,149 199,134
194,149 199,134
195,149 200,135
196,149 200,135
197,150 200,135
198,150 201,136
199,150 201,136
200,150 201,136
201,150 202,136
202,150 202,136
203,150 202,136
204,150 203,135
205,150 203,135
206,150 204,135
180,144 195,131
181,144 195,131
182,144 195,131
183,144 196,132
184,144 196,132
185,145 197,133
186,146 197,133
187,146 198,134
188,147 198,134
189,148 199,135
190,148 199,135
191,149 200,136
192,149 200,136
193,150 201,137
194,150 201,137
195,150 202,137
196,150 202,137
204,151 203,136
205,151 203,136
206,151 204,136
180,144 196,133
181,144 196,133
182,144 196,133
183,144 197,134
184,144 197,134
185,145 198,135
186,146 198,135
187,146 198,135
188,147 199,136
189,148 199,136
190,148 200,137
191,149 200,137
192,149 201,138
193,150 201,138
194,150 201,138
195,150 202,138
196,150 202,138
204,151 203,137
205,151 203,137
206,151 204,137
180,144 196,134
181,144 196,134
182,144 196,134
183,144 197,135
184,144 197,135
185,145 198,136
186,146 198,136
187,146 198,136
188,147 199,137
189,148 199,137
190,148 200,138
191,149 200,138
192,149 201,139
193,150 201,139
194,150 201,139
195,150 202,139
196,150 202,139
204,151 203,138
205,151 203,138
206,151 204,138
181,145 196,135
182,145 196,135
183,145 197,136
184,145 198,137
185,146 198,137
186,147 199,138
187,147 200,139
188,148 201,140
189,149 201,140
190,149 202,140
191,150 203,139
192,150 204,139
181,145 197,137
182,145 197,137
183,145 198,138
184,145 198,138
185,146 199,139
186,147 200,140
187,147 200,140
188,148 201,141
189,149 202,141
190,149 202,141
191,150 203,140
192,150 204,140
181,145 198,139
182,145 198,139
183,145 199,140
184,145 199,140
185,146 200,141
186,147 201,142
187,147 201,142
188,148 202,142
189,149 203,141
190,149 203,141
191,150 204,141
192,150 205,140
182,146 202,143
183,146 202,143
184,146 202,143
185,147 203,142
186,148 203,142
187,148 203,142
188,149 204,142
189,150 204,142
190,150 205,141
182,146 203,143
183,146 203,143
184,146 203,143
185,147 203,143
186,148 204,143
187,148 204,143
188,149 204,143
189,150 204,143
190,150 205,142
182,146 203,144
183,146 203,144
184,146 203,144
185,147 203,144
186,148 204,144
187,148 204,144
188,149 204,144
189,150 204,144
190,150 205,143
183,147 205,144
184,147 205,144
185,148 205,144
186,149 205,144
187,149 205,144
188,150 206,143
183,147 206,144
184,147 206,144
185,148 206,144
186,149 206,144
187,149 206,144
188,150 206,144
183,147 206,145
184,147 206,145
185,148 206,145
186,149 206,145
187,149 206,145
188,150 206,145
184,148 207,145
187,150 207,145
