134,149 111,109
135,149 111,109
136,148 111,109
137,148 111,108
138,147 111,108
139,146 110,107
140,145 110,107
140,144 110,107
141,143 109,106
141,142 109,106
141,141 109,105
141,140 109,105
141,139 108,104
141,138 108,104
140,137 108,104
140,136 107,103
139,136 107,103
138,135 106,102
137,135 106,102
136,134 106,101
134,149 110,108
135,149 110,108
136,148 110,108
137,148 109,107
138,147 109,107
139,146 109,107
140,145 108,106
140,144 108,106
141,143 108,106
141,142 108,105
141,141 108,105
141,140 107,104
141,139 107,104
141,138 107,104
140,137 106,103
140,136 106,103
139,136 106,103
138,135 105,102
137,135 105,102
136,134 105,101
134,149 108,107
135,149 108,107
136,148 108,107
137,148 108,107
138,147 107,106
139,146 107,106
140,145 107,106
140,144 107,105
141,143 107,105
141,142 107,105
141,141 106,104
141,140 106,104
141,139 106,104
141,138 105,103
140,137 105,103
140,136 105,103
139,136 104,102
138,135 104,102
137,135 104,102
136,134 104,101
134,148 107,107
135,148 107,107
136,147 107,107
137,147 107,107
138,146 106,106
139,145 106,106
139,144 106,106
140,143 106,105
140,142 106,105
140,141 106,105
140,140 106,105
140,139 105,104
140,138 105,104
139,137 105,104
138,136 104,103
137,136 104,103
136,135 104,103
135,134 103,102
134,148 106,107
135,148 106,107
136,147 106,107
137,147 106,107
138,146 105,106
139,145 105,106
139,144 105,106
140,143 105,105
140,142 105,105
140,141 105,105
140,140 105,105
140,139 104,104
140,138 104,104
139,137 104,104
138,136 103,103
137,136 103,103
136,135 103,103
135,134 102,102
134,148 104,106
135,148 104,106
136,147 104,106
137,147 104,106
138,146 104,106
139,145 104,106
139,144 104,105
140,143 104,105
140,142 104,105
140,141 104,105
140,140 104,105
140,139 104,105
140,138 103,104
139,137 103,104
138,136 103,104
137,136 103,104
136,135 103,104
135,134 102,103
134,147 103,106
135,147 103,106
136,146 103,106
137,146 103,106
138,145 103,106
138,144 103,106
139,143 103,105
139,142 103,105
139,141 103,105
139,140 103,105
139,139 103,105
139,138 102,104
138,137 102,104
137,137 102,104
136,136 102,104
135,135 102,104
134,134 101,103
134,147 102,106
135,147 102,106
136,146 102,106
137,146 102,106
138,145 102,106
138,144 102,106
139,143 102,105
139,142 102,105
139,141 102,105
139,140 102,105
139,139 102,105
139,138 101,104
138,137 101,104
137,137 101,104
136,136 101,104
135,135 101,104
134,134 100,103
134,146 101,106
135,146 101,106
136,145 101,106
137,144 101,106
138,143 101,106
138,142 101,106
138,141 101,106
138,140 101,105
138,139 101,105
138,138 101,105
137,138 101,105
136,137 101,105
135,136 101,105
134,135 101,105
133,134 100,104
134,146 101,107
135,146 101,107
136,145 101,107
137,144 101,107
138,143 101,107
138,142 100,106
138,141 100,106
138,140 100,106
138,139 100,106
138,138 100,106
137,138 100,105
136,137 100,105
135,136 100,105
134,135 100,105
133,134 99,104
134,146 100,107
135,146 100,107
136,145 100,107
137,144 100,107
138,143 100,107
138,142 99,106
138,141 99,106
138,140 99,106
138,139 99,106
138,138 99,106
137,138 99,105
136,137 99,105
135,136 99,105
134,135 99,105
133,134 98,104
133,146 99,107
134,145 99,107
135,145 99,107
136,144 99,107
137,143 98,106
137,142 98,106
137,141 98,106
137,140 98,106
137,139 98,105
136,138 98,105
135,137 98,105
134,136 98,105
133,135 97,104
133,146 98,107
134,145 98,107
135,145 98,107
136,144 98,107
137,143 98,107
137,142 98,107
137,141 97,106
137,140 97,106
137,139 97,106
136,138 97,106
135,137 97,106
134,136 97,106
133,135 97,105
133,145 97,107
134,144 97,107
135,144 97,107
136,143 97,107
136,142 97,107
136,141 97,107
136,140 96,106
136,139 96,106
135,138 96,106
134,137 96,106
133,136 96,106
132,135 96,105
133,145 97,108
134,144 97,108
135,144 97,108
136,143 97,108
136,142 96,107
136,141 96,107
136,140 96,107
136,139 96,107
135,138 95,106
134,137 95,106
133,136 95,106
132,135 95,105
133,145 96,108
134,144 96,108
135,144 96,108
136,143 96,108
136,142 96,108
136,141 96,108
136,140 95,107
136,139 95,107
135,138 95,107
134,137 95,107
133,136 95,107
132,135 94,106
132,145 95,108
133,144 95,108
134,143 95,108
135,142 95,108
135,141 95,108
135,140 95,108
135,139 95,108
134,138 95,108
133,137 95,108
132,136 94,107
132,145 94,108
133,144 94,108
134,143 94,108
135,142 94,108
135,141 94,108
135,140 94,108
135,139 94,108
134,138 94,108
133,137 94,108
132,136 93,107
132,144 94,109
133,143 94,109
134,142 94,109
134,141 94,109
134,140 93,108
134,139 93,108
133,138 93,108
132,137 93,108
131,136 92,107
132,144 93,109
133,143 93,109
134,142 93,109
134,141 93,109
134,140 93,109
134,139 93,109
133,138 93,109
132,137 93,109
131,136 92,108
132,144 92,109
133,143 92,109
134,142 92,109
134,141 92,109
134,140 92,109
134,139 92,109
133,138 92,109
132,137 92,109
131,136 91,108
132,143 92,110
133,142 92,110
133,141 92,110
133,140 91,109
133,139 91,109
132,138 91,109
131,137 90,108
132,143 91,110
133,142 91,110
133,141 91,110
133,140 91,110
133,139 91,110
132,138 91,110
131,137 90,109
131,143 91,111
132,142 91,111
132,141 91,111
132,140 90,110
132,139 90,110
131,138 90,110
130,137 89,109
131,143 90,111
132,142 90,111
132,141 90,111
132,140 90,111
132,139 90,111
131,138 90,111
130,137 89,110
131,143 89,111
132,142 89,111
132,141 89,111
132,140 89,111
132,139 89,111
131,138 89,111
130,137 88,110
131,142 89,112
131,141 89,112
131,140 89,112
131,139 89,112
130,138 88,111
131,142 88,112
131,141 88,112
131,140 88,112
131,139 88,112
130,138 87,111
130,141 88,113
130,140 88,113
130,139 88,113
129,138 87,112
130,141 87,113
130,140 87,113
130,139 87,113
129,138 87,113
130,141 87,114
130,140 87,114
130,139 87,114
129,138 86,113
129,139 86,114
129,139 86,115
128,139 85,115
