107,240 82,228
107,240 83,228
107,240 84,228
108,240 85,228
108,240 86,228
108,240 87,228
109,240 88,228
109,240 89,229
109,240 90,229
110,240 91,229
110,240 92,230
110,240 93,230
111,240 94,230
111,240 95,231
111,240 96,231
112,240 97,231
112,240 98,231
112,240 99,232
113,240 100,232
113,240 101,232
113,240 102,233
114,240 103,233
108,241 82,228
108,241 83,228
108,241 84,228
108,241 85,228
108,241 86,228
109,241 87,228
109,241 88,228
109,241 89,229
109,241 90,229
110,241 91,229
110,241 92,230
110,241 93,230
110,241 94,230
111,241 95,231
111,241 96,231
111,241 97,231
111,241 98,231
112,241 99,232
112,241 100,232
112,241 101,232
112,241 102,233
113,241 103,233
108,242 82,228
108,242 83,228
108,242 84,228
108,242 85,228
108,242 86,228
108,242 87,228
109,242 88,228
109,242 89,229
109,242 90,229
109,242 91,229
109,242 92,230
110,242 93,230
110,242 94,230
110,242 95,231
110,242 96,231
110,242 97,231
111,242 98,231
111,242 99,232
111,242 100,232
111,242 101,232
111,242 102,233
112,242 103,233
109,243 86,229
109,243 87,229
109,243 88,229
109,243 89,230
109,243 90,230
110,243 91,230
110,243 92,231
110,243 93,231
110,243 94,231
110,243 95,232
111,243 96,232
111,243 97,232
111,243 98,232
111,243 99,233
111,243 100,233
112,243 101,233
109,244 86,229
109,244 87,229
109,244 88,229
109,244 89,230
109,244 90,230
109,244 91,230
109,244 92,231
109,244 93,231
110,244 94,231
110,244 95,232
110,244 96,232
110,244 97,232
110,244 98,232
110,244 99,233
110,244 100,233
111,244 101,233
109,245 91,231
109,245 93,232
109,245 94,232
110,245 95,233
110,245 96,233
110,245 97,233
111,245 98,233
109,246 91,231
109,246 93,232
109,246 94,232
110,246 95,233
110,246 96,233
110,246 97,233
111,246 98,233
109,247 94,233
110,247 94,233
111,247 94,233
