160,70 167,58
160,70 168,59
160,71 169,60
161,72 170,61
161,73 170,62
161,74 171,63
161,75 172,64
161,75 173,65
161,76 174,66
161,77 175,67
162,78 176,68
162,79 177,69
162,80 177,70
162,81 178,71
161,71 167,58
161,71 168,59
162,72 169,60
162,73 170,61
162,74 170,62
162,74 171,63
162,75 172,64
162,76 173,65
162,77 174,66
162,77 175,67
163,78 176,68
163,79 177,69
163,80 177,70
163,81 178,71
162,71 167,57
162,71 168,58
163,72 169,59
163,73 170,60
163,73 171,61
163,74 171,62
163,75 172,63
163,76 173,64
163,76 174,65
163,77 175,66
164,78 176,67
164,78 177,68
164,79 178,69
164,80 178,70
164,81 179,71
164,73 168,57
164,73 169,58
164,74 170,59
164,75 171,60
164,75 172,61
164,76 172,62
164,77 173,63
164,77 174,64
165,78 175,65
165,79 176,66
165,79 177,67
165,80 178,68
165,81 179,69
164,82 179,70
165,73 168,56
165,73 169,57
165,74 170,58
165,75 171,59
165,76 172,60
165,76 173,61
165,77 173,62
166,78 174,63
166,79 175,64
166,79 176,65
166,80 177,66
166,81 178,67
165,82 179,68
166,74 169,56
166,74 170,57
166,75 171,58
166,76 172,59
166,76 173,60
166,77 174,61
167,78 174,62
167,79 175,63
167,79 176,64
167,80 177,65
167,81 178,66
166,82 179,67
167,75 170,56
167,75 171,57
167,76 172,58
167,76 173,59
167,77 174,60
168,78 175,61
168,78 175,62
168,79 176,63
168,80 177,64
168,80 178,65
168,81 179,66
167,82 180,67
168,75 171,56
168,75 172,57
168,76 173,58
168,77 174,59
169,78 175,60
169,79 176,61
169,79 176,62
169,80 177,63
169,81 178,64
168,82 179,65
167,83 180,66
169,76 172,56
169,76 173,57
169,77 174,58
170,78 175,59
170,79 176,60
170,79 177,61
170,80 177,62
170,81 178,63
169,82 179,64
168,83 180,65
170,77 173,56
170,77 174,57
171,78 175,58
171,79 176,59
171,80 177,60
171,80 178,61
171,81 178,62
170,82 179,63
169,83 180,64
171,77 174,56
171,77 175,57
172,78 176,58
172,79 177,59
172,80 178,60
172,81 179,61
171,82 179,62
170,83 180,63
173,79 175,56
173,79 176,57
173,80 177,58
173,81 178,59
172,82 179,60
171,83 180,61
170,84 180,62
174,80 176,56
174,80 177,57
174,81 178,58
173,82 179,59
172,83 180,60
171,84 181,61
175,80 176,55
175,80 177,56
175,81 178,57
174,82 179,58
173,83 180,59
172,84 181,60
176,81 177,55
175,82 178,56
174,83 179,57
173,84 180,58
172,85 181,59
176,82 178,55
175,83 179,56
174,84 180,57
173,85 181,58
177,82 179,55
176,83 179,55
175,84 180,56
174,85 181,57
177,83 180,55
176,84 180,55
175,85 181,56
177,84 181,55
176,85 181,55
