120,180 92,171
120,180 93,171
121,180 94,171
122,180 95,171
122,180 96,171
123,180 97,171
124,180 98,171
124,180 99,171
125,180 100,171
126,180 101,171
126,180 102,171
127,180 103,171
128,180 104,171
128,180 105,171
129,181 106,171
130,181 107,171
130,181 108,171
131,181 109,171
132,181 110,171
133,182 111,171
133,182 112,171
134,182 113,171
135,183 114,171
135,183 115,171
136,183 116,171
137,183 117,171
137,183 118,171
138,183 119,171
139,183 120,171
139,183 121,171
140,183 122,171
141,183 123,171
141,183 124,171
142,183 125,171
143,183 126,171
143,183 127,171
144,183 128,171
145,183 129,171
146,183 130,171
146,183 131,171
147,183 132,171
148,183 133,171
148,183 134,171
149,182 135,171
150,182 136,171
150,182 137,171
151,182 138,171
152,182 139,171
152,182 140,171
153,182 141,171
154,182 142,171
154,182 143,171
155,182 144,171
156,182 145,171
156,182 146,171
157,182 147,171
158,182 148,171
159,182 149,171
159,182 150,171
160,182 151,171
161,182 152,171
161,182 153,171
162,182 154,171
163,182 155,171
163,182 156,171
164,182 157,171
165,182 158,171
165,182 159,171
166,182 160,171
167,181 161,171
167,181 162,171
168,181 163,171
169,181 164,171
169,181 165,171
170,181 166,171
171,181 167,171
172,181 168,171
172,181 169,171
173,181 170,171
174,181 171,171
174,181 172,171
175,181 173,171
176,181 174,171
176,181 175,171
177,181 176,171
178,181 177,171
178,181 178,171
179,181 179,171
180,181 180,171
180,181 181,171
181,181 182,171
182,181 183,171
182,181 184,171
183,180 185,171
184,180 186,171
185,180 187,171
185,180 188,171
186,180 189,171
187,180 190,171
187,180 191,171
188,180 192,171
189,180 193,171
189,180 194,171
190,180 195,171
191,180 196,171
191,180 197,171
192,180 198,171
193,180 199,171
193,180 200,171
194,180 201,171
195,180 202,171
196,180 203,171
120,179 92,171
120,179 93,171
121,179 94,171
122,179 95,171
122,179 96,171
123,179 97,171
124,179 98,171
124,179 99,171
125,179 100,171
126,179 101,171
126,179 102,171
127,179 103,171
128,179 104,171
128,179 105,171
129,180 106,171
130,180 107,171
130,180 108,171
131,180 109,171
132,180 110,171
133,181 111,171
133,181 112,171
134,181 113,171
135,182 114,171
135,182 115,171
136,182 116,171
137,182 117,171
137,182 118,171
138,182 119,171
139,182 120,171
139,182 121,171
140,182 122,171
141,182 123,171
141,182 124,171
142,182 125,171
143,182 126,171
143,182 127,171
144,182 128,171
145,182 129,171
146,182 130,171
146,182 131,171
147,182 132,171
148,182 133,171
148,182 134,171
149,181 135,171
150,181 136,171
150,181 137,171
151,181 138,171
152,181 139,171
152,181 140,171
153,181 141,171
154,181 142,171
154,181 143,171
155,181 144,171
156,181 145,171
156,181 146,171
157,181 147,171
158,181 148,171
159,181 149,171
159,181 150,171
160,181 151,171
161,181 152,171
161,181 153,171
162,181 154,171
163,181 155,171
163,181 156,171
164,181 157,171
165,181 158,171
165,181 159,171
166,181 160,171
167,180 161,171
167,180 162,171
168,180 163,171
169,180 164,171
169,180 165,171
170,180 166,171
171,180 167,171
172,180 168,171
172,180 169,171
173,180 170,171
174,180 171,171
174,180 172,171
175,180 173,171
176,180 174,171
176,180 175,171
177,180 176,171
178,180 177,171
178,180 178,171
179,180 179,171
180,180 180,171
180,180 181,171
181,180 182,171
182,180 183,171
182,180 184,171
183,179 185,171
184,179 186,171
185,179 187,171
185,179 188,171
186,179 189,171
187,179 190,171
187,179 191,171
188,179 192,171
189,179 193,171
189,179 194,171
190,179 195,171
191,179 196,171
191,179 197,171
192,179 198,171
193,179 199,171
193,179 200,171
194,179 201,171
195,179 202,171
196,179 203,171
120,178 92,170
120,178 93,170
121,178 94,170
122,178 95,170
122,178 96,170
123,178 97,170
124,178 98,170
124,178 99,170
125,178 100,170
126,178 101,170
126,178 102,170
127,178 103,170
128,178 104,170
128,178 105,170
129,179 106,170
130,179 107,170
130,179 108,170
131,179 109,170
132,179 110,170
133,180 111,170
133,180 112,170
134,180 113,170
135,181 114,170
135,181 115,170
136,181 116,170
137,181 117,170
137,181 118,170
138,181 119,170
139,181 120,170
139,181 121,170
140,181 122,170
141,181 123,170
141,181 124,170
142,181 125,170
143,181 126,170
143,181 127,170
144,181 128,170
145,181 129,170
146,181 130,170
146,181 131,170
147,181 132,170
148,181 133,170
148,181 134,170
149,180 135,170
150,180 136,170
150,180 137,170
151,180 138,170
152,180 139,170
152,180 140,170
153,180 141,170
154,180 142,170
154,180 143,170
155,180 144,170
156,180 145,170
156,180 146,170
157,180 147,170
158,180 148,170
159,180 149,170
159,180 150,170
160,180 151,170
161,180 152,170
161,180 153,170
162,180 154,170
163,180 155,170
163,180 156,170
164,180 157,170
165,180 158,170
165,180 159,170
166,180 160,170
167,179 161,170
167,179 162,170
168,179 163,170
169,179 164,170
169,179 165,170
170,179 166,170
171,179 167,170
172,179 168,170
172,179 169,170
173,179 170,170
174,179 171,170
174,179 172,170
175,179 173,170
176,179 174,170
176,179 175,170
177,179 176,170
178,179 177,170
178,179 178,170
179,179 179,170
180,179 180,170
180,179 181,170
181,179 182,170
182,179 183,170
182,179 184,170
183,178 185,170
184,178 186,170
185,178 187,170
185,178 188,170
186,178 189,170
187,178 190,170
187,178 191,170
188,178 192,170
189,178 193,170
189,178 194,170
190,178 195,170
191,178 196,170
191,178 197,170
192,178 198,170
193,178 199,170
193,178 200,170
194,178 201,170
195,178 202,170
196,178 203,170
121,177 93,169
121,177 94,169
122,177 95,169
123,177 96,169
123,177 97,169
124,177 98,169
125,177 99,169
125,177 100,169
126,177 101,169
127,177 102,169
127,177 103,169
128,177 104,169
129,178 105,169
129,178 106,169
130,178 107,169
131,178 108,169
131,178 109,169
132,178 110,169
133,179 111,169
133,179 112,169
134,179 113,169
135,180 114,169
135,180 115,169
136,180 116,169
137,180 117,169
138,180 118,169
138,180 119,169
139,180 120,169
140,180 121,169
140,180 122,169
141,180 123,169
142,180 124,169
142,180 125,169
143,180 126,169
144,180 127,169
144,180 128,169
145,180 129,169
146,180 130,169
146,180 131,169
147,180 132,169
148,180 133,169
148,180 134,169
149,179 135,169
150,179 136,169
150,179 137,169
151,179 138,169
152,179 139,169
153,179 140,169
153,179 141,169
154,179 142,169
155,179 143,169
155,179 144,169
156,179 145,169
157,179 146,169
157,179 147,169
158,179 148,169
159,179 149,169
159,179 150,169
160,179 151,169
161,179 152,169
161,179 153,169
162,179 154,169
163,179 155,169
163,179 156,169
164,179 157,169
165,179 158,169
166,179 159,169
166,179 160,169
167,178 161,169
168,178 162,169
168,178 163,169
169,178 164,169
170,178 165,169
170,178 166,169
171,178 167,169
172,178 168,169
172,178 169,169
173,178 170,169
174,178 171,169
174,178 172,169
175,178 173,169
176,178 174,169
176,178 175,169
177,178 176,169
178,178 177,169
178,178 178,169
179,178 179,169
180,178 180,169
180,178 181,169
181,178 182,169
182,178 183,169
183,177 184,169
183,177 185,169
184,177 186,169
185,177 187,169
185,177 188,169
186,177 189,169
187,177 190,169
187,177 191,169
188,177 192,169
189,177 193,169
189,177 194,169
190,177 195,169
191,177 196,169
191,177 197,169
192,177 198,169
193,177 199,169
193,177 200,169
194,177 201,169
195,177 202,169
196,177 203,169
121,176 94,168
121,176 95,168
122,176 96,168
123,176 97,168
123,176 98,168
124,176 99,168
125,176 100,168
125,176 101,168
126,176 102,168
127,176 103,168
127,176 104,168
128,176 105,168
129,177 106,168
129,177 107,168
130,177 108,168
131,177 109,168
132,177 110,168
132,177 111,168
133,178 112,168
134,178 113,168
134,178 114,168
135,179 115,168
136,179 116,168
136,179 117,168
137,179 118,168
138,179 119,168
138,179 120,168
139,179 121,168
140,179 122,168
140,179 123,168
141,179 124,168
142,179 125,168
143,179 126,168
143,179 127,168
144,179 128,168
145,179 129,168
145,179 130,168
146,179 131,168
147,179 132,168
147,179 133,168
148,179 134,168
149,178 135,168
149,178 136,168
150,178 137,168
151,178 138,168
151,178 139,168
152,178 140,168
153,178 141,168
154,178 142,168
154,178 143,168
155,178 144,168
156,178 145,168
156,178 146,168
157,178 147,168
158,178 148,168
158,178 149,168
159,178 150,168
160,178 151,168
160,178 152,168
161,178 153,168
162,178 154,168
162,178 155,168
163,178 156,168
164,178 157,168
165,178 158,168
165,178 159,168
166,178 160,168
167,177 161,168
167,177 162,168
168,177 163,168
169,177 164,168
169,177 165,168
170,177 166,168
171,177 167,168
171,177 168,168
172,177 169,168
173,177 170,168
173,177 171,168
174,177 172,168
175,177 173,168
176,177 174,168
176,177 175,168
177,177 176,168
178,177 177,168
178,177 178,168
179,177 179,168
180,177 180,168
180,177 181,168
181,177 182,168
182,177 183,168
182,177 184,168
183,176 185,168
184,176 186,168
184,176 187,168
185,176 188,168
186,176 189,168
187,176 190,168
187,176 191,168
188,176 192,168
189,176 193,168
189,176 194,168
190,176 195,168
191,176 196,168
191,176 197,168
192,176 198,168
193,176 199,168
193,176 200,168
194,176 201,168
195,176 202,168
196,176 203,168
121,175 95,167
121,175 96,167
122,175 97,167
123,175 98,167
123,175 99,167
124,175 100,167
125,175 101,167
125,175 102,167
126,175 103,167
127,175 104,167
127,175 105,167
128,175 106,167
129,176 107,167
129,176 108,167
130,176 109,167
131,176 110,167
131,176 111,167
132,176 112,167
133,177 113,167
133,177 114,167
134,177 115,167
135,178 116,167
135,178 117,167
136,178 118,167
137,178 119,167
137,178 120,167
138,178 121,167
139,178 122,167
140,178 123,167
140,178 124,167
141,178 125,167
142,178 126,167
142,178 127,167
143,178 128,167
144,178 129,167
144,178 130,167
145,178 131,167
146,178 132,167
146,178 133,167
147,178 134,167
148,178 135,167
148,178 136,167
149,177 137,167
150,177 138,167
150,177 139,167
151,177 140,167
152,177 141,167
152,177 142,167
153,177 143,167
154,177 144,167
154,177 145,167
155,177 146,167
156,177 147,167
156,177 148,167
157,177 149,167
158,177 150,167
159,177 151,167
159,177 152,167
160,177 153,167
161,177 154,167
161,177 155,167
162,177 156,167
163,177 157,167
163,177 158,167
164,177 159,167
165,177 160,167
165,177 161,167
166,177 162,167
167,176 163,167
167,176 164,167
168,176 165,167
169,176 166,167
169,176 167,167
170,176 168,167
171,176 169,167
171,176 170,167
172,176 171,167
173,176 172,167
173,176 173,167
174,176 174,167
175,176 175,167
175,176 176,167
176,176 177,167
177,176 178,167
178,176 179,167
178,176 180,167
179,176 181,167
180,176 182,167
180,176 183,167
181,176 184,167
182,176 185,167
182,176 186,167
183,175 187,167
184,175 188,167
184,175 189,167
185,175 190,167
186,175 191,167
186,175 192,167
187,175 193,167
188,175 194,167
188,175 195,167
189,175 196,167
190,175 197,167
190,175 198,167
191,175 199,167
192,175 200,167
192,175 201,167
193,175 202,167
194,175 203,167
195,175 204,168
121,174 95,166
121,174 96,166
122,174 97,166
123,174 98,166
123,174 99,166
124,174 100,166
125,174 101,166
125,174 102,166
126,174 103,166
127,174 104,166
127,174 105,166
128,174 106,166
129,175 107,166
129,175 108,166
130,175 109,166
131,175 110,166
131,175 111,166
132,175 112,166
133,176 113,166
133,176 114,166
134,176 115,166
135,177 116,166
135,177 117,166
136,177 118,166
137,177 119,166
137,177 120,166
138,177 121,166
139,177 122,166
140,177 123,166
140,177 124,166
141,177 125,166
142,177 126,166
142,177 127,166
143,177 128,166
144,177 129,166
144,177 130,166
145,177 131,166
146,177 132,166
146,177 133,166
147,177 134,166
148,177 135,166
148,177 136,166
149,176 137,166
150,176 138,166
150,176 139,166
151,176 140,166
152,176 141,166
152,176 142,166
153,176 143,166
154,176 144,166
154,176 145,166
155,176 146,166
156,176 147,166
156,176 148,166
157,176 149,166
158,176 150,166
159,176 151,166
159,176 152,166
160,176 153,166
161,176 154,166
161,176 155,166
162,176 156,166
163,176 157,166
163,176 158,166
164,176 159,166
165,176 160,166
165,176 161,166
166,176 162,166
167,175 163,166
167,175 164,166
168,175 165,166
169,175 166,166
169,175 167,166
170,175 168,166
171,175 169,166
171,175 170,166
172,175 171,166
173,175 172,166
173,175 173,166
174,175 174,166
175,175 175,166
175,175 176,166
176,175 177,166
177,175 178,166
178,175 179,166
178,175 180,166
179,175 181,166
180,175 182,166
180,175 183,166
181,175 184,166
182,175 185,166
182,175 186,166
183,174 187,166
184,174 188,166
184,174 189,166
185,174 190,166
186,174 191,166
186,174 192,166
187,174 193,166
188,174 194,166
188,174 195,166
189,174 196,166
190,174 197,166
190,174 198,166
191,174 199,166
192,174 200,166
192,174 201,166
193,174 202,166
194,174 203,166
195,174 204,167
122,173 96,165
122,173 97,165
123,173 98,165
124,173 99,165
124,173 100,165
125,173 101,165
126,173 102,165
126,173 103,165
127,173 104,165
128,173 105,165
128,173 106,165
129,174 107,165
130,174 108,165
130,174 109,165
131,174 110,165
132,174 111,165
132,174 112,165
133,175 113,165
134,175 114,165
134,175 115,165
135,176 116,165
136,176 117,165
136,176 118,165
137,176 119,165
138,176 120,165
138,176 121,165
139,176 122,165
140,176 123,165
140,176 124,165
141,176 125,165
142,176 126,165
142,176 127,165
143,176 128,165
144,176 129,165
144,176 130,165
145,176 131,165
146,176 132,165
147,176 133,165
147,176 134,165
148,176 135,165
149,175 136,165
149,175 137,165
150,175 138,165
151,175 139,165
151,175 140,165
152,175 141,165
153,175 142,165
153,175 143,165
154,175 144,165
155,175 145,165
155,175 146,165
156,175 147,165
157,175 148,165
157,175 149,165
158,175 150,165
159,175 151,165
159,175 152,165
160,175 153,165
161,175 154,165
161,175 155,165
162,175 156,165
163,175 157,165
163,175 158,165
164,175 159,165
165,175 160,165
165,175 161,165
166,175 162,165
167,174 163,165
167,174 164,165
168,174 165,165
169,174 166,165
169,174 167,165
170,174 168,165
171,174 169,165
172,174 170,165
172,174 171,165
173,174 172,165
174,174 173,165
174,174 174,165
175,174 175,165
176,174 176,165
176,174 177,165
177,174 178,165
178,174 179,165
178,174 180,165
179,174 181,165
180,174 182,165
180,174 183,165
181,174 184,165
182,174 185,165
182,174 186,165
183,173 187,165
184,173 188,165
184,173 189,165
185,173 190,165
186,173 191,165
186,173 192,165
187,173 193,165
188,173 194,165
188,173 195,165
189,173 196,165
190,173 197,165
190,173 198,165
191,173 199,165
192,173 200,165
192,173 201,165
193,173 202,165
194,173 203,165
195,173 204,166
122,172 96,164
122,172 97,164
123,172 98,164
124,172 99,164
124,172 100,164
125,172 101,164
126,172 102,164
126,172 103,164
127,172 104,164
128,172 105,164
128,172 106,164
129,173 107,164
130,173 108,164
130,173 109,164
131,173 110,164
132,173 111,164
132,173 112,164
133,174 113,164
134,174 114,164
134,174 115,164
135,175 116,164
136,175 117,164
136,175 118,164
137,175 119,164
138,175 120,164
138,175 121,164
139,175 122,164
140,175 123,164
140,175 124,164
141,175 125,164
142,175 126,164
142,175 127,164
143,175 128,164
144,175 129,164
144,175 130,164
145,175 131,164
146,175 132,164
147,175 133,164
147,175 134,164
148,175 135,164
149,174 136,164
149,174 137,164
150,174 138,164
151,174 139,164
151,174 140,164
152,174 141,164
153,174 142,164
153,174 143,164
154,174 144,164
155,174 145,164
155,174 146,164
156,174 147,164
157,174 148,164
157,174 149,164
158,174 150,164
159,174 151,164
159,174 152,164
160,174 153,164
161,174 154,164
161,174 155,164
162,174 156,164
163,174 157,164
163,174 158,164
164,174 159,164
165,174 160,164
165,174 161,164
166,174 162,164
167,173 163,164
167,173 164,164
168,173 165,164
169,173 166,164
169,173 167,164
170,173 168,164
171,173 169,164
172,173 170,164
172,173 171,164
173,173 172,164
174,173 173,164
174,173 174,164
175,173 175,164
176,173 176,164
176,173 177,164
177,173 178,164
178,173 179,164
178,173 180,164
179,173 181,164
180,173 182,164
180,173 183,164
181,173 184,164
182,173 185,164
182,173 186,164
183,172 187,164
184,172 188,164
184,172 189,164
185,172 190,164
186,172 191,164
186,172 192,164
187,172 193,164
188,172 194,164
188,172 195,164
189,172 196,164
190,172 197,164
190,172 198,164
191,172 199,164
192,172 200,164
192,172 201,164
193,172 202,164
194,172 203,164
195,172 204,165
122,171 96,164
122,171 97,164
123,171 98,164
124,171 99,164
124,171 100,164
125,171 101,164
126,171 102,164
126,171 103,164
127,171 104,164
128,171 105,164
128,171 106,164
129,172 107,164
130,172 108,164
130,172 109,164
131,172 110,164
132,172 111,164
132,172 112,164
133,173 113,164
134,173 114,164
134,173 115,164
135,174 116,164
136,174 117,164
136,174 118,164
137,174 119,164
138,174 120,164
138,174 121,164
139,174 122,164
140,174 123,164
140,174 124,164
141,174 125,164
142,174 126,164
142,174 127,164
143,174 128,164
144,174 129,164
144,174 130,164
145,174 131,164
146,174 132,164
146,174 133,164
147,174 134,164
148,174 135,164
148,174 136,164
149,173 137,164
150,173 138,164
150,173 139,164
151,173 140,164
152,173 141,164
152,173 142,164
153,173 143,164
154,173 144,164
154,173 145,164
155,173 146,164
156,173 147,164
156,173 148,164
157,173 149,164
158,173 150,164
158,173 151,164
159,173 152,164
160,173 153,164
160,173 154,164
161,173 155,164
162,173 156,164
162,173 157,164
163,173 158,164
164,173 159,164
164,173 160,164
165,173 161,164
166,173 162,164
166,173 163,164
167,172 164,164
168,172 165,164
168,172 166,164
169,172 167,164
170,172 168,164
170,172 169,164
171,172 170,164
172,172 171,164
172,172 172,164
173,172 173,164
174,172 174,164
174,172 175,164
175,172 176,164
176,172 177,164
176,172 178,164
177,172 179,164
178,172 180,164
178,172 181,164
179,172 182,164
180,172 183,164
180,172 184,164
181,172 185,164
182,172 186,164
182,172 187,164
183,171 188,164
184,171 189,164
184,171 190,164
185,171 191,164
186,171 192,164
186,171 193,164
187,171 194,164
188,171 195,164
188,171 196,164
189,171 197,164
190,171 198,164
190,171 199,164
191,171 200,164
192,171 201,164
192,171 202,164
193,171 203,164
194,171 204,165
123,170 96,163
123,170 97,163
124,170 98,163
124,170 99,163
125,170 100,163
126,170 101,163
126,170 102,163
127,170 103,163
128,170 104,163
128,170 105,163
129,171 106,163
130,171 107,163
130,171 108,163
131,171 109,163
132,171 110,163
132,171 111,163
133,172 112,163
134,172 113,163
134,172 114,163
135,173 115,163
136,173 116,163
136,173 117,163
137,173 118,163
137,173 119,163
138,173 120,163
139,173 121,163
139,173 122,163
140,173 123,163
141,173 124,163
141,173 125,163
142,173 126,163
143,173 127,163
143,173 128,163
144,173 129,163
145,173 130,163
145,173 131,163
146,173 132,163
147,173 133,163
147,173 134,163
148,173 135,163
149,172 136,163
149,172 137,163
150,172 138,163
151,172 139,163
151,172 140,163
152,172 141,163
152,172 142,163
153,172 143,163
154,172 144,163
154,172 145,163
155,172 146,163
156,172 147,163
156,172 148,163
157,172 149,163
158,172 150,163
158,172 151,163
159,172 152,163
160,172 153,163
160,172 154,163
161,172 155,163
162,172 156,163
162,172 157,163
163,172 158,163
164,172 159,163
164,172 160,163
165,172 161,163
165,172 162,163
166,172 163,163
167,171 164,163
167,171 165,163
168,171 166,163
169,171 167,163
169,171 168,163
170,171 169,163
171,171 170,163
171,171 171,163
172,171 172,163
173,171 173,163
173,171 174,163
174,171 175,163
175,171 176,163
175,171 177,163
176,171 178,163
177,171 179,163
177,171 180,163
178,171 181,163
179,171 182,163
179,171 183,163
180,171 184,163
180,171 185,163
181,171 186,163
182,171 187,163
182,171 188,163
183,170 189,163
184,170 190,163
184,170 191,163
185,170 192,163
186,170 193,163
186,170 194,163
187,170 195,163
188,170 196,163
188,170 197,163
189,170 198,163
190,170 199,163
190,170 200,163
191,170 201,163
192,170 202,163
192,170 203,163
193,170 204,164
194,170 205,165
123,169 97,162
123,169 98,162
124,169 99,162
124,169 100,162
125,169 101,162
126,169 102,162
126,169 103,162
127,169 104,162
128,169 105,162
128,169 106,162
129,170 107,162
130,170 108,162
130,170 109,162
131,170 110,162
132,170 111,162
132,170 112,162
133,171 113,162
134,171 114,162
134,171 115,162
135,172 116,162
136,172 117,162
136,172 118,162
137,172 119,162
138,172 120,162
138,172 121,162
139,172 122,162
140,172 123,162
140,172 124,162
141,172 125,162
142,172 126,162
142,172 127,162
143,172 128,162
144,172 129,162
144,172 130,162
145,172 131,162
146,172 132,162
146,172 133,162
147,172 134,162
147,172 135,162
148,172 136,162
149,171 137,162
149,171 138,162
150,171 139,162
151,171 140,162
151,171 141,162
152,171 142,162
153,171 143,162
153,171 144,162
154,171 145,162
155,171 146,162
155,171 147,162
156,171 148,162
157,171 149,162
157,171 150,162
158,171 151,162
159,171 152,162
159,171 153,162
160,171 154,162
161,171 155,162
161,171 156,162
162,171 157,162
163,171 158,162
163,171 159,162
164,171 160,162
165,171 161,162
165,171 162,162
166,171 163,162
167,170 164,162
167,170 165,162
168,170 166,162
169,170 167,162
169,170 168,162
170,170 169,162
170,170 170,162
171,170 171,162
172,170 172,162
172,170 173,162
173,170 174,162
174,170 175,162
174,170 176,162
175,170 177,162
176,170 178,162
176,170 179,162
177,170 180,162
178,170 181,162
178,170 182,162
179,170 183,162
180,170 184,162
180,170 185,162
181,170 186,162
182,170 187,162
182,170 188,162
183,169 189,162
184,169 190,162
184,169 191,162
185,169 192,162
186,169 193,162
186,169 194,162
187,169 195,162
188,169 196,162
188,169 197,162
189,169 198,162
190,169 199,162
190,169 200,162
191,169 201,162
192,169 202,162
192,169 203,162
193,169 204,163
194,169 205,164
124,168 97,161
124,168 98,161
125,168 99,161
125,168 100,161
126,168 101,161
127,168 102,161
127,168 103,161
128,168 104,161
129,169 105,161
129,169 106,161
130,169 107,161
131,169 108,161
131,169 109,161
132,169 110,161
132,169 111,161
133,170 112,161
134,170 113,161
134,170 114,161
135,171 115,161
136,171 116,161
136,171 117,161
137,171 118,161
138,171 119,161
138,171 120,161
139,171 121,161
139,171 122,161
140,171 123,161
141,171 124,161
141,171 125,161
142,171 126,161
143,171 127,161
143,171 128,161
144,171 129,161
145,171 130,161
145,171 131,161
146,171 132,161
147,171 133,161
147,171 134,161
148,171 135,161
148,171 136,161
149,170 137,161
150,170 138,161
150,170 139,161
151,170 140,161
152,170 141,161
152,170 142,161
153,170 143,161
154,170 144,161
154,170 145,161
155,170 146,161
155,170 147,161
156,170 148,161
157,170 149,161
157,170 150,161
158,170 151,161
159,170 152,161
159,170 153,161
160,170 154,161
161,170 155,161
161,170 156,161
162,170 157,161
162,170 158,161
163,170 159,161
164,170 160,161
164,170 161,161
165,170 162,161
166,170 163,161
166,170 164,161
167,169 165,161
168,169 166,161
168,169 167,161
169,169 168,161
170,169 169,161
170,169 170,161
171,169 171,161
171,169 172,161
172,169 173,161
173,169 174,161
173,169 175,161
174,169 176,161
175,169 177,161
175,169 178,161
176,169 179,161
177,169 180,161
177,169 181,161
178,169 182,161
178,169 183,161
179,169 184,161
180,169 185,161
180,169 186,161
181,169 187,161
182,169 188,161
182,169 189,161
183,168 190,161
184,168 191,161
184,168 192,161
185,168 193,161
185,168 194,161
186,168 195,161
187,168 196,161
187,168 197,161
188,168 198,161
189,168 199,161
189,168 200,161
190,168 201,161
191,168 202,161
191,168 203,161
192,168 204,162
193,168 205,163
124,167 97,160
124,167 98,160
125,167 99,160
125,167 100,160
126,167 101,160
127,167 102,160
127,167 103,160
128,167 104,160
129,168 105,160
129,168 106,160
130,168 107,160
131,168 108,160
131,168 109,160
132,168 110,160
132,168 111,160
133,169 112,160
134,169 113,160
134,169 114,160
135,170 115,160
136,170 116,160
136,170 117,160
137,170 118,160
138,170 119,160
138,170 120,160
139,170 121,160
139,170 122,160
140,170 123,160
141,170 124,160
141,170 125,160
142,170 126,160
143,170 127,160
143,170 128,160
144,170 129,160
145,170 130,160
145,170 131,160
146,170 132,160
147,170 133,160
147,170 134,160
148,170 135,160
148,170 136,160
149,169 137,160
150,169 138,160
150,169 139,160
151,169 140,160
152,169 141,160
152,169 142,160
153,169 143,160
154,169 144,160
154,169 145,160
155,169 146,160
155,169 147,160
156,169 148,160
157,169 149,160
157,169 150,160
158,169 151,160
159,169 152,160
159,169 153,160
160,169 154,160
161,169 155,160
161,169 156,160
162,169 157,160
162,169 158,160
163,169 159,160
164,169 160,160
164,169 161,160
165,169 162,160
166,169 163,160
166,169 164,160
167,168 165,160
168,168 166,160
168,168 167,160
169,168 168,160
170,168 169,160
170,168 170,160
171,168 171,160
171,168 172,160
172,168 173,160
173,168 174,160
173,168 175,160
174,168 176,160
175,168 177,160
175,168 178,160
176,168 179,160
177,168 180,160
177,168 181,160
178,168 182,160
178,168 183,160
179,168 184,160
180,168 185,160
180,168 186,160
181,168 187,160
182,168 188,160
182,168 189,160
183,167 190,160
184,167 191,160
184,167 192,160
185,167 193,160
185,167 194,160
186,167 195,160
187,167 196,160
187,167 197,160
188,167 198,160
189,167 199,160
189,167 200,160
190,167 201,160
191,167 202,160
191,167 203,160
192,167 204,161
193,167 205,162
124,166 97,159
124,166 98,159
125,166 99,159
125,166 100,159
126,166 101,159
127,166 102,159
127,166 103,159
128,166 104,159
129,167 105,159
129,167 106,159
130,167 107,159
131,167 108,159
131,167 109,159
132,167 110,159
132,167 111,159
133,168 112,159
134,168 113,159
134,168 114,159
135,169 115,159
136,169 116,159
136,169 117,159
137,169 118,159
138,169 119,159
138,169 120,159
139,169 121,159
139,169 122,159
140,169 123,159
141,169 124,159
141,169 125,159
142,169 126,159
143,169 127,159
143,169 128,159
144,169 129,159
145,169 130,159
145,169 131,159
146,169 132,159
147,169 133,159
147,169 134,159
148,169 135,159
148,169 136,159
149,168 137,159
150,168 138,159
150,168 139,159
151,168 140,159
152,168 141,159
152,168 142,159
153,168 143,159
154,168 144,159
154,168 145,159
155,168 146,159
155,168 147,159
156,168 148,159
157,168 149,159
157,168 150,159
158,168 151,159
159,168 152,159
159,168 153,159
160,168 154,159
161,168 155,159
161,168 156,159
162,168 157,159
162,168 158,159
163,168 159,159
164,168 160,159
164,168 161,159
165,168 162,159
166,168 163,159
166,168 164,159
167,167 165,159
168,167 166,159
168,167 167,159
169,167 168,159
170,167 169,159
170,167 170,159
171,167 171,159
171,167 172,159
172,167 173,159
173,167 174,159
173,167 175,159
174,167 176,159
175,167 177,159
175,167 178,159
176,167 179,159
177,167 180,159
177,167 181,159
178,167 182,159
178,167 183,159
179,167 184,159
180,167 185,159
180,167 186,159
181,167 187,159
182,167 188,159
182,167 189,159
183,166 190,159
184,166 191,159
184,166 192,159
185,166 193,159
185,166 194,159
186,166 195,159
187,166 196,159
187,166 197,159
188,166 198,159
189,166 199,159
189,166 200,159
190,166 201,159
191,166 202,159
191,166 203,159
192,166 204,160
193,166 205,161
125,165 97,158
125,165 98,158
126,165 99,158
126,165 100,158
127,165 101,158
128,165 102,158
128,165 103,158
129,166 104,158
130,166 105,158
130,166 106,158
131,166 107,158
131,166 108,158
132,166 109,158
133,167 110,158
133,167 111,158
134,167 112,158
135,168 113,158
135,168 114,158
136,168 115,158
136,168 116,158
137,168 117,158
138,168 118,158
138,168 119,158
139,168 120,158
140,168 121,158
140,168 122,158
141,168 123,158
142,168 124,158
142,168 125,158
143,168 126,158
143,168 127,158
144,168 128,158
145,168 129,158
145,168 130,158
146,168 131,158
147,168 132,158
147,168 133,158
148,168 134,158
148,168 135,158
149,167 136,158
150,167 137,158
150,167 138,158
151,167 139,158
152,167 140,158
152,167 141,158
153,167 142,158
153,167 143,158
154,167 144,158
155,167 145,158
155,167 146,158
156,167 147,158
157,167 148,158
157,167 149,158
158,167 150,158
159,167 151,158
159,167 152,158
160,167 153,158
160,167 154,158
161,167 155,158
162,167 156,158
162,167 157,158
163,167 158,158
164,167 159,158
164,167 160,158
165,167 161,158
165,167 162,158
166,167 163,158
167,166 164,158
167,166 165,158
168,166 166,158
169,166 167,158
169,166 168,158
170,166 169,158
170,166 170,158
171,166 171,158
172,166 172,158
172,166 173,158
173,166 174,158
174,166 175,158
174,166 176,158
175,166 177,158
176,166 178,158
176,166 179,158
177,166 180,158
177,166 181,158
178,166 182,158
179,166 183,158
179,166 184,158
180,166 185,158
181,166 186,158
181,166 187,158
182,166 188,158
182,166 189,158
183,165 190,158
184,165 191,158
184,165 192,158
185,165 193,158
186,165 194,158
186,165 195,158
187,165 196,158
187,165 197,158
188,165 198,158
189,165 199,158
189,165 200,158
190,165 201,158
191,165 202,158
191,165 203,158
192,165 204,159
193,165 205,160
125,164 97,157
125,164 98,157
126,164 99,157
126,164 100,157
127,164 101,157
128,164 102,157
128,164 103,157
129,165 104,157
129,165 105,157
130,165 106,157
131,165 107,157
131,165 108,157
132,165 109,157
132,165 110,157
133,166 111,157
134,166 112,157
134,166 113,157
135,167 114,157
136,167 115,157
136,167 116,157
137,167 117,157
137,167 118,157
138,167 119,157
139,167 120,157
139,167 121,157
140,167 122,157
140,167 123,157
141,167 124,157
142,167 125,157
142,167 126,157
143,167 127,157
144,167 128,157
144,167 129,157
145,167 130,157
145,167 131,157
146,167 132,157
147,167 133,157
147,167 134,157
148,167 135,157
148,167 136,157
149,166 137,157
150,166 138,157
150,166 139,157
151,166 140,157
152,166 141,157
152,166 142,157
153,166 143,157
153,166 144,157
154,166 145,157
155,166 146,157
155,166 147,157
156,166 148,157
156,166 149,157
157,166 150,157
158,166 151,157
158,166 152,157
159,166 153,157
160,166 154,157
160,166 155,157
161,166 156,157
161,166 157,157
162,166 158,157
163,166 159,157
163,166 160,157
164,166 161,157
164,166 162,157
165,166 163,157
166,166 164,157
166,166 165,157
167,165 166,157
168,165 167,157
168,165 168,157
169,165 169,157
169,165 170,157
170,165 171,157
171,165 172,157
171,165 173,157
172,165 174,157
172,165 175,157
173,165 176,157
174,165 177,157
174,165 178,157
175,165 179,157
176,165 180,157
176,165 181,157
177,165 182,157
177,165 183,157
178,165 184,157
179,165 185,157
179,165 186,157
180,165 187,157
180,165 188,157
181,165 189,157
182,165 190,157
182,165 191,157
183,164 192,157
184,164 193,157
184,164 194,157
185,164 195,157
185,164 196,157
186,164 197,157
187,164 198,157
187,164 199,157
188,164 200,157
188,164 201,157
189,164 202,157
190,164 203,157
190,164 204,158
191,164 205,159
192,164 206,160
126,163 97,157
126,163 98,157
127,163 99,157
127,163 100,157
128,163 101,157
129,164 102,157
129,164 103,157
130,164 104,157
130,164 105,157
131,164 106,157
132,164 107,157
132,164 108,157
133,165 109,157
133,165 110,157
134,165 111,157
135,166 112,157
135,166 113,157
136,166 114,157
136,166 115,157
137,166 116,157
138,166 117,157
138,166 118,157
139,166 119,157
139,166 120,157
140,166 121,157
141,166 122,157
141,166 123,157
142,166 124,157
142,166 125,157
143,166 126,157
144,166 127,157
144,166 128,157
145,166 129,157
145,166 130,157
146,166 131,157
147,166 132,157
147,166 133,157
148,166 134,157
149,165 135,157
149,165 136,157
150,165 137,157
150,165 138,157
151,165 139,157
152,165 140,157
152,165 141,157
153,165 142,157
153,165 143,157
154,165 144,157
155,165 145,157
155,165 146,157
156,165 147,157
156,165 148,157
157,165 149,157
158,165 150,157
158,165 151,157
159,165 152,157
159,165 153,157
160,165 154,157
161,165 155,157
161,165 156,157
162,165 157,157
162,165 158,157
163,165 159,157
164,165 160,157
164,165 161,157
165,165 162,157
165,165 163,157
166,165 164,157
167,164 165,157
167,164 166,157
168,164 167,157
168,164 168,157
169,164 169,157
170,164 170,157
170,164 171,157
171,164 172,157
172,164 173,157
172,164 174,157
173,164 175,157
173,164 176,157
174,164 177,157
175,164 178,157
175,164 179,157
176,164 180,157
176,164 181,157
177,164 182,157
178,164 183,157
178,164 184,157
179,164 185,157
179,164 186,157
180,164 187,157
181,164 188,157
181,164 189,157
182,164 190,157
182,164 191,157
183,163 192,157
184,163 193,157
184,163 194,157
185,163 195,157
185,163 196,157
186,163 197,157
187,163 198,157
187,163 199,157
188,163 200,157
188,163 201,157
189,163 202,157
190,163 203,157
190,163 204,158
191,163 205,159
192,163 206,160
126,162 97,156
126,162 98,156
127,162 99,156
127,162 100,156
128,162 101,156
128,162 102,156
129,163 103,156
130,163 104,156
130,163 105,156
131,163 106,156
131,163 107,156
132,163 108,156
133,164 109,156
133,164 110,156
134,164 111,156
134,164 112,156
135,165 113,156
136,165 114,156
136,165 115,156
137,165 116,156
137,165 117,156
138,165 118,156
139,165 119,156
139,165 120,156
140,165 121,156
140,165 122,156
141,165 123,156
142,165 124,156
142,165 125,156
143,165 126,156
143,165 127,156
144,165 128,156
145,165 129,156
145,165 130,156
146,165 131,156
146,165 132,156
147,165 133,156
148,165 134,156
148,165 135,156
149,164 136,156
149,164 137,156
150,164 138,156
151,164 139,156
151,164 140,156
152,164 141,156
152,164 142,156
153,164 143,156
154,164 144,156
154,164 145,156
155,164 146,156
155,164 147,156
156,164 148,156
157,164 149,156
157,164 150,156
158,164 151,156
158,164 152,156
159,164 153,156
159,164 154,156
160,164 155,156
161,164 156,156
161,164 157,156
162,164 158,156
162,164 159,156
163,164 160,156
164,164 161,156
164,164 162,156
165,164 163,156
165,164 164,156
166,164 165,156
167,163 166,156
167,163 167,156
168,163 168,156
168,163 169,156
169,163 170,156
170,163 171,156
170,163 172,156
171,163 173,156
171,163 174,156
172,163 175,156
173,163 176,156
173,163 177,156
174,163 178,156
174,163 179,156
175,163 180,156
176,163 181,156
176,163 182,156
177,163 183,156
177,163 184,156
178,163 185,156
179,163 186,156
179,163 187,156
180,163 188,156
180,163 189,156
181,163 190,156
182,163 191,156
182,163 192,156
183,162 193,156
183,162 194,156
184,162 195,156
185,162 196,156
185,162 197,156
186,162 198,156
186,162 199,156
187,162 200,156
188,162 201,156
188,162 202,156
189,162 203,156
189,162 204,157
190,162 205,158
191,162 206,159
127,161 97,155
127,161 98,155
128,161 99,155
128,161 100,155
129,162 101,155
129,162 102,155
130,162 103,155
131,162 104,155
131,162 105,155
132,162 106,155
132,162 107,155
133,163 108,155
134,163 109,155
134,163 110,155
135,164 111,155
135,164 112,155
136,164 113,155
136,164 114,155
137,164 115,155
138,164 116,155
138,164 117,155
139,164 118,155
139,164 119,155
140,164 120,155
141,164 121,155
141,164 122,155
142,164 123,155
142,164 124,155
143,164 125,155
144,164 126,155
144,164 127,155
145,164 128,155
145,164 129,155
146,164 130,155
146,164 131,155
147,164 132,155
148,164 133,155
148,164 134,155
149,163 135,155
149,163 136,155
150,163 137,155
151,163 138,155
151,163 139,155
152,163 140,155
152,163 141,155
153,163 142,155
154,163 143,155
154,163 144,155
155,163 145,155
155,163 146,155
156,163 147,155
156,163 148,155
157,163 149,155
158,163 150,155
158,163 151,155
159,163 152,155
159,163 153,155
160,163 154,155
161,163 155,155
161,163 156,155
162,163 157,155
162,163 158,155
163,163 159,155
163,163 160,155
164,163 161,155
165,163 162,155
165,163 163,155
166,163 164,155
166,163 165,155
167,162 166,155
168,162 167,155
168,162 168,155
169,162 169,155
169,162 170,155
170,162 171,155
171,162 172,155
171,162 173,155
172,162 174,155
172,162 175,155
173,162 176,155
173,162 177,155
174,162 178,155
175,162 179,155
175,162 180,155
176,162 181,155
176,162 182,155
177,162 183,155
178,162 184,155
178,162 185,155
179,162 186,155
179,162 187,155
180,162 188,155
181,162 189,155
181,162 190,155
182,162 191,155
182,162 192,155
183,161 193,155
183,161 194,155
184,161 195,155
185,161 196,155
185,161 197,155
186,161 198,155
186,161 199,155
187,161 200,155
188,161 201,155
188,161 202,155
189,161 203,155
189,161 204,156
190,161 205,157
191,161 206,158
127,160 97,154
127,160 98,154
128,160 99,154
128,160 100,154
129,161 101,154
129,161 102,154
130,161 103,154
131,161 104,154
131,161 105,154
132,161 106,154
132,161 107,154
133,162 108,154
134,162 109,154
134,162 110,154
135,163 111,154
135,163 112,154
136,163 113,154
136,163 114,154
137,163 115,154
138,163 116,154
138,163 117,154
139,163 118,154
139,163 119,154
140,163 120,154
141,163 121,154
141,163 122,154
142,163 123,154
142,163 124,154
143,163 125,154
144,163 126,154
144,163 127,154
145,163 128,154
145,163 129,154
146,163 130,154
146,163 131,154
147,163 132,154
148,163 133,154
148,163 134,154
149,162 135,154
149,162 136,154
150,162 137,154
151,162 138,154
151,162 139,154
152,162 140,154
152,162 141,154
153,162 142,154
154,162 143,154
154,162 144,154
155,162 145,154
155,162 146,154
156,162 147,154
156,162 148,154
157,162 149,154
158,162 150,154
158,162 151,154
159,162 152,154
159,162 153,154
160,162 154,154
161,162 155,154
161,162 156,154
162,162 157,154
162,162 158,154
163,162 159,154
163,162 160,154
164,162 161,154
165,162 162,154
165,162 163,154
166,162 164,154
166,162 165,154
167,161 166,154
168,161 167,154
168,161 168,154
169,161 169,154
169,161 170,154
170,161 171,154
171,161 172,154
171,161 173,154
172,161 174,154
172,161 175,154
173,161 176,154
173,161 177,154
174,161 178,154
175,161 179,154
175,161 180,154
176,161 181,154
176,161 182,154
177,161 183,154
178,161 184,154
178,161 185,154
179,161 186,154
179,161 187,154
180,161 188,154
181,161 189,154
181,161 190,154
182,161 191,154
182,161 192,154
183,160 193,154
183,160 194,154
184,160 195,154
185,160 196,154
185,160 197,154
186,160 198,154
186,160 199,154
187,160 200,154
188,160 201,154
188,160 202,154
189,160 203,154
189,160 204,155
190,160 205,156
191,160 206,157
128,159 97,153
128,159 98,153
129,160 99,153
129,160 100,153
130,160 101,153
130,160 102,153
131,160 103,153
131,160 104,153
132,160 105,153
133,161 106,153
133,161 107,153
134,161 108,153
134,161 109,153
135,162 110,153
135,162 111,153
136,162 112,153
137,162 113,153
137,162 114,153
138,162 115,153
138,162 116,153
139,162 117,153
139,162 118,153
140,162 119,153
141,162 120,153
141,162 121,153
142,162 122,153
142,162 123,153
143,162 124,153
143,162 125,153
144,162 126,153
145,162 127,153
145,162 128,153
146,162 129,153
146,162 130,153
147,162 131,153
147,162 132,153
148,162 133,153
149,161 134,153
149,161 135,153
150,161 136,153
150,161 137,153
151,161 138,153
151,161 139,153
152,161 140,153
153,161 141,153
153,161 142,153
154,161 143,153
154,161 144,153
155,161 145,153
155,161 146,153
156,161 147,153
157,161 148,153
157,161 149,153
158,161 150,153
158,161 151,153
159,161 152,153
159,161 153,153
160,161 154,153
160,161 155,153
161,161 156,153
162,161 157,153
162,161 158,153
163,161 159,153
163,161 160,153
164,161 161,153
164,161 162,153
165,161 163,153
166,161 164,153
166,161 165,153
167,160 166,153
167,160 167,153
168,160 168,153
168,160 169,153
169,160 170,153
170,160 171,153
170,160 172,153
171,160 173,153
171,160 174,153
172,160 175,153
172,160 176,153
173,160 177,153
174,160 178,153
174,160 179,153
175,160 180,153
175,160 181,153
176,160 182,153
176,160 183,153
177,160 184,153
178,160 185,153
178,160 186,153
179,160 187,153
179,160 188,153
180,160 189,153
180,160 190,153
181,160 191,153
182,160 192,153
182,160 193,153
183,159 194,153
183,159 195,153
184,159 196,153
184,159 197,153
185,159 198,153
186,159 199,153
186,159 200,153
187,159 201,153
187,159 202,153
188,159 203,153
188,159 204,154
189,159 205,155
190,159 206,156
128,158 97,152
128,158 98,152
129,159 99,152
129,159 100,152
130,159 101,152
130,159 102,152
131,159 103,152
131,159 104,152
132,159 105,152
133,160 106,152
133,160 107,152
134,160 108,152
134,160 109,152
135,161 110,152
135,161 111,152
136,161 112,152
136,161 113,152
137,161 114,152
138,161 115,152
138,161 116,152
139,161 117,152
139,161 118,152
140,161 119,152
140,161 120,152
141,161 121,152
141,161 122,152
142,161 123,152
143,161 124,152
143,161 125,152
144,161 126,152
144,161 127,152
145,161 128,152
145,161 129,152
146,161 130,152
147,161 131,152
147,161 132,152
148,161 133,152
148,161 134,152
149,160 135,152
149,160 136,152
150,160 137,152
150,160 138,152
151,160 139,152
152,160 140,152
152,160 141,152
153,160 142,152
153,160 143,152
154,160 144,152
154,160 145,152
155,160 146,152
155,160 147,152
156,160 148,152
157,160 149,152
157,160 150,152
158,160 151,152
158,160 152,152
159,160 153,152
159,160 154,152
160,160 155,152
161,160 156,152
161,160 157,152
162,160 158,152
162,160 159,152
163,160 160,152
163,160 161,152
164,160 162,152
164,160 163,152
165,160 164,152
166,160 165,152
166,160 166,152
167,159 167,152
167,159 168,152
168,159 169,152
168,159 170,152
169,159 171,152
169,159 172,152
170,159 173,152
171,159 174,152
171,159 175,152
172,159 176,152
172,159 177,152
173,159 178,152
173,159 179,152
174,159 180,152
175,159 181,152
175,159 182,152
176,159 183,152
176,159 184,152
177,159 185,152
177,159 186,152
178,159 187,152
178,159 188,152
179,159 189,152
180,159 190,152
180,159 191,152
181,159 192,152
181,159 193,152
182,159 194,152
182,159 195,152
183,158 196,152
183,158 197,152
184,158 198,152
185,158 199,152
185,158 200,152
186,158 201,152
186,158 202,152
187,158 203,152
187,158 204,153
188,158 205,154
189,158 206,155
129,158 96,152
129,158 97,151
130,158 98,151
130,158 99,151
131,158 100,151
131,158 101,151
132,158 102,151
132,158 103,151
133,159 104,151
133,159 105,151
134,159 106,151
135,160 107,151
135,160 108,151
136,160 109,151
136,160 110,151
137,160 111,151
137,160 112,151
138,160 113,151
138,160 114,151
139,160 115,151
139,160 116,151
140,160 117,151
141,160 118,151
141,160 119,151
142,160 120,151
142,160 121,151
143,160 122,151
143,160 123,151
144,160 124,151
144,160 125,151
145,160 126,151
145,160 127,151
146,160 128,151
147,160 129,151
147,160 130,151
148,160 131,151
148,160 132,151
149,159 133,151
149,159 134,151
150,159 135,151
150,159 136,151
151,159 137,151
151,159 138,151
152,159 139,151
153,159 140,151
153,159 141,151
154,159 142,151
154,159 143,151
155,159 144,151
155,159 145,151
156,159 146,151
156,159 147,151
157,159 148,151
157,159 149,151
158,159 150,151
158,159 151,151
159,159 152,151
160,159 153,151
160,159 154,151
161,159 155,151
161,159 156,151
162,159 157,151
162,159 158,151
163,159 159,151
163,159 160,151
164,159 161,151
165,159 162,151
165,159 163,151
166,159 164,151
166,159 165,151
167,158 166,151
167,158 167,151
168,158 168,151
168,158 169,151
169,158 170,151
169,158 171,151
170,158 172,151
171,158 173,151
171,158 174,151
172,158 175,151
172,158 176,151
173,158 177,151
173,158 178,151
174,158 179,151
174,158 180,151
175,158 181,151
175,158 182,151
176,158 183,151
177,158 184,151
177,158 185,151
178,158 186,151
178,158 187,151
179,158 188,151
179,158 189,151
180,158 190,151
180,158 191,151
181,158 192,151
181,158 193,151
182,158 194,151
182,158 195,151
183,157 196,151
184,157 197,151
184,157 198,151
185,157 199,151
185,157 200,151
186,157 201,151
186,157 202,151
187,157 203,151
187,157 204,152
188,157 205,153
188,157 206,154
129,157 96,151
129,157 97,150
130,157 98,150
130,157 99,150
131,157 100,150
131,157 101,150
132,157 102,150
132,157 103,150
133,158 104,150
133,158 105,150
134,158 106,150
134,158 107,150
135,159 108,150
135,159 109,150
136,159 110,150
137,159 111,150
137,159 112,150
138,159 113,150
138,159 114,150
139,159 115,150
139,159 116,150
140,159 117,150
140,159 118,150
141,159 119,150
141,159 120,150
142,159 121,150
142,159 122,150
143,159 123,150
144,159 124,150
144,159 125,150
145,159 126,150
145,159 127,150
146,159 128,150
146,159 129,150
147,159 130,150
147,159 131,150
148,159 132,150
148,159 133,150
149,158 134,150
149,158 135,150
150,158 136,150
150,158 137,150
151,158 138,150
152,158 139,150
152,158 140,150
153,158 141,150
153,158 142,150
154,158 143,150
154,158 144,150
155,158 145,150
155,158 146,150
156,158 147,150
156,158 148,150
157,158 149,150
157,158 150,150
158,158 151,150
159,158 152,150
159,158 153,150
160,158 154,150
160,158 155,150
161,158 156,150
161,158 157,150
162,158 158,150
162,158 159,150
163,158 160,150
163,158 161,150
164,158 162,150
164,158 163,150
165,158 164,150
166,158 165,150
166,158 166,150
167,157 167,150
167,157 168,150
168,157 169,150
168,157 170,150
169,157 171,150
169,157 172,150
170,157 173,150
170,157 174,150
171,157 175,150
171,157 176,150
172,157 177,150
172,157 178,150
173,157 179,150
174,157 180,150
174,157 181,150
175,157 182,150
175,157 183,150
176,157 184,150
176,157 185,150
177,157 186,150
177,157 187,150
178,157 188,150
178,157 189,150
179,157 190,150
179,157 191,150
180,157 192,150
181,157 193,150
181,157 194,150
182,157 195,150
182,157 196,150
183,156 197,150
183,156 198,150
184,156 199,150
184,156 200,150
185,156 201,150
185,156 202,150
186,156 203,150
186,156 204,151
187,156 205,152
188,156 206,153
129,156 96,151
129,156 97,150
130,156 98,150
130,156 99,150
131,156 100,150
131,156 101,150
132,156 102,150
132,156 103,150
133,157 104,150
133,157 105,150
134,157 106,150
134,157 107,150
135,158 108,150
135,158 109,150
136,158 110,150
137,158 111,150
137,158 112,150
138,158 113,150
138,158 114,150
139,158 115,150
139,158 116,150
140,158 117,150
140,158 118,150
141,158 119,150
141,158 120,150
142,158 121,150
142,158 122,150
143,158 123,150
144,158 124,150
144,158 125,150
145,158 126,150
145,158 127,150
146,158 128,150
146,158 129,150
147,158 130,150
147,158 131,150
148,158 132,150
148,158 133,150
149,157 134,150
149,157 135,150
150,157 136,150
150,157 137,150
151,157 138,150
152,157 139,150
152,157 140,150
153,157 141,150
153,157 142,150
154,157 143,150
154,157 144,150
155,157 145,150
155,157 146,150
156,157 147,150
156,157 148,150
157,157 149,150
157,157 150,150
158,157 151,150
159,157 152,150
159,157 153,150
160,157 154,150
160,157 155,150
161,157 156,150
161,157 157,150
162,157 158,150
162,157 159,150
163,157 160,150
163,157 161,150
164,157 162,150
164,157 163,150
165,157 164,150
166,157 165,150
166,157 166,150
167,156 167,150
167,156 168,150
168,156 169,150
168,156 170,150
169,156 171,150
169,156 172,150
170,156 173,150
170,156 174,150
171,156 175,150
171,156 176,150
172,156 177,150
172,156 178,150
173,156 179,150
174,156 180,150
174,156 181,150
175,156 182,150
175,156 183,150
176,156 184,150
176,156 185,150
177,156 186,150
177,156 187,150
178,156 188,150
178,156 189,150
179,156 190,150
179,156 191,150
180,156 192,150
181,156 193,150
181,156 194,150
182,156 195,150
182,156 196,150
183,155 197,150
183,155 198,150
184,155 199,150
184,155 200,150
185,155 201,150
185,155 202,150
186,155 203,150
186,155 204,151
187,155 205,152
188,155 206,153
130,155 96,150
130,155 97,149
131,155 98,149
131,155 99,149
132,155 100,149
132,155 101,149
133,156 102,149
133,156 103,149
134,156 104,149
134,156 105,149
135,157 106,149
135,157 107,149
136,157 108,149
136,157 109,149
137,157 110,149
137,157 111,149
138,157 112,149
138,157 113,149
139,157 114,149
139,157 115,149
140,157 116,149
140,157 117,149
141,157 118,149
141,157 119,149
142,157 120,149
142,157 121,149
143,157 122,149
143,157 123,149
144,157 124,149
145,157 125,149
145,157 126,149
146,157 127,149
146,157 128,149
147,157 129,149
147,157 130,149
148,157 131,149
148,157 132,149
149,156 133,149
149,156 134,149
150,156 135,149
150,156 136,149
151,156 137,149
151,156 138,149
152,156 139,149
152,156 140,149
153,156 141,149
153,156 142,149
154,156 143,149
154,156 144,149
155,156 145,149
155,156 146,149
156,156 147,149
156,156 148,149
157,156 149,149
157,156 150,149
158,156 151,149
159,156 152,149
159,156 153,149
160,156 154,149
160,156 155,149
161,156 156,149
161,156 157,149
162,156 158,149
162,156 159,149
163,156 160,149
163,156 161,149
164,156 162,149
164,156 163,149
165,156 164,149
165,156 165,149
166,156 166,149
166,156 167,149
167,155 168,149
167,155 169,149
168,155 170,149
168,155 171,149
169,155 172,149
169,155 173,149
170,155 174,149
170,155 175,149
171,155 176,149
171,155 177,149
172,155 178,149
173,155 179,149
173,155 180,149
174,155 181,149
174,155 182,149
175,155 183,149
175,155 184,149
176,155 185,149
176,155 186,149
177,155 187,149
177,155 188,149
178,155 189,149
178,155 190,149
179,155 191,149
179,155 192,149
180,155 193,149
180,155 194,149
181,155 195,149
181,155 196,149
182,155 197,149
182,155 198,149
183,154 199,149
183,154 200,149
184,154 201,149
184,154 202,149
185,154 203,149
185,154 204,150
186,154 205,151
187,154 206,152
130,154 96,149
130,154 97,148
131,154 98,148
131,154 99,148
132,154 100,148
132,154 101,148
133,155 102,148
133,155 103,148
134,155 104,148
134,155 105,148
135,156 106,148
135,156 107,148
136,156 108,148
136,156 109,148
137,156 110,148
137,156 111,148
138,156 112,148
138,156 113,148
139,156 114,148
139,156 115,148
140,156 116,148
140,156 117,148
141,156 118,148
141,156 119,148
142,156 120,148
142,156 121,148
143,156 122,148
143,156 123,148
144,156 124,148
145,156 125,148
145,156 126,148
146,156 127,148
146,156 128,148
147,156 129,148
147,156 130,148
148,156 131,148
148,156 132,148
149,155 133,148
149,155 134,148
150,155 135,148
150,155 136,148
151,155 137,148
151,155 138,148
152,155 139,148
152,155 140,148
153,155 141,148
153,155 142,148
154,155 143,148
154,155 144,148
155,155 145,148
155,155 146,148
156,155 147,148
156,155 148,148
157,155 149,148
157,155 150,148
158,155 151,148
159,155 152,148
159,155 153,148
160,155 154,148
160,155 155,148
161,155 156,148
161,155 157,148
162,155 158,148
162,155 159,148
163,155 160,148
163,155 161,148
164,155 162,148
164,155 163,148
165,155 164,148
165,155 165,148
166,155 166,148
166,155 167,148
167,154 168,148
167,154 169,148
168,154 170,148
168,154 171,148
169,154 172,148
169,154 173,148
170,154 174,148
170,154 175,148
171,154 176,148
171,154 177,148
172,154 178,148
173,154 179,148
173,154 180,148
174,154 181,148
174,154 182,148
175,154 183,148
175,154 184,148
176,154 185,148
176,154 186,148
177,154 187,148
177,154 188,148
178,154 189,148
178,154 190,148
179,154 191,148
179,154 192,148
180,154 193,148
180,154 194,148
181,154 195,148
181,154 196,148
182,154 197,148
182,154 198,148
183,153 199,148
183,153 200,148
184,153 201,148
184,153 202,148
185,153 203,148
185,153 204,149
186,153 205,150
187,153 206,151
131,153 95,149
131,153 96,148
132,153 124,147
133,154 125,147
133,154 126,147
134,154 127,147
135,155 128,147
135,155 129,147
136,155 130,147
137,155 131,147
137,155 132,147
138,155 133,147
139,155 134,147
139,155 135,147
140,155 136,147
141,155 137,147
141,155 138,147
142,155 139,147
143,155 140,147
143,155 141,147
144,155 142,147
145,155 143,147
145,155 144,147
146,155 145,147
147,155 146,147
147,155 147,147
148,155 148,147
149,154 149,147
149,154 150,147
150,154 151,147
151,154 152,147
151,154 153,147
152,154 154,147
153,154 155,147
153,154 156,147
154,154 157,147
155,154 158,147
155,154 159,147
156,154 160,147
157,154 161,147
157,154 162,147
158,154 163,147
159,154 164,147
159,154 165,147
160,154 166,147
161,154 167,147
161,154 168,147
162,154 169,147
163,154 170,147
163,154 171,147
164,154 172,147
165,154 173,147
165,154 174,147
166,154 175,147
167,153 176,147
167,153 177,147
168,153 178,147
169,153 179,147
169,153 180,147
170,153 181,147
171,153 182,147
171,153 183,147
172,153 184,147
173,153 185,147
173,153 186,147
174,153 187,147
175,153 188,147
175,153 189,147
176,153 190,147
177,153 191,147
177,153 192,147
178,153 193,147
179,153 194,147
179,153 195,147
180,153 196,147
181,153 197,147
181,153 198,147
182,153 199,147
183,152 200,147
183,152 201,147
184,152 202,147
185,152 203,147
185,152 204,148
186,152 205,149
187,152 206,150
131,152 95,148
132,152 95,148
133,153 179,146
134,153 179,146
135,154 180,146
136,154 180,146
137,154 181,146
138,154 181,146
139,154 182,146
140,154 182,146
141,154 183,146
142,154 183,146
143,154 184,146
144,154 184,146
145,154 185,146
146,154 185,146
147,154 186,146
148,154 186,146
149,153 187,146
150,153 187,146
151,153 188,146
152,153 188,146
153,153 189,146
154,153 189,146
155,153 190,146
156,153 190,146
157,153 191,146
158,153 191,146
159,153 192,146
160,153 192,146
161,153 193,146
162,153 193,146
163,153 194,146
164,153 194,146
165,153 195,146
166,153 195,146
167,152 196,146
168,152 196,146
169,152 197,146
170,152 197,146
171,152 198,146
172,152 198,146
173,152 199,146
174,152 199,146
175,152 200,146
176,152 200,146
177,152 201,146
178,152 201,146
179,152 202,146
180,152 202,146
181,152 203,146
182,152 203,146
183,151 204,147
184,151 204,147
185,151 205,148
186,151 205,148
187,151 206,149
132,151 204,146
133,152 204,146
134,152 204,146
135,153 204,146
136,153 204,146
137,153 204,146
138,153 204,146
139,153 204,146
140,153 204,146
141,153 204,146
142,153 204,146
143,153 204,146
144,153 204,146
145,153 204,146
146,153 204,146
147,153 204,146
148,153 204,146
149,152 204,146
150,152 204,146
151,152 204,146
152,152 204,146
153,152 204,146
154,152 204,146
155,152 204,146
156,152 204,146
157,152 204,146
158,152 204,146
159,152 205,147
160,152 205,147
161,152 205,147
162,152 205,147
163,152 205,147
164,152 205,147
165,152 205,147
166,152 205,147
167,151 205,147
168,151 205,147
169,151 205,147
170,151 205,147
171,151 205,147
172,151 205,147
173,151 205,147
174,151 205,147
175,151 205,147
176,151 205,147
177,151 205,147
178,151 205,147
179,151 205,147
180,151 205,147
181,151 205,147
182,151 205,147
183,150 205,147
184,150 205,147
185,150 205,147
186,150 206,148
133,151 205,146
134,151 205,146
135,152 205,146
136,152 205,146
137,152 205,146
138,152 205,146
139,152 205,146
140,152 205,146
141,152 205,146
142,152 205,146
143,152 205,146
144,152 205,146
145,152 205,146
146,152 205,146
147,152 205,146
148,152 205,146
149,151 205,146
150,151 205,146
151,151 205,146
152,151 205,146
153,151 205,146
154,151 205,146
155,151 205,146
156,151 205,146
157,151 205,146
158,151 205,146
159,151 205,146
160,151 205,146
161,151 205,146
162,151 205,146
163,151 205,146
164,151 205,146
165,151 205,146
166,151 205,146
167,150 205,146
168,150 205,146
169,150 205,146
170,150 205,146
171,150 205,146
172,150 205,146
173,150 205,146
174,150 205,146
175,150 205,146
176,150 205,146
177,150 205,146
178,150 205,146
179,150 205,146
180,150 205,146
181,150 205,146
182,150 205,146
135,151 206,146
136,151 206,146
137,151 206,146
138,151 206,146
139,151 206,146
140,151 206,146
141,151 206,146
142,151 206,146
143,151 206,146
144,151 206,146
145,151 206,146
146,151 206,146
147,151 206,146
148,151 206,146
160,150 206,146
161,150 206,146
162,150 206,146
163,150 206,146
164,150 206,146
165,150 206,146
166,150 206,146
