87,160 77,125
87,160 77,124
88,159 78,123
89,159 78,122
90,158 79,121
91,157 79,120
92,156 80,119
93,155 81,119
94,155 82,118
94,155 83,118
95,154 84,117
95,153 85,116
96,152 86,116
97,151 87,116
97,150 88,116
98,149 89,116
99,148 90,116
99,148 91,116
100,147 92,115
100,146 93,115
101,145 94,115
102,144 95,115
102,143 96,115
103,142 97,116
104,141 98,116
87,160 78,124
87,160 79,123
88,159 79,122
89,159 80,121
90,158 80,120
91,157 81,120
92,156 82,119
93,155 83,119
94,155 84,118
95,154 85,117
95,153 86,117
96,152 87,117
97,151 88,117
97,150 89,117
98,149 90,117
99,148 91,117
100,147 92,116
100,146 93,116
101,145 94,116
102,144 95,116
102,143 96,116
103,142 97,117
104,141 98,117
88,160 78,125
88,160 79,124
89,160 80,123
90,159 80,122
91,158 81,121
92,157 82,120
93,156 83,120
94,156 84,119
95,155 85,118
96,154 86,118
96,153 87,118
97,152 88,118
98,151 89,118
98,150 90,118
99,149 91,118
100,148 92,117
101,147 93,117
101,146 94,117
102,145 95,117
103,144 96,117
103,143 97,118
104,142 98,118
105,141 99,117
90,160 79,125
90,160 80,124
91,159 81,123
92,158 81,122
93,157 82,121
94,157 83,121
95,156 84,120
96,155 85,119
96,155 86,119
97,154 87,119
97,153 88,119
98,152 89,119
99,151 90,119
99,150 91,119
100,149 92,118
100,149 93,118
101,148 94,118
102,147 95,118
102,146 96,118
103,145 97,119
104,144 98,119
104,143 99,118
105,142 100,117
90,160 81,124
90,160 82,123
91,159 82,122
92,158 83,122
93,157 84,121
94,157 85,120
95,156 86,120
96,155 87,120
97,154 88,120
97,153 89,120
98,152 90,120
99,151 91,120
99,150 92,119
100,149 93,119
101,148 94,119
102,147 95,119
102,146 96,119
103,145 97,120
104,144 98,120
104,143 99,119
105,142 100,118
91,160 81,125
91,160 82,124
92,159 83,123
93,158 84,122
94,158 85,121
95,157 86,121
96,156 87,121
97,155 88,121
98,154 89,121
98,153 90,121
99,152 91,121
100,151 92,120
100,150 93,120
101,149 94,120
102,148 95,120
103,147 96,120
103,146 97,121
104,145 98,121
105,144 99,120
105,143 100,119
106,142 101,118
91,161 80,125
92,160 82,125
93,159 83,124
94,159 84,123
95,158 85,122
96,157 86,122
97,156 87,122
98,155 88,122
99,154 89,122
99,153 90,122
100,152 91,122
101,151 92,121
101,150 93,121
102,149 94,121
103,148 95,121
104,147 96,121
104,146 97,122
105,145 98,122
106,144 99,121
106,143 100,120
107,142 101,119
92,161 83,125
93,160 84,124
94,160 85,123
95,159 86,123
96,158 87,123
97,157 88,123
98,156 89,123
99,155 90,123
100,154 91,123
100,153 92,122
101,152 93,122
102,151 94,122
102,150 95,122
103,149 96,122
104,148 97,123
105,147 98,123
105,146 99,122
106,145 100,121
107,144 101,120
107,143 102,119
92,161 83,126
93,160 84,125
94,160 85,124
95,159 86,124
96,158 87,124
97,157 88,124
98,156 89,124
99,155 90,124
100,154 91,124
100,153 92,123
101,152 93,123
102,151 94,123
102,150 95,123
103,149 96,123
104,148 97,124
105,147 98,124
105,146 99,123
106,145 100,122
107,144 101,121
107,143 102,120
93,161 84,126
94,161 85,125
95,160 86,125
96,159 87,125
97,158 88,125
98,157 89,125
99,156 90,125
100,155 91,125
101,154 92,124
101,153 93,124
102,152 94,124
103,151 95,124
103,150 96,124
104,149 97,125
105,148 98,125
106,147 99,124
106,146 100,123
107,145 101,122
108,144 102,121
108,143 103,120
94,162 85,126
95,161 86,126
96,160 87,126
97,159 88,126
98,158 89,126
99,157 90,126
100,156 91,126
101,155 92,125
102,154 93,125
102,153 94,125
103,152 95,125
104,151 96,125
104,150 97,126
105,149 98,126
106,148 99,125
107,147 100,124
107,146 101,123
108,145 102,122
109,144 103,121
95,162 85,127
95,162 86,127
96,161 87,127
97,160 88,127
98,159 89,127
99,158 90,127
100,157 91,127
101,156 92,126
102,155 93,126
103,154 94,126
103,154 95,126
103,153 96,126
104,152 97,127
105,151 98,127
105,150 99,126
106,149 100,125
107,148 101,124
108,147 102,123
108,146 103,122
109,145 104,121
95,162 87,128
96,161 88,128
97,160 89,128
98,159 90,128
99,158 91,128
100,157 92,127
101,156 93,127
102,155 94,127
103,154 95,127
103,153 96,127
104,152 97,128
105,151 98,128
105,150 99,127
106,149 100,126
107,148 101,125
108,147 102,124
108,146 103,123
109,145 104,122
96,162 88,129
97,161 89,129
98,160 90,129
99,159 91,129
100,158 92,128
101,157 93,128
102,156 94,128
103,155 95,128
104,154 96,128
104,153 97,129
105,152 98,129
106,151 99,128
106,150 100,127
107,149 101,126
108,148 102,125
109,147 103,124
109,146 104,123
97,162 89,130
98,161 90,130
99,160 91,130
100,159 92,129
101,158 93,129
102,157 94,129
103,156 95,129
104,155 96,129
105,154 97,130
105,153 98,130
106,152 99,129
107,151 100,128
107,150 101,127
108,149 102,126
109,148 103,125
110,147 104,124
110,146 105,123
97,162 90,131
98,161 90,131
99,160 91,131
100,159 92,130
101,158 93,130
102,157 94,130
103,156 95,130
104,155 96,130
105,154 97,131
105,153 98,131
106,152 99,130
107,151 100,129
107,150 101,128
108,149 102,127
109,148 103,126
110,147 104,125
110,146 105,124
97,163 90,132
98,162 91,132
99,161 92,131
100,160 93,131
101,159 94,131
102,158 95,131
103,157 96,131
104,156 97,132
105,155 98,132
106,154 99,131
106,153 100,130
107,152 101,129
108,151 102,128
108,150 103,127
109,149 104,126
110,148 105,125
111,147 106,124
98,163 91,133
99,162 92,132
100,161 93,132
101,160 94,132
102,159 95,132
103,158 96,132
104,157 97,133
105,156 98,133
106,155 99,132
107,154 100,131
107,153 101,130
108,152 102,129
109,151 103,128
109,150 104,127
110,149 105,126
111,148 106,125
98,164 91,134
99,163 92,133
100,162 93,133
101,161 94,133
102,160 95,133
103,159 96,133
104,158 97,134
105,157 98,134
106,156 99,133
107,155 100,132
108,154 101,131
108,153 102,130
109,152 103,129
110,151 104,128
110,150 105,127
111,149 106,126
98,164 92,134
99,163 92,134
100,162 93,134
101,161 94,134
102,160 95,134
103,159 96,134
104,158 97,135
105,157 98,135
106,156 99,134
107,155 100,133
108,154 101,132
108,153 102,131
109,152 103,130
110,151 104,129
110,150 105,128
111,149 106,127
99,164 92,135
100,163 93,135
101,162 94,135
102,161 95,135
103,160 96,135
104,159 97,136
105,158 98,136
106,157 99,135
107,156 100,134
108,155 101,133
109,154 102,132
109,153 103,131
110,152 104,130
111,151 105,129
111,150 106,128
112,149 107,127
100,164 92,136
100,164 93,136
101,163 94,136
102,162 95,136
103,161 96,136
104,160 97,137
105,159 98,137
106,158 99,136
107,157 100,135
108,156 101,134
109,155 102,133
110,154 103,132
110,153 104,131
111,152 105,130
112,151 106,129
112,150 107,128
100,165 93,137
100,165 94,137
101,164 95,137
102,163 96,137
103,162 97,138
104,161 98,138
105,160 99,137
106,159 100,136
107,158 101,135
108,157 102,134
109,156 103,133
110,155 104,132
111,154 105,131
111,153 106,130
112,152 107,129
100,165 93,138
100,165 94,138
101,164 95,138
102,163 96,138
103,162 97,139
104,161 98,139
105,160 99,138
106,159 100,137
107,158 101,136
108,157 102,135
109,156 103,134
110,155 104,133
111,154 105,132
111,153 106,131
112,152 107,130
101,165 93,139
101,165 94,139
102,164 95,139
103,163 96,139
104,162 97,140
104,162 98,140
105,161 99,139
106,160 100,138
107,159 101,137
108,158 102,136
108,158 103,135
109,157 104,134
110,156 105,133
111,155 106,132
112,153 107,131
101,166 93,140
101,166 94,140
102,165 95,140
102,165 96,140
103,164 97,141
103,164 98,141
104,163 99,140
105,162 100,139
105,162 101,138
106,161 102,137
106,161 103,136
107,160 104,135
107,160 105,134
108,159 106,133
109,158 107,132
101,166 93,141
101,166 94,141
102,165 95,141
102,165 96,141
103,164 97,142
103,164 98,142
104,163 99,141
105,162 100,140
105,162 101,139
106,161 102,138
106,161 103,137
107,160 104,136
107,160 105,135
108,159 106,134
109,158 107,133
102,166 92,141
102,166 93,142
102,166 94,142
103,165 95,142
103,165 96,142
104,164 97,143
104,164 98,143
104,164 99,142
105,163 100,141
105,163 101,140
106,162 102,139
106,162 103,138
106,162 104,137
107,161 105,136
107,161 106,135
108,160 107,134
102,167 92,142
102,167 93,143
102,167 94,143
103,166 95,143
103,166 96,143
103,166 97,144
104,165 98,144
104,165 99,143
104,165 100,142
105,164 101,141
105,164 102,140
105,164 103,139
106,163 104,138
106,163 105,137
106,163 106,136
107,162 107,135
103,167 92,143
103,167 93,144
103,167 94,144
103,167 95,144
103,167 96,144
104,166 97,145
104,166 98,145
104,166 99,144
104,166 100,143
104,166 101,142
105,165 102,141
105,165 103,140
105,165 104,139
105,165 105,138
105,165 106,137
106,164 107,136
103,167 92,144
103,167 93,145
103,167 94,145
103,167 95,145
103,167 96,145
104,166 97,146
104,166 98,146
104,166 99,145
104,166 100,144
104,166 101,143
105,165 102,142
105,165 103,141
105,165 104,140
105,165 105,139
106,164 106,138
103,168 92,145
103,168 93,146
103,168 94,146
103,168 95,146
103,168 96,146
104,167 97,147
104,167 98,147
104,167 99,146
104,167 100,145
104,167 101,144
105,166 102,143
105,166 103,142
105,166 104,141
105,166 105,140
106,165 106,139
104,168 92,146
104,168 93,147
104,168 94,147
104,168 95,147
104,168 96,147
104,168 100,146
104,168 101,145
104,168 102,144
104,168 103,143
104,168 104,142
104,168 105,141
104,169 92,147
104,169 102,145
104,169 103,144
104,169 104,143
