156,93 173,105
156,93 174,104
157,92 175,103
157,92 176,102
158,91 177,101
158,91 178,100
159,90 178,99
159,90 179,98
159,89 180,97
159,89 180,96
160,88 181,95
160,88 181,94
161,87 182,93
156,93 174,103
156,93 175,102
157,92 176,101
157,92 177,100
158,91 177,99
158,91 178,98
159,90 179,97
159,90 179,96
159,89 180,95
159,89 180,94
160,88 181,93
161,87 182,92
156,92 175,101
156,92 176,100
157,91 176,99
157,91 177,98
158,90 178,97
158,89 178,96
158,89 179,95
159,88 179,94
159,88 180,93
160,87 181,92
161,86 182,91
157,90 176,98
157,90 177,97
157,89 177,96
157,89 178,95
158,88 178,94
159,87 179,93
159,87 180,92
160,86 181,91
161,85 182,90
158,87 176,97
158,87 176,96
158,87 177,95
159,86 177,94
159,86 178,93
159,86 179,92
160,85 180,91
160,85 181,90
161,84 182,89
158,86 176,95
158,86 176,94
158,86 177,93
159,85 178,92
159,85 179,91
160,84 180,90
160,84 181,89
161,83 182,88
157,86 176,93
157,86 177,92
158,85 178,91
159,84 179,90
159,84 180,89
160,83 181,88
161,82 182,87
157,86 176,92
157,86 177,91
158,85 178,90
159,84 179,89
159,84 180,88
160,83 181,87
161,82 182,86
157,85 175,92
157,85 176,91
158,84 177,90
158,84 178,89
159,83 179,88
159,83 180,87
160,82 181,86
161,81 182,85
157,84 175,91
157,84 176,90
158,83 177,89
158,83 178,88
159,82 179,87
159,82 180,86
160,81 181,85
161,80 182,84
157,83 175,90
157,83 176,89
158,82 177,88
158,82 178,87
159,81 179,86
159,81 180,85
160,80 181,84
161,79 182,83
157,82 174,90
157,82 175,89
158,81 176,88
158,81 177,87
159,80 178,86
159,80 179,85
160,79 180,84
161,78 181,83
156,82 174,89
156,82 175,88
157,81 176,87
157,81 177,86
158,80 178,85
158,80 179,84
159,79 180,83
160,78 181,82
156,81 173,89
156,81 174,88
157,80 175,87
157,80 176,86
158,79 177,85
158,79 178,84
159,78 179,83
159,78 180,82
160,77 181,81
156,81 173,88
156,81 174,87
157,80 175,86
157,80 176,85
158,79 177,84
158,79 178,83
159,78 179,82
159,78 180,81
160,77 181,80
156,80 172,88
156,80 173,87
157,79 174,86
157,79 175,85
158,78 176,84
158,78 177,83
159,77 178,82
159,77 179,81
160,76 180,80
155,80 172,87
155,80 173,86
156,79 174,85
156,79 175,84
157,78 176,83
158,77 177,82
158,77 178,81
159,76 179,80
160,75 180,79
155,79 171,87
155,79 172,86
156,78 173,85
156,78 174,84
157,77 175,83
157,77 176,82
158,76 177,81
158,76 178,80
159,75 179,79
160,74 180,78
154,79 171,86
154,79 172,85
155,78 173,84
156,77 174,83
156,77 175,82
157,76 176,81
158,75 177,80
158,75 178,79
159,74 179,78
160,73 180,77
154,78 170,86
154,78 171,85
155,77 172,84
156,76 173,83
156,76 174,82
157,75 175,81
158,74 176,80
158,74 177,79
159,73 178,78
160,72 179,77
153,78 169,86
153,78 170,85
154,77 171,84
154,77 172,83
155,76 173,82
156,75 174,81
156,75 175,80
157,74 176,79
157,74 177,78
158,73 178,77
159,72 179,76
153,78 169,85
153,78 170,84
154,77 171,83
154,77 172,82
155,76 173,81
156,75 174,80
156,75 175,79
157,74 176,78
157,74 177,77
158,73 178,76
159,72 179,75
153,77 168,85
153,77 169,84
154,76 170,83
154,76 171,82
155,75 172,81
156,74 173,80
156,74 174,79
157,73 175,78
157,73 176,77
158,72 177,76
159,71 178,75
152,77 167,85
152,77 168,84
153,76 169,83
153,76 170,82
154,75 171,81
155,74 172,80
155,74 173,79
156,73 174,78
157,72 175,77
157,72 176,76
158,71 177,75
159,70 178,74
152,76 166,85
152,76 167,84
152,76 172,79
153,75 173,78
153,75 174,77
153,75 175,76
154,74 176,75
154,74 177,74
155,73 178,73
151,76 175,75
151,76 176,74
152,75 177,73
153,74 178,72
151,75 176,73
151,75 177,72
150,75 177,71
