146,130 106,100
146,130 107,100
146,130 108,100
146,130 109,100
147,130 110,101
147,130 111,102
147,130 112,103
147,130 113,103
148,130 114,104
148,130 115,105
148,130 116,105
149,130 117,106
149,130 118,107
149,130 119,107
149,130 120,108
150,130 121,109
150,130 122,109
150,130 123,110
150,130 124,111
151,130 125,111
151,130 126,112
151,130 127,113
152,130 128,113
152,130 129,114
152,130 130,114
152,130 131,115
153,130 132,115
153,130 133,116
153,130 134,116
153,130 135,117
154,130 136,117
154,130 137,117
154,130 138,118
155,130 139,118
155,130 140,118
155,130 141,119
155,130 142,119
156,130 143,119
156,130 144,120
156,130 145,120
156,130 146,120
157,130 147,120
157,130 148,120
157,130 149,120
158,130 150,120
158,130 151,120
158,130 152,120
158,130 153,120
159,130 154,120
159,130 155,120
159,130 156,120
159,130 157,120
160,129 158,119
160,129 159,119
160,129 160,119
161,129 161,119
161,129 162,118
161,129 163,118
161,129 164,117
162,129 165,117
162,129 166,117
162,129 167,116
162,129 168,116
163,129 169,115
163,129 170,115
163,129 171,114
164,129 172,114
164,129 173,113
164,129 174,113
164,129 175,112
165,129 176,111
165,129 176,112
165,129 177,111
165,129 178,110
166,129 179,109
166,129 180,109
166,129 181,108
167,129 182,107
167,129 183,107
167,129 184,106
167,129 185,105
168,129 186,105
168,129 187,104
168,129 188,103
168,129 189,103
169,129 190,102
169,129 191,101
169,129 192,100
170,129 193,100
170,129 194,99
170,129 195,98
170,129 196,98
171,129 197,97
171,129 198,96
171,129 199,95
172,129 200,94
146,130 107,101
146,130 108,101
146,130 109,101
146,130 110,102
147,130 111,103
147,130 112,104
147,130 113,104
147,130 114,105
148,130 115,106
148,130 116,106
148,130 117,107
149,130 118,108
149,130 119,108
149,130 120,109
149,130 121,110
150,130 122,110
150,130 123,111
150,130 124,112
151,130 125,112
151,130 126,113
151,130 127,114
151,130 128,114
152,130 129,115
152,130 130,115
152,130 131,116
152,130 132,116
153,130 133,117
153,130 134,117
153,130 135,118
154,130 136,118
154,130 137,118
154,130 138,119
154,130 139,119
155,130 140,119
155,130 141,120
155,130 142,120
156,130 143,120
156,130 144,121
156,130 145,121
156,130 146,121
157,130 147,121
157,130 148,121
157,130 149,121
158,130 150,121
158,130 151,121
158,130 152,121
158,130 153,121
159,130 154,121
159,130 155,121
159,130 156,121
159,130 157,121
160,129 158,120
160,129 159,120
160,129 160,120
161,129 161,120
161,129 162,119
161,129 163,119
161,129 164,118
162,129 165,118
162,129 166,118
162,129 167,117
163,129 168,117
163,129 169,116
163,129 170,116
163,129 171,115
164,129 172,115
164,129 173,114
164,129 174,114
165,129 175,113
165,129 176,113
165,129 177,112
165,129 178,111
166,129 179,110
166,129 180,110
166,129 181,109
166,129 182,108
167,129 183,108
167,129 184,107
167,129 185,106
168,129 186,106
168,129 187,105
168,129 188,104
168,129 189,104
169,129 190,103
169,129 191,102
169,129 192,101
170,129 193,101
170,129 194,100
170,129 195,99
170,129 196,99
171,129 197,98
171,129 198,97
171,129 199,96
171,129 200,95
146,131 107,102
146,131 108,102
146,131 109,102
146,131 110,103
147,131 111,104
147,131 112,105
147,131 113,105
147,131 114,106
148,131 115,107
148,131 116,107
148,131 117,108
149,131 118,109
149,131 119,109
149,131 120,110
149,131 121,111
150,131 122,111
150,131 123,112
150,131 124,113
150,131 125,113
151,131 126,114
151,131 127,115
151,131 128,115
152,131 129,116
152,131 130,116
152,131 131,117
152,131 132,117
153,131 133,118
153,131 134,118
153,131 135,119
154,131 136,119
154,131 137,119
154,131 138,120
154,131 139,120
155,131 140,120
155,131 141,121
155,131 142,121
155,131 143,121
156,131 144,122
156,131 145,122
156,131 146,122
157,131 147,122
157,131 148,122
157,131 149,122
157,131 150,122
158,131 151,122
158,131 152,122
158,131 153,122
159,131 154,122
159,131 155,122
159,131 156,122
159,131 157,122
160,130 158,121
160,130 159,121
160,130 160,121
160,130 161,121
161,130 162,120
161,130 163,120
161,130 164,119
162,130 165,119
162,130 166,119
162,130 167,118
162,130 168,118
163,130 169,117
163,130 170,117
163,130 171,116
163,130 172,116
164,130 173,115
164,130 174,115
164,130 175,114
165,130 176,114
165,130 177,113
165,130 178,112
165,130 179,111
166,130 180,111
166,130 181,110
166,130 182,109
167,130 183,109
167,130 184,108
167,130 185,107
167,130 186,107
168,130 187,106
168,130 188,105
168,130 189,105
168,130 190,104
169,130 191,103
169,130 192,102
169,130 193,102
170,130 194,101
170,130 195,100
170,130 196,100
170,130 197,99
171,130 198,98
171,130 199,97
171,130 200,96
172,130 201,95
146,131 108,103
146,131 109,103
146,131 110,104
146,131 111,105
147,131 112,106
147,131 113,106
147,131 114,107
147,131 115,108
148,131 116,108
148,131 117,109
148,131 118,110
149,131 119,110
149,131 120,111
149,131 121,112
149,131 122,112
150,131 123,113
150,131 124,114
150,131 125,114
151,131 126,115
151,131 127,116
151,131 128,116
151,131 129,117
152,131 130,117
152,131 131,118
152,131 132,118
152,131 133,119
153,131 134,119
153,131 135,120
153,131 136,120
154,131 137,120
154,131 138,121
154,131 139,121
154,131 140,121
155,131 141,122
155,131 142,122
155,131 143,122
156,131 144,123
156,131 145,123
156,131 146,123
156,131 147,123
157,131 148,123
157,131 149,123
157,131 150,123
158,131 151,123
158,131 152,123
158,131 153,123
158,131 154,123
159,131 155,123
159,131 156,123
159,131 157,123
159,131 158,122
160,130 159,122
160,130 160,122
160,130 161,122
161,130 162,121
161,130 163,121
161,130 164,120
161,130 165,120
162,130 166,120
162,130 167,119
162,130 168,119
163,130 169,118
163,130 170,118
163,130 171,117
163,130 172,117
164,130 173,116
164,130 174,116
164,130 175,115
165,130 176,115
165,130 177,114
165,130 178,113
165,130 179,112
166,130 180,112
166,130 181,111
166,130 182,110
166,130 183,110
167,130 184,109
167,130 185,108
167,130 186,108
168,130 187,107
168,130 188,106
168,130 189,106
168,130 190,105
169,130 191,104
169,130 192,103
169,130 193,103
170,130 194,102
170,130 195,101
170,130 196,101
170,130 197,100
171,130 198,99
171,130 199,98
171,130 200,97
171,130 201,96
145,131 109,104
145,131 110,105
145,131 111,106
145,131 112,107
146,132 113,107
146,132 114,108
146,132 115,109
147,132 116,109
147,132 117,110
147,132 118,111
148,132 119,111
148,132 120,112
148,132 121,113
148,132 122,113
149,132 123,114
149,132 124,115
149,132 125,115
150,132 126,116
150,132 127,117
150,132 128,117
151,132 129,118
151,132 130,118
151,132 131,119
151,132 132,119
152,132 133,120
152,132 134,120
152,132 135,121
153,132 136,121
153,132 137,121
153,132 138,122
154,132 139,122
154,132 140,122
154,132 141,123
154,132 142,123
155,132 143,123
155,132 144,124
155,132 145,124
156,132 146,124
156,132 147,124
156,132 148,124
157,132 149,124
157,132 150,124
157,132 151,124
157,132 152,124
158,132 153,124
158,132 154,124
158,132 155,124
159,132 156,124
159,132 157,124
159,132 158,123
160,131 159,123
160,131 160,123
160,131 161,123
160,131 162,122
161,131 163,122
161,131 164,121
161,131 165,121
162,131 166,121
162,131 167,120
162,131 168,120
163,131 169,119
163,131 170,119
163,131 171,118
163,131 172,118
164,131 173,117
164,131 174,117
164,131 175,116
165,131 176,116
165,131 177,115
165,131 178,114
166,131 179,113
166,131 180,113
166,131 181,112
166,131 182,111
167,131 183,111
167,131 184,110
167,131 185,109
168,131 186,109
168,131 187,108
168,131 188,107
169,131 189,107
169,131 190,106
169,131 191,105
169,131 192,104
170,131 193,104
170,131 194,103
170,131 195,102
171,131 196,102
171,131 197,101
171,131 198,100
172,131 199,99
172,131 200,98
172,131 201,97
173,130 202,96
145,131 110,106
145,131 111,107
145,131 112,108
145,131 113,108
146,132 114,109
146,132 115,110
146,132 116,110
147,132 117,111
147,132 118,112
147,132 119,112
148,132 120,113
148,132 121,114
148,132 122,114
148,132 123,115
149,132 124,116
149,132 125,116
149,132 126,117
150,132 127,118
150,132 128,118
150,132 129,119
151,132 130,119
151,132 131,120
151,132 132,120
152,132 133,121
152,132 134,121
152,132 135,122
152,132 136,122
153,132 137,122
153,132 138,123
153,132 139,123
154,132 140,123
154,132 141,124
154,132 142,124
155,132 143,124
155,132 144,125
155,132 145,125
155,132 146,125
156,132 147,125
156,132 148,125
156,132 149,125
157,132 150,125
157,132 151,125
157,132 152,125
158,132 153,125
158,132 154,125
158,132 155,125
159,132 156,125
159,132 157,125
159,132 158,124
159,132 159,124
160,131 160,124
160,131 161,124
160,131 162,123
161,131 163,123
161,131 164,122
161,131 165,122
162,131 166,122
162,131 167,121
162,131 168,121
162,131 169,120
163,131 170,120
163,131 171,119
163,131 172,119
164,131 173,118
164,131 174,118
164,131 175,117
165,131 176,117
165,131 177,116
165,131 178,115
166,131 179,114
166,131 180,114
166,131 181,113
166,131 182,112
167,131 183,112
167,131 184,111
167,131 185,110
168,131 186,110
168,131 187,109
168,131 188,108
169,131 189,108
169,131 190,107
169,131 191,106
169,131 192,105
170,131 193,105
170,131 194,104
170,131 195,103
171,131 196,103
171,131 197,102
171,131 198,101
172,131 199,100
172,131 200,99
172,131 201,98
173,130 202,97
145,132 112,109
145,132 113,109
145,132 114,110
145,132 115,111
146,133 116,111
146,133 117,112
146,133 118,113
147,133 119,113
147,133 120,114
147,133 121,115
148,133 122,115
148,133 123,116
148,133 124,117
149,133 125,117
149,133 126,118
149,133 127,119
149,133 128,119
150,133 129,120
150,133 130,120
150,133 131,121
151,133 132,121
151,133 133,122
151,133 134,122
152,133 135,123
152,133 136,123
152,133 137,123
153,133 138,124
153,133 139,124
153,133 140,124
153,133 141,125
154,133 142,125
154,133 143,125
154,133 144,126
155,133 145,126
155,133 146,126
155,133 147,126
156,133 148,126
156,133 149,126
156,133 150,126
157,133 151,126
157,133 152,126
157,133 153,126
157,133 154,126
158,133 155,126
158,133 156,126
158,133 157,126
159,133 158,125
159,133 159,125
159,133 160,125
160,132 161,125
160,132 162,124
160,132 163,124
161,132 164,123
161,132 165,123
161,132 166,123
161,132 167,122
162,132 168,122
162,132 169,121
162,132 170,121
163,132 171,120
163,132 172,120
163,132 173,119
164,132 174,119
164,132 175,118
164,132 176,118
165,132 177,117
165,132 178,116
165,132 179,115
165,132 180,115
166,132 181,114
166,132 182,113
166,132 183,113
167,132 184,112
167,132 185,111
167,132 186,111
168,132 187,110
168,132 188,109
168,132 189,109
169,132 190,108
169,132 191,107
169,132 192,106
169,132 193,106
170,132 194,105
170,132 195,104
170,132 196,104
171,132 197,103
171,132 198,102
171,132 199,101
172,132 200,100
172,132 201,99
172,132 202,98
173,131 203,97
145,132 113,110
145,132 114,111
145,132 115,112
145,132 116,112
146,133 117,113
146,133 118,114
146,133 119,114
147,133 120,115
147,133 121,116
147,133 122,116
148,133 123,117
148,133 124,118
148,133 125,118
149,133 126,119
149,133 127,120
149,133 128,120
149,133 129,121
150,133 130,121
150,133 131,122
150,133 132,122
151,133 133,123
151,133 134,123
151,133 135,124
152,133 136,124
152,133 137,124
152,133 138,125
153,133 139,125
153,133 140,125
153,133 141,126
154,133 142,126
154,133 143,126
154,133 144,127
154,133 145,127
155,133 146,127
155,133 147,127
155,133 148,127
156,133 149,127
156,133 150,127
156,133 151,127
157,133 152,127
157,133 153,127
157,133 154,127
158,133 155,127
158,133 156,127
158,133 157,127
159,133 158,126
159,133 159,126
159,133 160,126
159,133 161,126
160,132 162,125
160,132 163,125
160,132 164,124
161,132 165,124
161,132 166,124
161,132 167,123
162,132 168,123
162,132 169,122
162,132 170,122
163,132 171,121
163,132 172,121
163,132 173,120
163,132 174,120
164,132 175,119
164,132 176,119
164,132 177,118
165,132 178,117
165,132 179,116
165,132 180,116
166,132 181,115
166,132 182,114
166,132 183,114
167,132 184,113
167,132 185,112
167,132 186,112
168,132 187,111
168,132 188,110
168,132 189,110
168,132 190,109
169,132 191,108
169,132 192,107
169,132 193,107
170,132 194,106
170,132 195,105
170,132 196,105
171,132 197,104
171,132 198,103
171,132 199,102
172,132 200,101
172,132 201,100
172,132 202,99
173,131 203,98
144,132 114,112
144,132 115,113
144,132 116,113
145,133 117,114
145,133 118,115
145,133 119,115
146,134 120,116
146,134 121,117
146,134 122,117
147,134 123,118
147,134 124,119
147,134 125,119
148,134 126,120
148,134 127,121
148,134 128,121
149,134 129,122
149,134 130,122
149,134 131,123
150,134 132,123
150,134 133,124
150,134 134,124
151,134 135,125
151,134 136,125
151,134 137,125
152,134 138,126
152,134 139,126
152,134 140,126
153,134 141,127
153,134 142,127
153,134 143,127
154,134 144,128
154,134 145,128
154,134 146,128
155,134 147,128
155,134 148,128
155,134 149,128
156,134 150,128
156,134 151,128
156,134 152,128
157,134 153,128
157,134 154,128
157,134 155,128
158,134 156,128
158,134 157,128
158,134 158,127
159,134 159,127
159,134 160,127
159,134 161,127
160,133 162,126
160,133 163,126
160,133 164,125
161,133 165,125
161,133 166,125
161,133 167,124
162,133 168,124
162,133 169,123
162,133 170,123
163,133 171,122
163,133 172,122
163,133 173,121
164,133 174,121
164,133 175,120
164,133 176,120
165,133 177,119
165,133 178,118
165,133 179,117
166,133 180,117
166,133 181,116
166,133 182,115
167,133 183,115
167,133 184,114
167,133 185,113
168,133 186,113
168,133 187,112
168,133 188,111
169,133 189,111
169,133 190,110
169,133 191,109
170,133 192,108
170,133 193,108
170,133 194,107
171,133 195,106
171,133 196,106
171,133 197,105
172,133 198,104
172,133 199,103
172,133 200,102
173,132 201,101
173,132 202,100
173,132 203,99
174,131 204,98
144,133 115,114
144,133 116,114
144,133 117,115
145,134 118,116
145,134 119,116
145,134 120,117
146,135 121,118
146,135 122,118
146,135 123,119
147,135 124,120
147,135 125,120
147,135 126,121
148,135 127,122
148,135 128,122
148,135 129,123
149,135 130,123
149,135 131,124
149,135 132,124
150,135 133,125
150,135 134,125
150,135 135,126
151,135 136,126
151,135 137,126
151,135 138,127
152,135 139,127
152,135 140,127
152,135 141,128
153,135 142,128
153,135 143,128
153,135 144,129
154,135 145,129
154,135 146,129
154,135 147,129
155,135 148,129
155,135 149,129
155,135 150,129
156,135 151,129
156,135 152,129
156,135 153,129
157,135 154,129
157,135 155,129
157,135 156,129
158,135 157,129
158,135 158,128
158,135 159,128
159,135 160,128
159,135 161,128
159,135 162,127
160,134 163,127
160,134 164,126
160,134 165,126
161,134 166,126
161,134 167,125
161,134 168,125
162,134 169,124
162,134 170,124
162,134 171,123
163,134 172,123
163,134 173,122
163,134 174,122
164,134 175,121
164,134 176,121
164,134 177,120
165,134 178,119
165,134 179,118
165,134 180,118
166,134 181,117
166,134 182,116
166,134 183,116
167,134 184,115
167,134 185,114
167,134 186,114
168,134 187,113
168,134 188,112
168,134 189,112
169,134 190,111
169,134 191,110
169,134 192,109
170,134 193,109
170,134 194,108
170,134 195,107
171,134 196,107
171,134 197,106
171,134 198,105
172,134 199,104
172,134 200,103
172,134 201,102
173,133 202,101
173,133 203,100
174,132 204,99
144,133 115,115
144,133 116,115
144,133 117,116
145,134 118,117
145,134 119,117
145,134 120,118
146,135 121,119
146,135 122,119
146,135 123,120
147,135 124,121
147,135 125,121
147,135 126,122
148,135 127,123
148,135 128,123
148,135 129,124
149,135 130,124
149,135 131,125
149,135 132,125
150,135 133,126
150,135 134,126
150,135 135,127
151,135 136,127
151,135 137,127
151,135 138,128
152,135 139,128
152,135 140,128
152,135 141,129
153,135 142,129
153,135 143,129
153,135 144,130
154,135 145,130
154,135 146,130
154,135 147,130
155,135 148,130
155,135 149,130
155,135 150,130
156,135 151,130
156,135 152,130
156,135 153,130
157,135 154,130
157,135 155,130
157,135 156,130
158,135 157,130
158,135 158,129
158,135 159,129
159,135 160,129
159,135 161,129
159,135 162,128
160,134 163,128
160,134 164,127
160,134 165,127
161,134 166,127
161,134 167,126
161,134 168,126
162,134 169,125
162,134 170,125
162,134 171,124
163,134 172,124
163,134 173,123
163,134 174,123
164,134 175,122
164,134 176,122
164,134 177,121
165,134 178,120
165,134 179,119
165,134 180,119
166,134 181,118
166,134 182,117
166,134 183,117
167,134 184,116
167,134 185,115
167,134 186,115
168,134 187,114
168,134 188,113
168,134 189,113
169,134 190,112
169,134 191,111
169,134 192,110
170,134 193,110
170,134 194,109
170,134 195,108
171,134 196,108
171,134 197,107
171,134 198,106
172,134 199,105
172,134 200,104
172,134 201,103
173,133 202,102
173,133 203,101
173,133 204,100
174,132 205,99
143,133 116,116
143,133 117,117
143,133 118,118
144,134 119,118
144,134 120,119
144,134 121,120
145,135 122,120
145,135 123,121
145,135 124,122
146,136 125,122
146,136 126,123
147,136 127,124
147,136 128,124
147,136 129,125
148,136 130,125
148,136 131,126
148,136 132,126
149,136 133,127
149,136 134,127
149,136 135,128
150,136 136,128
150,136 137,128
151,136 138,129
151,136 139,129
151,136 140,129
152,136 141,130
152,136 142,130
152,136 143,130
153,136 144,131
153,136 145,131
154,136 146,131
154,136 147,131
154,136 148,131
155,136 149,131
155,136 150,131
155,136 151,131
156,136 152,131
156,136 153,131
156,136 154,131
157,136 155,131
157,136 156,131
158,136 157,131
158,136 158,130
158,136 159,130
159,136 160,130
159,136 161,130
159,136 162,129
160,135 163,129
160,135 164,128
161,135 165,128
161,135 166,128
161,135 167,127
162,135 168,127
162,135 169,126
162,135 170,126
163,135 171,125
163,135 172,125
163,135 173,124
164,135 174,124
164,135 175,123
165,135 176,123
165,135 177,122
165,135 178,121
166,135 179,120
166,135 180,120
166,135 181,119
167,135 182,118
167,135 183,118
168,135 184,117
168,135 185,116
168,135 186,116
169,135 187,115
169,135 188,114
169,135 189,114
170,135 190,113
170,135 191,112
170,135 192,111
171,135 193,111
171,135 194,110
172,135 195,109
172,135 196,109
172,135 197,108
173,134 198,107
173,134 199,106
173,134 200,105
174,133 201,104
174,133 202,103
175,132 203,102
143,133 116,117
143,133 117,118
143,133 118,119
144,134 119,119
144,134 120,120
144,134 121,121
145,135 122,121
145,135 123,122
146,136 124,123
146,136 125,123
146,136 126,124
147,136 127,125
147,136 128,125
147,136 129,126
148,136 130,126
148,136 131,127
149,136 132,127
149,136 133,128
149,136 134,128
150,136 135,129
150,136 136,129
150,136 137,129
151,136 138,130
151,136 139,130
152,136 140,130
152,136 141,131
152,136 142,131
153,136 143,131
153,136 144,132
153,136 145,132
154,136 146,132
154,136 147,132
155,136 148,132
155,136 149,132
155,136 150,132
156,136 151,132
156,136 152,132
156,136 153,132
157,136 154,132
157,136 155,132
158,136 156,132
158,136 157,132
158,136 158,131
159,136 159,131
159,136 160,131
159,136 161,131
160,135 162,130
160,135 163,130
161,135 164,129
161,135 165,129
161,135 166,129
162,135 167,128
162,135 168,128
162,135 169,127
163,135 170,127
163,135 171,126
164,135 172,126
164,135 173,125
164,135 174,125
165,135 175,124
165,135 176,124
165,135 177,123
166,135 178,122
166,135 179,121
167,135 180,121
167,135 181,120
167,135 182,119
168,135 183,119
168,135 184,118
168,135 185,117
169,135 186,117
169,135 187,116
170,135 188,115
170,135 189,115
170,135 190,114
171,135 191,113
171,135 192,112
171,135 193,112
172,135 194,111
172,135 195,110
173,134 196,110
173,134 197,109
173,134 198,108
174,133 199,107
174,133 200,106
175,132 201,105
143,134 116,118
143,134 117,119
143,134 118,120
144,135 119,120
144,135 120,121
144,135 121,122
145,136 122,122
145,136 123,123
146,137 124,124
146,137 125,124
146,137 126,125
147,137 127,126
147,137 128,126
147,137 129,127
148,137 130,127
148,137 131,128
149,137 132,128
149,137 133,129
149,137 134,129
150,137 135,130
150,137 136,130
151,137 137,130
151,137 138,131
151,137 139,131
152,137 140,131
152,137 141,132
152,137 142,132
153,137 143,132
153,137 144,133
154,137 145,133
154,137 146,133
154,137 147,133
155,137 148,133
155,137 149,133
155,137 150,133
156,137 151,133
156,137 152,133
157,137 153,133
157,137 154,133
157,137 155,133
158,137 156,133
158,137 157,133
159,137 158,132
159,137 159,132
159,137 160,132
160,136 161,132
160,136 162,131
160,136 163,131
161,136 164,130
161,136 165,130
162,136 166,130
162,136 167,129
162,136 168,129
163,136 169,128
163,136 170,128
163,136 171,127
164,136 172,127
164,136 173,126
165,136 174,126
165,136 175,125
165,136 176,125
166,136 177,124
166,136 178,123
167,136 179,122
167,136 180,122
167,136 181,121
168,136 182,120
168,136 183,120
168,136 184,119
169,136 185,118
169,136 186,118
170,136 187,117
170,136 188,116
170,136 189,116
171,136 190,115
171,136 191,114
171,136 192,113
172,136 193,113
172,136 194,112
173,135 195,111
173,135 196,111
173,135 197,110
174,134 198,109
174,134 199,108
175,133 200,107
143,134 117,120
143,134 118,121
143,134 119,121
144,135 120,122
144,135 121,123
145,136 122,123
145,136 123,124
145,136 124,125
146,137 125,125
146,137 126,126
147,137 127,127
147,137 128,127
147,137 129,128
148,137 130,128
148,137 131,129
149,137 132,129
149,137 133,130
149,137 134,130
150,137 135,131
150,137 136,131
151,137 137,131
151,137 138,132
151,137 139,132
152,137 140,132
152,137 141,133
153,137 142,133
153,137 143,133
153,137 144,134
154,137 145,134
154,137 146,134
155,137 147,134
155,137 148,134
155,137 149,134
156,137 150,134
156,137 151,134
157,137 152,134
157,137 153,134
157,137 154,134
158,137 155,134
158,137 156,134
159,137 157,134
159,137 158,133
159,137 159,133
160,136 160,133
160,136 161,133
161,136 162,132
161,136 163,132
161,136 164,131
162,136 165,131
162,136 166,131
163,136 167,130
163,136 168,130
163,136 169,129
164,136 170,129
164,136 171,128
165,136 172,128
165,136 173,127
165,136 174,127
166,136 175,126
166,136 176,126
167,136 177,125
167,136 178,124
167,136 179,123
168,136 180,123
168,136 181,122
169,136 182,121
169,136 183,121
169,136 184,120
170,136 185,119
170,136 186,119
171,136 187,118
171,136 188,117
171,136 189,117
172,136 190,116
172,136 191,115
173,135 192,114
173,135 193,114
173,135 194,113
174,134 195,112
174,134 196,112
175,133 197,111
142,134 117,121
142,134 118,122
142,134 119,122
143,135 120,123
143,135 121,124
144,136 122,124
144,136 123,125
145,137 124,126
145,137 125,126
145,137 126,127
146,138 127,128
146,138 128,128
147,138 129,129
147,138 130,129
148,138 131,130
148,138 132,130
148,138 133,131
149,138 134,131
149,138 135,132
150,138 136,132
150,138 137,132
151,138 138,133
151,138 139,133
151,138 140,133
152,138 141,134
152,138 142,134
153,138 143,134
153,138 144,135
154,138 145,135
154,138 146,135
154,138 147,135
155,138 148,135
155,138 149,135
156,138 150,135
156,138 151,135
157,138 152,135
157,138 153,135
157,138 154,135
158,138 155,135
158,138 156,135
159,138 157,135
159,138 158,134
160,137 159,134
160,137 160,134
160,137 161,134
161,137 162,133
161,137 163,133
162,137 164,132
162,137 165,132
163,137 166,132
163,137 167,131
163,137 168,131
164,137 169,130
164,137 170,130
165,137 171,129
165,137 172,129
166,137 173,128
166,137 174,128
166,137 175,127
167,137 176,127
167,137 177,126
168,137 178,125
168,137 179,124
169,137 180,124
169,137 181,123
169,137 182,122
170,137 183,122
170,137 184,121
171,137 185,120
171,137 186,120
172,137 187,119
172,137 188,118
172,137 189,118
173,136 190,117
173,136 191,116
174,135 192,115
174,135 193,115
175,134 194,114
175,134 195,113
176,133 196,113
142,134 117,122
142,134 118,123
142,134 119,123
143,135 120,124
143,135 121,125
144,136 122,125
144,136 123,126
145,137 124,127
145,137 125,127
145,137 126,128
146,138 127,129
146,138 128,129
147,138 129,130
147,138 130,130
148,138 131,131
148,138 132,131
148,138 133,132
149,138 134,132
149,138 135,133
150,138 136,133
150,138 137,133
151,138 138,134
151,138 139,134
152,138 140,134
152,138 141,135
152,138 142,135
153,138 143,135
153,138 144,136
154,138 145,136
154,138 146,136
155,138 147,136
155,138 148,136
155,138 149,136
156,138 150,136
156,138 151,136
157,138 152,136
157,138 153,136
158,138 154,136
158,138 155,136
159,138 156,136
159,138 157,136
159,138 158,135
160,137 159,135
160,137 160,135
161,137 161,135
161,137 162,134
162,137 163,134
162,137 164,133
162,137 165,133
163,137 166,133
163,137 167,132
164,137 168,132
164,137 169,131
165,137 170,131
165,137 171,130
165,137 172,130
166,137 173,129
166,137 174,129
167,137 175,128
167,137 176,128
168,137 177,127
168,137 178,126
169,137 179,125
169,137 180,125
169,137 181,124
170,137 182,123
170,137 183,123
171,137 184,122
171,137 185,121
172,137 186,121
172,137 187,120
172,137 188,119
173,136 189,119
173,136 190,118
174,135 191,117
174,135 192,116
175,134 193,116
175,134 194,115
176,133 195,114
142,135 117,123
142,135 118,124
142,135 119,124
143,136 120,125
143,136 121,126
144,137 122,126
144,137 123,127
145,138 124,128
145,138 125,128
145,138 126,129
146,139 127,130
146,139 128,130
147,139 129,131
147,139 130,131
148,139 131,132
148,139 132,132
148,139 133,133
149,139 134,133
149,139 135,134
150,139 136,134
150,139 137,134
151,139 138,135
151,139 139,135
152,139 140,135
152,139 141,136
152,139 142,136
153,139 143,136
153,139 144,137
154,139 145,137
154,139 146,137
155,139 147,137
155,139 148,137
155,139 149,137
156,139 150,137
156,139 151,137
157,139 152,137
157,139 153,137
158,139 154,137
158,139 155,137
159,139 156,137
159,139 157,137
159,139 158,136
160,138 159,136
160,138 160,136
161,138 161,136
161,138 162,135
162,138 163,135
162,138 164,134
162,138 165,134
163,138 166,134
163,138 167,133
164,138 168,133
164,138 169,132
165,138 170,132
165,138 171,131
165,138 172,131
166,138 173,130
166,138 174,130
167,138 175,129
167,138 176,129
168,138 177,128
168,138 178,127
169,138 179,126
169,138 180,126
169,138 181,125
170,138 182,124
170,138 183,124
171,138 184,123
171,138 185,122
172,138 186,122
172,138 187,121
172,138 188,120
173,137 189,120
173,137 190,119
174,136 191,118
174,136 192,117
175,135 193,117
175,135 194,116
176,134 195,115
141,135 117,124
141,135 118,125
141,135 119,125
142,136 120,126
142,136 121,127
143,137 122,127
143,137 123,128
144,138 124,129
144,138 125,129
145,139 126,130
145,139 127,131
145,139 128,131
146,140 129,132
146,140 130,132
147,140 131,133
147,140 132,133
148,140 133,134
148,140 134,134
149,140 135,135
149,140 136,135
149,140 137,135
150,140 138,136
150,140 139,136
151,140 140,136
151,140 141,137
152,140 142,137
152,140 143,137
153,140 144,138
153,140 145,138
154,140 146,138
154,140 147,138
154,140 148,138
155,140 149,138
155,140 150,138
156,140 151,138
156,140 152,138
157,140 153,138
157,140 154,138
158,140 155,138
158,140 156,138
158,140 157,138
159,140 158,137
159,140 159,137
160,139 160,137
160,139 161,137
161,139 162,136
161,139 163,136
162,139 164,135
162,139 165,135
162,139 166,135
163,139 167,134
163,139 168,134
164,139 169,133
164,139 170,133
165,139 171,132
165,139 172,132
166,139 173,131
166,139 174,131
167,139 175,130
167,139 176,130
167,139 177,129
168,139 178,128
168,139 179,127
169,139 180,127
169,139 181,126
170,139 182,125
170,139 183,125
171,139 184,124
171,139 185,123
171,139 186,123
172,139 187,122
172,139 188,121
173,138 189,121
173,138 190,120
174,137 191,119
174,137 192,118
175,136 193,118
175,136 194,117
176,135 195,116
141,135 117,125
141,135 118,126
141,135 119,126
142,136 120,127
142,136 121,128
143,137 122,128
143,137 123,129
144,138 124,130
144,138 125,130
145,139 126,131
145,139 127,132
145,139 128,132
146,140 129,133
146,140 130,133
147,140 131,134
147,140 132,134
148,140 133,135
148,140 134,135
149,140 135,136
149,140 136,136
149,140 137,136
150,140 138,137
150,140 139,137
151,140 140,137
151,140 141,138
152,140 142,138
152,140 143,138
153,140 144,139
153,140 145,139
154,140 146,139
154,140 147,139
154,140 148,139
155,140 149,139
155,140 150,139
156,140 151,139
156,140 152,139
157,140 153,139
157,140 154,139
158,140 155,139
158,140 156,139
158,140 157,139
159,140 158,138
159,140 159,138
160,139 160,138
160,139 161,138
161,139 162,137
161,139 163,137
162,139 164,136
162,139 165,136
162,139 166,136
163,139 167,135
163,139 168,135
164,139 169,134
164,139 170,134
165,139 171,133
165,139 172,133
166,139 173,132
166,139 174,132
167,139 175,131
167,139 176,131
167,139 177,130
168,139 178,129
168,139 179,128
169,139 180,128
169,139 181,127
170,139 182,126
170,139 183,126
171,139 184,125
171,139 185,124
171,139 186,124
172,139 187,123
172,139 188,122
173,138 189,122
173,138 190,121
174,137 191,120
174,137 192,119
175,136 193,119
175,136 194,118
176,135 195,117
141,136 117,126
141,136 118,127
141,136 119,127
142,137 120,128
142,137 121,129
143,138 122,129
143,138 123,130
144,139 124,131
144,139 125,131
145,140 126,132
145,140 127,133
146,141 128,133
146,141 129,134
147,141 130,134
147,141 131,135
147,141 132,135
148,141 133,136
148,141 134,136
149,141 135,137
149,141 136,137
150,141 137,137
150,141 138,138
151,141 139,138
151,141 140,138
152,141 141,139
152,141 142,139
153,141 143,139
153,141 144,140
153,141 145,140
154,141 146,140
154,141 147,140
155,141 148,140
155,141 149,140
156,141 150,140
156,141 151,140
157,141 152,140
157,141 153,140
158,141 154,140
158,141 155,140
159,141 156,140
159,141 157,140
159,141 158,139
160,140 159,139
160,140 160,139
161,140 161,139
161,140 162,138
162,140 163,138
162,140 164,137
163,140 165,137
163,140 166,137
164,140 167,136
164,140 168,136
165,140 169,135
165,140 170,135
165,140 171,134
166,140 172,134
166,140 173,133
167,140 174,133
167,140 175,132
168,140 176,132
168,140 177,131
169,140 178,130
169,140 179,129
170,140 180,129
170,140 181,128
171,140 182,127
171,140 183,127
171,140 184,126
172,140 185,125
172,140 186,125
173,139 187,124
173,139 188,123
174,138 189,123
174,138 190,122
175,137 191,121
175,137 192,120
176,136 193,120
176,136 194,119
177,135 195,118
141,136 117,127
141,136 118,128
141,136 119,128
142,137 120,129
142,137 121,130
143,138 122,130
143,138 123,131
144,139 124,132
144,139 125,132
145,140 126,133
145,140 127,134
146,141 128,134
146,141 129,135
147,141 130,135
147,141 131,136
148,141 132,136
148,141 133,137
148,141 134,137
149,141 135,138
149,141 136,138
150,141 137,138
150,141 138,139
151,141 139,139
151,141 140,139
152,141 141,140
152,141 142,140
153,141 143,140
153,141 144,141
154,141 145,141
154,141 146,141
155,141 147,141
155,141 148,141
155,141 149,141
156,141 150,141
156,141 151,141
157,141 152,141
157,141 153,141
158,141 154,141
158,141 155,141
159,141 156,141
159,141 157,141
160,140 158,140
160,140 159,140
161,140 160,140
161,140 161,140
162,140 162,139
162,140 163,139
162,140 164,138
163,140 165,138
163,140 166,138
164,140 167,137
164,140 168,137
165,140 169,136
165,140 170,136
166,140 171,135
166,140 172,135
167,140 173,134
167,140 174,134
168,140 175,133
168,140 176,133
169,140 177,132
169,140 178,131
169,140 179,130
170,140 180,130
170,140 181,129
171,140 182,128
171,140 183,128
172,140 184,127
172,140 185,126
173,139 186,126
173,139 187,125
174,138 188,124
174,138 189,124
175,137 190,123
175,137 191,122
176,136 192,121
176,136 193,121
177,135 194,120
141,137 117,128
141,137 118,129
141,137 119,129
142,138 120,130
142,138 121,131
143,139 122,131
143,139 123,132
144,140 124,133
144,140 125,133
145,141 126,134
145,141 127,135
146,142 128,135
146,142 129,136
147,142 130,136
147,142 131,137
148,142 132,137
148,142 133,138
149,142 134,138
149,142 135,139
150,142 136,139
150,142 137,139
151,142 138,140
151,142 139,140
152,142 140,140
152,142 141,141
153,142 142,141
153,142 143,141
153,142 144,142
154,142 145,142
154,142 146,142
155,142 147,142
155,142 148,142
156,142 149,142
156,142 150,142
157,142 151,142
157,142 152,142
158,142 153,142
158,142 154,142
159,142 155,142
159,142 156,142
160,141 157,142
160,141 158,141
161,141 159,141
161,141 160,141
162,141 161,141
162,141 162,140
163,141 163,140
163,141 164,139
164,141 165,139
164,141 166,139
165,141 167,138
165,141 168,138
165,141 169,137
166,141 170,137
166,141 171,136
167,141 172,136
167,141 173,135
168,141 174,135
168,141 175,134
169,141 176,134
169,141 177,133
170,141 178,132
170,141 179,131
171,141 180,131
171,141 181,130
172,141 182,129
172,141 183,129
173,140 184,128
173,140 185,127
174,139 186,127
174,139 187,126
175,138 188,125
175,138 189,125
176,137 190,124
176,137 191,123
177,136 192,122
177,136 193,122
178,135 194,121
141,137 117,129
141,137 118,130
141,137 119,130
142,138 120,131
142,138 121,132
143,139 122,132
143,139 123,133
144,140 124,134
144,140 125,134
145,141 126,135
145,141 127,136
146,142 128,136
146,142 129,137
147,142 130,137
147,142 131,138
148,142 132,138
148,142 133,139
149,142 134,139
149,142 135,140
150,142 136,140
150,142 137,140
151,142 138,141
151,142 139,141
152,142 140,141
152,142 141,142
153,142 142,142
153,142 143,142
153,142 144,143
154,142 145,143
154,142 146,143
155,142 147,143
155,142 148,143
156,142 149,143
156,142 150,143
157,142 151,143
157,142 152,143
158,142 153,143
158,142 154,143
159,142 155,143
159,142 156,143
160,141 157,143
160,141 158,142
161,141 159,142
161,141 160,142
162,141 161,142
162,141 162,141
163,141 163,141
163,141 164,140
164,141 165,140
164,141 166,140
165,141 167,139
165,141 168,139
165,141 169,138
166,141 170,138
166,141 171,137
167,141 172,137
167,141 173,136
168,141 174,136
168,141 175,135
169,141 176,135
169,141 177,134
170,141 178,133
170,141 179,132
171,141 180,132
171,141 181,131
172,141 182,130
172,141 183,130
173,140 184,129
173,140 185,128
174,139 186,128
174,139 187,127
175,138 188,126
175,138 189,126
176,137 190,125
176,137 191,124
177,136 192,123
177,136 193,123
178,135 194,122
142,139 117,130
142,139 118,131
142,139 119,131
143,140 120,132
143,140 121,133
144,141 122,133
144,141 123,134
145,142 124,135
145,142 125,135
146,143 126,136
146,143 127,137
147,143 128,137
147,143 129,138
148,143 130,138
148,143 131,139
149,143 132,139
149,143 133,140
150,143 134,140
150,143 135,141
151,143 136,141
151,143 137,141
151,143 138,142
152,143 139,142
152,143 140,142
153,143 141,143
153,143 142,143
154,143 143,143
154,143 144,144
155,143 145,144
155,143 146,144
156,143 147,144
156,143 148,144
157,143 149,144
157,143 150,144
158,143 151,144
158,143 152,144
159,143 153,144
159,143 154,144
160,142 155,144
160,142 156,144
160,142 157,144
161,142 158,143
161,142 159,143
162,142 160,143
162,142 161,143
163,142 162,142
163,142 163,142
164,142 164,141
164,142 165,141
165,142 166,141
165,142 167,140
166,142 168,140
166,142 169,139
167,142 170,139
167,142 171,138
168,142 172,138
168,142 173,137
169,142 174,137
169,142 175,136
169,142 176,136
170,142 177,135
170,142 178,134
171,142 179,133
171,142 180,133
172,142 181,132
172,142 182,131
173,141 183,131
173,141 184,130
174,140 185,129
174,140 186,129
175,139 187,128
175,139 188,127
176,138 189,127
176,138 190,126
177,137 191,125
177,137 192,124
178,136 193,124
142,139 117,131
142,139 118,132
142,139 119,132
143,140 120,133
143,140 121,134
144,141 122,134
144,141 123,135
145,142 124,136
145,142 125,136
146,143 126,137
146,143 127,138
147,143 128,138
147,143 129,139
148,143 130,139
148,143 131,140
149,143 132,140
149,143 133,141
150,143 134,141
150,143 135,142
151,143 136,142
151,143 137,142
151,143 138,143
152,143 139,143
152,143 140,143
153,143 141,144
153,143 142,144
154,143 143,144
154,143 144,145
155,143 145,145
155,143 146,145
156,143 147,145
156,143 148,145
157,143 149,145
157,143 150,145
158,143 151,145
158,143 152,145
159,143 153,145
159,143 154,145
160,142 155,145
160,142 156,145
160,142 157,145
161,142 158,144
161,142 159,144
162,142 160,144
162,142 161,144
163,142 162,143
163,142 163,143
164,142 164,142
164,142 165,142
165,142 166,142
165,142 167,141
166,142 168,141
166,142 169,140
167,142 170,140
167,142 171,139
168,142 172,139
168,142 173,138
169,142 174,138
169,142 175,137
169,142 176,137
170,142 177,136
170,142 178,135
171,142 179,134
171,142 180,134
172,142 181,133
172,142 182,132
173,141 183,132
173,141 184,131
174,140 185,130
174,140 186,130
175,139 187,129
175,139 188,128
176,138 189,128
176,138 190,127
177,137 191,126
177,137 192,125
178,136 193,125
142,140 117,132
142,140 118,133
142,140 119,133
143,141 120,134
143,141 121,135
144,142 122,135
144,142 123,136
145,143 124,137
145,143 125,137
146,144 126,138
146,144 127,139
147,144 128,139
147,144 129,140
148,144 130,140
148,144 131,141
149,144 132,141
149,144 133,142
150,144 134,142
150,144 135,143
151,144 136,143
151,144 137,143
151,144 138,144
152,144 139,144
152,144 140,144
153,144 141,145
153,144 142,145
154,144 143,145
154,144 144,146
155,144 145,146
155,144 146,146
156,144 147,146
156,144 148,146
157,144 149,146
157,144 150,146
158,144 151,146
158,144 152,146
159,144 153,146
159,144 154,146
160,143 155,146
160,143 156,146
160,143 157,146
161,143 158,145
161,143 159,145
162,143 160,145
162,143 161,145
163,143 162,144
163,143 163,144
164,143 164,143
164,143 165,143
165,143 166,143
165,143 167,142
166,143 168,142
166,143 169,141
167,143 170,141
167,143 171,140
168,143 172,140
168,143 173,139
169,143 174,139
169,143 175,138
169,143 176,138
170,143 177,137
170,143 178,136
171,143 179,135
171,143 180,135
172,143 181,134
172,143 182,133
173,142 183,133
173,142 184,132
174,141 185,131
174,141 186,131
175,140 187,130
175,140 188,129
176,139 189,129
176,139 190,128
177,138 191,127
177,138 192,126
178,137 193,126
142,141 117,133
142,141 118,134
143,142 119,134
143,142 120,135
144,143 121,136
144,143 122,136
145,144 123,137
146,145 124,138
146,145 125,138
147,145 126,139
147,145 127,140
148,145 128,140
148,145 129,141
149,145 130,141
150,145 131,142
150,145 132,142
151,145 133,143
151,145 134,143
152,145 135,144
152,145 136,144
153,145 137,144
154,145 138,145
154,145 139,145
155,145 140,145
155,145 141,146
156,145 142,146
156,145 143,146
157,145 158,146
158,145 159,146
158,145 160,146
159,145 161,146
159,145 162,145
160,144 163,145
160,144 164,144
161,144 165,144
162,144 166,144
162,144 167,143
163,144 168,143
163,144 169,142
164,144 170,142
164,144 171,141
165,144 172,141
166,144 173,140
166,144 174,140
167,144 175,139
167,144 176,139
168,144 177,138
168,144 178,137
169,144 179,136
170,144 180,136
170,144 181,135
171,144 182,134
171,144 183,134
172,144 184,133
172,144 185,132
173,143 186,132
174,142 187,131
174,142 188,130
175,141 189,130
175,141 190,129
176,140 191,128
176,140 192,127
177,139 193,127
178,138 194,126
142,141 116,133
142,141 117,134
143,142 118,135
143,142 119,135
144,143 120,136
145,144 121,137
145,144 122,137
146,145 123,138
147,145 124,139
147,145 125,139
148,145 126,140
148,145 127,141
149,145 128,141
150,145 129,142
150,145 130,142
151,145 131,143
152,145 132,143
152,145 133,144
153,145 134,144
154,145 135,145
154,145 136,145
155,145 137,145
155,145 138,146
156,145 139,146
157,145 140,146
157,145 162,146
158,145 163,146
159,145 164,145
159,145 165,145
160,144 166,145
160,144 167,144
161,144 168,144
162,144 169,143
162,144 170,143
163,144 171,142
164,144 172,142
164,144 173,141
165,144 174,141
166,144 175,140
166,144 176,140
167,144 177,139
167,144 178,138
168,144 179,137
169,144 180,137
169,144 181,136
170,144 182,135
171,144 183,135
171,144 184,134
172,144 185,133
172,144 186,133
173,143 187,132
174,142 188,131
174,142 189,131
175,141 190,130
176,140 191,129
176,140 192,128
177,139 193,128
178,138 194,127
142,142 116,134
142,142 117,135
143,143 118,136
144,144 119,136
144,144 120,137
145,145 121,138
146,146 122,138
146,146 123,139
147,146 124,140
148,146 125,140
148,146 126,141
149,146 127,142
150,146 128,142
151,146 129,143
151,146 130,143
152,146 131,144
153,146 132,144
153,146 133,145
154,146 134,145
155,146 135,146
155,146 136,146
156,146 137,146
157,146 164,146
157,146 165,146
158,146 166,146
159,146 167,145
160,145 168,145
160,145 169,144
161,145 170,144
162,145 171,143
162,145 172,143
163,145 173,142
164,145 174,142
164,145 175,141
165,145 176,141
166,145 177,140
166,145 178,139
167,145 179,138
168,145 180,138
169,145 181,137
169,145 182,136
170,145 183,136
171,145 184,135
171,145 185,134
172,145 186,134
173,144 187,133
173,144 188,132
174,143 189,132
175,142 190,131
175,142 191,130
176,141 192,129
177,140 193,129
178,139 194,128
142,142 116,135
142,142 117,136
143,143 118,137
144,144 119,137
145,145 120,138
145,145 121,139
146,146 122,139
147,146 123,140
148,146 124,141
149,146 125,141
149,146 126,142
150,146 127,143
151,146 128,143
152,146 129,144
152,146 130,144
153,146 131,145
154,146 132,145
155,146 133,146
156,146 134,146
156,146 167,146
157,146 168,146
158,146 169,145
159,146 170,145
160,145 171,144
160,145 172,144
161,145 173,143
162,145 174,143
163,145 175,142
163,145 176,142
164,145 177,141
165,145 178,140
166,145 179,139
167,145 180,139
167,145 181,138
168,145 182,137
169,145 183,137
170,145 184,136
170,145 185,135
171,145 186,135
172,145 187,134
173,144 188,133
174,143 189,133
174,143 190,132
175,142 191,131
176,141 192,130
177,140 193,130
178,139 194,129
142,143 116,136
142,143 117,137
143,144 118,138
144,145 119,138
145,146 120,139
146,147 121,140
147,147 122,140
148,147 123,141
148,147 124,142
149,147 125,142
150,147 126,143
151,147 127,144
152,147 128,144
153,147 129,145
154,147 130,145
154,147 131,146
155,147 132,146
156,147 169,146
157,147 170,146
158,147 171,145
159,147 172,145
160,146 173,144
160,146 174,144
161,146 175,143
162,146 176,143
163,146 177,142
164,146 178,141
165,146 179,140
166,146 180,140
166,146 181,139
167,146 182,138
168,146 183,138
169,146 184,137
170,146 185,136
171,146 186,136
172,146 187,135
172,146 188,134
173,145 189,134
174,144 190,133
175,143 191,132
176,142 192,131
177,141 193,131
178,140 194,130
142,143 115,136
142,143 116,137
143,144 117,138
144,145 118,139
145,146 119,139
146,147 120,140
147,147 121,141
148,147 122,141
149,147 123,142
150,147 124,143
151,147 125,143
152,147 126,144
153,147 127,145
154,147 128,145
154,147 129,146
155,147 130,146
156,147 171,146
157,147 172,146
158,147 173,145
159,147 174,145
160,146 175,144
161,146 176,144
162,146 177,143
163,146 178,142
164,146 179,141
165,146 180,141
166,146 181,140
166,146 182,139
167,146 183,139
168,146 184,138
169,146 185,137
170,146 186,137
171,146 187,136
172,146 188,135
173,145 189,135
174,144 190,134
175,143 191,133
176,142 192,132
177,141 193,132
178,140 194,131
142,144 115,137
143,145 115,137
144,146 116,138
145,147 117,139
146,148 118,140
147,148 119,140
148,148 120,141
149,148 121,142
150,148 122,142
151,148 123,143
152,148 124,144
153,148 125,144
154,148 126,145
155,148 127,146
156,148 128,146
157,148 173,146
158,148 174,146
159,148 175,145
160,147 176,145
161,147 177,144
162,147 178,143
163,147 179,142
164,147 180,142
165,147 181,141
166,147 182,140
167,147 183,140
168,147 184,139
169,147 185,138
170,147 186,138
171,147 187,137
172,147 188,136
173,146 189,136
174,145 190,135
175,144 191,134
176,143 192,133
177,142 193,133
178,141 194,132
141,144 115,138
142,145 115,138
143,146 116,139
144,147 117,140
145,148 118,141
146,149 119,141
147,149 120,142
148,149 121,143
149,149 121,143
150,149 122,143
151,149 123,144
152,149 124,145
153,149 125,145
154,149 126,146
155,149 175,146
156,149 175,146
157,149 176,146
158,149 177,145
159,149 178,144
160,148 179,143
161,148 180,143
162,148 181,142
163,148 182,141
164,148 182,141
165,148 183,141
166,148 184,140
167,148 185,139
168,148 186,139
169,148 187,138
170,148 188,137
171,148 188,137
172,148 189,137
173,147 190,136
174,146 191,135
175,145 192,134
176,144 193,134
177,143 194,133
178,142 195,132
141,144 114,138
142,145 114,138
143,146 115,139
144,147 116,140
145,148 117,141
146,149 118,142
147,149 118,142
148,149 119,142
149,149 120,143
150,149 121,144
151,149 122,144
152,149 122,144
153,149 123,145
154,149 124,146
155,149 125,146
156,149 177,146
157,149 177,146
158,149 178,145
159,149 179,144
160,148 180,144
161,148 181,143
162,148 182,142
163,148 182,142
164,148 183,142
165,148 184,141
166,148 185,140
167,148 186,140
168,148 186,140
169,148 187,139
170,148 188,138
171,148 189,138
172,148 190,137
173,147 190,137
174,146 191,136
175,145 192,135
176,144 193,135
177,143 194,134
178,142 195,133
141,145 114,139
142,146 114,139
143,147 115,140
144,148 116,141
145,149 116,141
146,150 117,142
147,150 118,143
148,150 119,143
149,150 119,143
150,150 120,144
151,150 121,145
152,150 122,145
153,150 122,145
154,150 123,146
155,150 178,146
156,150 178,146
157,150 179,145
158,150 180,145
159,150 181,144
160,149 181,144
161,149 182,143
162,149 183,143
163,149 184,142
164,149 184,142
165,149 185,141
166,149 186,141
167,149 186,141
168,149 187,140
169,149 188,139
170,149 189,139
171,149 189,139
172,149 190,138
173,148 191,137
174,147 192,136
175,146 192,136
176,145 193,136
177,144 194,135
178,143 195,134
141,145 114,140
142,146 114,140
143,147 115,141
144,148 115,141
145,149 116,142
146,150 117,143
147,150 117,143
148,150 118,144
149,150 119,144
150,150 119,144
151,150 120,145
152,150 121,146
153,150 121,146
154,150 122,146
155,150 123,147
156,150 123,147
157,150 181,145
158,150 182,144
159,150 182,144
160,149 183,144
161,149 183,144
162,149 184,143
163,149 185,142
164,149 185,142
165,149 186,142
166,149 187,141
167,149 187,141
168,149 188,140
169,149 189,140
170,149 189,140
171,149 190,139
172,149 191,138
173,148 191,138
174,147 192,137
175,146 193,137
176,145 193,137
177,144 194,136
178,143 195,135
141,146 113,140
141,146 114,141
141,146 115,142
142,147 116,143
142,147 117,144
143,148 118,145
143,148 119,145
144,149 120,146
144,149 121,147
145,150 122,147
145,150 182,145
173,149 183,145
173,149 184,144
174,148 185,143
174,148 186,143
175,147 187,142
175,147 188,141
176,146 189,141
176,146 190,140
177,145 191,139
177,145 192,138
178,144 193,138
178,144 194,137
179,143 195,136
141,146 113,141
141,146 114,142
142,147 115,143
142,147 116,144
143,148 117,145
143,148 118,146
144,149 119,146
144,149 120,147
145,150 184,145
145,150 185,144
173,149 186,144
174,148 187,143
174,148 188,142
175,147 189,142
175,147 190,141
176,146 191,140
176,146 192,139
177,145 193,139
177,145 194,138
178,144 195,137
179,143 196,136
140,146 112,141
140,146 113,142
141,147 114,143
141,147 115,144
142,148 116,145
142,148 117,146
143,149 118,147
143,149 119,147
144,150 185,145
144,150 186,145
174,149 187,144
174,149 188,143
175,148 189,143
175,148 190,142
176,147 191,141
176,147 192,140
177,146 193,140
177,146 194,139
178,145 195,138
179,144 196,137
140,146 112,142
140,146 113,143
141,147 114,144
142,148 115,145
142,148 116,146
143,149 117,147
144,150 187,145
144,150 188,144
174,149 189,144
175,148 190,143
175,148 191,142
176,147 192,141
177,146 193,141
177,146 194,140
178,145 195,139
179,144 196,138
140,147 111,142
140,147 112,143
141,148 113,144
141,148 114,145
142,149 115,146
142,149 116,147
143,150 188,145
143,150 189,145
175,149 190,144
175,149 191,143
176,148 192,142
176,148 193,142
177,147 194,141
177,147 195,140
178,146 196,139
179,145 197,138
139,147 110,142
139,147 111,143
140,148 112,144
140,148 113,145
141,149 114,146
142,150 115,147
142,150 190,145
176,149 191,144
176,149 192,143
177,148 193,143
178,147 194,142
178,147 195,141
179,146 196,140
180,145 197,139
139,147 110,143
139,147 111,144
140,148 112,145
141,149 113,146
141,149 114,147
142,150 191,145
176,149 192,144
177,148 193,144
177,148 194,143
178,147 195,142
179,146 196,141
180,145 197,140
139,148 109,143
139,148 110,144
140,149 111,145
140,149 112,146
141,150 113,147
141,150 192,145
177,149 193,145
177,149 194,144
178,148 195,143
178,148 196,142
179,147 197,141
180,146 198,140
139,148 109,144
139,148 110,145
140,149 111,146
141,150 112,147
177,149 194,145
177,149 195,144
178,148 196,143
179,147 197,142
180,146 198,141
138,148 108,144
138,148 109,145
139,149 110,146
140,150 111,147
178,149 195,145
178,149 196,144
179,148 197,143
180,147 198,142
181,146 199,141
138,148 107,144
138,148 108,145
139,149 109,146
140,150 110,147
178,149 196,145
179,148 197,144
180,147 198,143
181,146 199,142
138,149 107,145
138,149 108,146
139,150 109,147
179,149 197,145
179,149 198,144
180,148 199,143
181,147 200,142
138,149 106,145
138,149 107,146
139,150 108,147
179,149 198,145
180,148 199,144
181,147 200,143
138,150 105,145
138,150 106,146
137,149 107,147
180,149 199,145
181,148 200,144
182,147 201,143
137,150 104,145
137,150 105,146
136,149 106,147
181,149 200,145
182,148 201,144
137,150 104,146
136,149 105,147
181,149 201,145
182,148 202,144
136,150 104,147
182,149 103,146
183,148 202,145
136,150 103,147
182,149 102,146
183,148 203,145
135,150 102,147
135,150 101,146
183,149 204,145
135,150 101,147
183,149 205,145
134,150 100,147
184,149 100,147
185,149 99,147
