123,229 121,215
124,228 121,215
125,227 121,215
126,227 121,215
127,226 121,215
128,225 121,215
129,224 121,215
130,223 121,215
131,222 121,215
132,221 121,215
133,220 121,215
134,220 121,215
135,221 121,215
136,221 121,215
137,221 121,215
138,222 121,215
139,222 121,215
140,222 121,215
141,223 121,215
142,223 121,215
143,223 121,215
144,223 121,215
145,224 121,215
146,224 121,215
147,224 121,215
148,224 121,215
149,225 121,215
150,225 121,215
151,225 121,215
152,225 121,215
153,225 121,215
154,225 121,215
123,230 121,215
124,229 121,215
125,228 121,215
126,228 121,215
127,227 121,215
128,226 121,215
129,225 121,215
130,224 121,215
131,223 121,215
132,222 121,215
133,221 121,215
134,221 121,215
135,222 121,215
136,222 121,215
137,222 121,215
138,223 121,215
139,223 121,215
140,223 121,215
141,224 121,215
142,224 121,215
143,224 121,215
144,224 121,215
145,225 121,215
146,225 121,215
147,225 121,215
148,225 121,215
149,226 121,215
150,226 121,215
151,226 121,215
124,230 121,215
125,229 121,215
126,229 121,215
127,228 121,215
128,227 121,215
129,226 121,215
130,225 121,215
131,224 121,215
132,223 121,215
133,222 121,215
134,222 121,215
135,223 121,215
136,223 121,215
137,223 121,215
138,224 121,215
139,224 121,215
140,224 121,215
141,225 121,215
142,225 121,215
143,225 121,215
144,225 121,215
145,226 121,215
146,226 121,215
147,226 121,215
148,226 121,215
125,230 121,215
126,230 121,215
127,229 121,215
128,228 121,215
129,227 121,215
130,226 121,215
131,225 121,215
132,224 121,215
133,223 121,215
134,223 121,215
135,224 121,215
136,224 121,215
137,224 121,215
138,225 121,215
139,225 121,215
140,225 121,215
141,226 121,215
142,226 121,215
143,226 121,215
144,226 121,215
145,227 121,215
146,227 121,215
147,227 121,215
148,227 121,215
127,230 121,215
128,229 121,215
129,228 121,215
130,227 121,215
131,226 121,215
132,225 121,215
133,224 121,215
134,224 121,215
135,225 121,215
136,225 121,215
137,225 121,215
138,226 121,215
139,226 121,215
140,226 121,215
141,227 121,215
142,227 121,215
143,227 121,215
144,227 121,215
128,230 121,215
129,229 121,215
130,228 121,215
131,227 121,215
132,226 121,215
133,225 121,215
134,225 121,215
135,226 121,215
136,226 121,215
137,226 121,215
138,227 121,215
139,227 121,215
140,227 121,215
141,228 121,215
142,228 121,215
143,228 121,215
144,228 121,215
130,229 121,215
131,228 121,215
132,227 121,215
133,226 121,215
134,226 121,215
135,227 121,215
136,227 121,215
137,227 121,215
138,228 121,215
139,228 121,215
140,228 121,215
131,229 121,215
132,228 121,215
133,227 121,215
134,227 121,215
135,228 121,215
136,228 121,215
137,228 121,215
138,229 121,215
132,229 121,215
133,228 121,215
134,228 121,215
135,229 121,215
136,229 121,215
137,229 121,215
133,229 121,215
134,229 121,215
