224,239 223,224
224,239 223,223
224,238 223,222
224,238 224,221
224,237 224,220
224,236 224,219
225,239 223,224
225,239 223,223
225,239 223,222
225,238 224,221
225,238 224,220
225,237 224,219
225,240 223,224
225,240 223,223
226,239 223,222
226,239 224,221
226,238 224,220
226,237 224,219
226,240 223,224
226,240 223,223
226,240 223,222
227,239 224,221
227,239 224,220
227,238 224,219
226,241 223,224
226,241 223,223
227,240 223,222
227,240 224,221
228,239 224,220
228,238 224,219
227,241 223,224
227,241 223,223
227,241 223,222
228,240 224,221
228,240 224,220
229,239 224,219
228,241 223,224
228,241 223,223
228,241 223,222
228,241 224,221
228,241 224,220
229,240 224,219
228,242 223,224
228,242 223,223
228,242 223,222
229,241 224,221
229,241 224,220
230,240 224,219
229,242 223,224
229,242 223,223
229,242 223,222
229,242 224,221
229,242 224,220
230,241 224,219
230,242 223,224
230,242 223,223
230,242 223,222
230,242 224,221
230,242 224,220
230,242 224,219
