87,161 74,126
87,161 75,126
88,161 76,126
89,161 77,126
89,161 78,126
90,161 79,126
91,162 80,126
91,162 81,126
92,162 82,126
93,162 83,127
93,162 84,127
94,163 85,128
95,163 86,128
95,163 87,129
96,163 88,130
97,164 89,131
97,164 89,132
98,165 90,133
99,165 90,134
99,165 91,135
100,166 91,136
101,167 92,137
101,167 92,138
102,168 92,139
103,169 92,140
87,161 74,127
87,161 75,127
88,161 76,127
89,161 77,127
89,161 78,127
90,161 79,127
91,162 80,127
91,162 81,127
92,162 82,127
93,162 83,128
93,162 84,128
94,163 85,129
95,163 86,129
96,163 87,130
96,163 88,131
97,164 88,132
98,165 89,133
98,165 89,134
99,165 90,135
100,166 90,136
100,166 91,137
101,167 91,138
102,168 91,139
103,169 91,140
86,161 73,127
86,161 74,128
87,162 75,128
88,162 76,128
88,162 77,128
89,162 78,128
90,162 79,128
90,162 80,128
91,163 81,128
92,163 82,128
93,163 83,129
93,163 84,129
94,164 85,130
95,164 86,130
95,164 87,131
96,164 87,132
97,165 88,133
98,166 88,134
98,166 89,135
99,166 89,136
100,167 90,137
100,167 90,138
101,168 90,139
102,169 90,140
103,170 91,141
85,161 73,128
85,161 74,129
86,162 75,129
87,163 76,129
88,163 77,129
88,163 78,129
89,163 79,129
90,163 80,129
91,164 81,129
91,164 82,129
92,164 83,130
93,164 84,130
94,165 85,131
94,165 86,131
95,165 86,132
96,165 87,133
97,166 87,134
97,166 88,135
98,167 88,136
99,167 89,137
100,168 89,138
100,168 89,139
101,169 89,140
102,170 90,141
103,171 91,142
84,161 72,128
84,161 73,129
85,162 74,130
86,163 75,130
87,164 76,130
88,164 77,130
89,164 78,130
90,164 79,130
91,165 80,130
92,165 81,130
93,165 82,130
94,166 83,131
94,166 84,131
95,166 85,132
96,166 86,133
97,167 86,134
98,168 87,135
99,168 87,136
100,169 88,137
101,170 88,138
102,171 88,139
103,172 88,140
104,171 89,141
84,162 72,127
84,162 71,128
85,163 72,129
86,164 73,130
87,165 74,131
88,165 75,131
89,165 76,131
90,165 77,131
90,165 78,131
91,166 79,131
92,166 80,131
93,166 81,131
94,167 82,131
95,167 83,132
96,167 84,132
97,168 85,133
97,168 85,134
98,169 86,135
99,169 86,136
100,170 87,137
101,171 87,138
102,172 87,139
103,173 87,140
104,172 88,141
83,162 71,129
84,163 72,130
85,164 73,131
86,165 74,132
87,166 75,132
88,166 76,132
89,166 77,132
90,166 78,132
91,167 79,132
92,167 80,132
93,167 81,132
94,168 82,132
95,168 83,133
96,168 84,133
97,169 84,134
98,170 85,135
99,170 85,136
100,171 86,137
101,172 86,138
102,173 86,139
103,174 86,140
104,173 87,141
83,162 70,129
84,163 70,129
85,164 71,130
86,165 72,131
87,166 73,132
88,166 74,133
89,166 75,133
90,166 76,133
91,167 77,133
92,167 78,133
93,167 79,133
94,168 80,133
95,168 81,133
96,168 82,133
97,169 83,134
98,170 84,135
99,170 84,136
100,171 85,137
101,172 85,138
102,173 85,139
103,174 85,140
104,173 86,141
83,163 70,128
84,164 69,129
85,165 70,130
86,166 71,131
87,167 72,132
88,167 73,133
89,167 74,134
90,167 75,134
91,168 76,134
92,168 77,134
93,168 78,134
94,169 79,134
95,169 80,134
96,169 81,134
97,170 82,134
98,171 83,135
99,171 83,136
100,172 84,137
101,173 84,138
102,174 84,139
103,175 84,140
104,174 85,141
82,163 69,130
83,164 69,130
84,165 70,131
85,166 71,132
86,167 72,133
87,168 73,134
88,168 73,134
89,168 74,135
90,168 75,135
91,169 76,135
92,169 77,135
93,169 78,135
94,170 78,135
95,170 79,135
96,170 80,135
97,171 81,135
98,172 82,136
99,172 82,136
100,173 83,137
101,174 83,138
102,175 83,139
103,176 83,140
104,175 84,141
82,164 68,130
83,165 68,130
84,166 69,131
85,167 70,132
86,168 71,133
87,169 72,134
88,169 72,134
89,169 73,135
90,169 74,136
91,170 75,136
92,170 76,136
93,170 77,136
94,171 77,136
95,171 78,136
96,171 79,136
97,172 80,136
98,173 81,136
99,173 81,136
100,174 82,137
101,175 82,138
102,176 82,139
103,177 82,140
104,176 83,141
81,164 68,131
82,165 68,131
83,166 69,132
84,167 70,133
85,168 70,133
86,169 71,134
87,170 72,135
88,170 72,135
89,170 73,136
90,170 74,137
91,171 74,137
92,171 75,137
93,171 76,137
94,172 77,137
95,172 77,137
96,172 78,137
97,173 79,137
98,174 79,137
99,174 80,137
100,175 81,138
101,176 81,138
102,177 81,139
103,178 81,140
104,177 82,141
81,165 67,131
82,166 67,131
83,167 68,132
84,168 69,133
85,169 69,133
86,170 70,134
87,171 71,135
88,171 72,136
89,171 72,136
90,171 73,137
91,172 74,138
92,172 75,138
93,172 75,138
94,173 76,138
95,173 77,138
96,173 78,138
97,174 78,138
98,175 79,138
99,175 80,138
100,176 80,139
101,177 80,139
102,178 80,140
103,179 81,141
104,178 82,142
80,165 67,132
81,166 67,132
82,167 68,133
83,168 68,133
84,169 69,134
85,170 69,134
86,171 70,135
87,172 71,136
88,172 71,136
89,172 72,137
90,172 72,137
91,173 73,138
92,173 74,139
93,173 74,139
94,174 75,139
95,174 75,139
96,174 76,139
97,175 76,139
98,176 77,139
99,176 78,139
100,177 78,139
101,178 79,140
102,179 79,140
103,180 80,141
104,179 81,142
80,165 66,132
81,166 66,132
82,167 67,133
83,168 67,133
84,169 68,134
85,170 69,135
86,171 69,135
87,172 70,136
88,172 71,137
89,172 71,137
90,172 72,138
91,173 72,138
92,173 73,139
93,173 74,140
94,174 74,140
95,174 75,140
96,174 76,140
97,175 76,140
98,176 77,140
99,176 77,140
100,177 78,140
101,178 79,141
102,179 79,141
103,180 80,142
104,179 81,143
80,166 66,133
81,167 66,133
82,168 67,134
83,169 67,134
84,170 68,135
85,171 69,136
86,172 69,136
87,173 70,137
88,173 70,137
89,173 71,138
90,173 72,139
91,174 72,139
92,174 73,140
93,174 73,140
94,175 74,141
96,175 75,141
97,176 75,141
98,177 76,141
99,177 76,141
100,178 77,141
101,179 78,141
102,180 78,141
103,181 79,142
104,180 80,143
79,166 66,134
80,167 66,134
81,168 66,134
82,169 67,135
83,170 67,135
84,171 67,135
86,173 68,136
87,174 68,136
88,174 69,137
89,174 69,137
90,174 69,137
91,175 70,138
92,175 70,138
93,175 71,139
98,178 71,139
99,178 71,139
100,179 72,140
101,180 72,140
102,181 73,141
79,167 65,134
80,168 65,134
81,169 65,134
82,170 66,135
83,171 66,135
84,172 66,135
86,174 67,136
87,175 67,136
88,175 68,137
89,175 68,137
90,175 68,137
91,176 69,138
92,176 69,138
93,176 70,139
98,179 70,139
99,179 70,139
100,180 71,140
101,181 71,140
102,182 72,141
78,167 65,135
79,168 65,135
80,169 65,135
81,170 66,136
82,171 66,136
83,172 66,136
85,174 67,137
86,175 67,137
87,176 67,137
88,176 68,138
89,176 68,138
90,176 68,138
91,177 69,139
92,177 69,139
98,180 69,139
99,180 70,140
100,181 70,140
101,182 71,141
78,168 65,136
79,169 65,136
80,170 65,136
81,171 66,137
82,172 66,137
83,173 66,137
85,175 67,138
86,176 67,138
87,177 67,138
88,177 68,139
89,177 68,139
90,177 68,139
91,178 69,140
99,181 69,140
100,182 70,141
77,168 64,136
78,169 64,136
79,170 64,136
80,171 65,137
81,172 65,137
82,173 65,137
83,174 66,138
85,176 66,138
86,177 67,139
87,178 67,139
88,178 67,139
89,178 68,140
90,178 68,140
91,179 69,141
77,168 64,137
78,169 64,137
79,170 64,137
80,171 64,137
81,172 65,138
82,173 65,138
83,174 65,138
85,176 66,139
86,177 66,139
87,178 66,139
88,178 67,140
89,178 67,140
90,178 67,140
91,179 68,141
77,169 64,138
78,170 64,138
79,171 64,138
80,172 64,138
81,173 65,139
82,174 65,139
84,176 65,139
85,177 65,139
86,178 66,140
87,179 66,140
88,179 66,140
89,179 66,140
90,179 67,141
76,169 63,138
77,170 63,138
78,171 63,138
79,172 63,138
80,173 63,138
81,174 64,139
82,175 64,139
84,177 64,139
85,178 64,139
86,179 65,140
87,180 65,140
88,180 65,140
89,180 65,140
90,180 66,141
76,170 63,139
77,171 63,139
78,172 63,139
79,173 63,139
80,174 64,140
81,175 64,140
84,178 64,140
85,179 64,140
86,180 65,141
87,181 65,141
88,181 65,141
89,181 66,142
76,171 63,140
77,172 63,140
78,173 63,140
79,174 63,140
80,175 63,140
84,179 64,141
85,180 64,141
86,181 64,141
87,182 64,141
88,182 65,142
76,172 63,141
77,173 63,141
78,174 63,141
79,175 63,141
84,180 64,142
85,181 64,142
86,182 64,142
87,183 65,143
78,175 63,142
84,181 63,142
85,182 63,142
86,183 64,143
