97,149 75,125
98,148 75,125
99,147 76,125
99,146 76,125
100,145 76,124
101,144 77,123
101,143 77,123
102,142 77,122
103,141 78,121
104,140 78,121
105,139 78,120
106,139 79,119
107,139 79,119
108,139 80,118
109,139 81,118
110,139 81,118
111,139 82,117
112,139 83,117
113,139 83,117
114,139 84,116
115,139 84,115
116,139 84,115
117,139 85,114
118,139 85,114
119,139 85,113
120,139 86,112
121,139 86,112
122,139 86,111
123,139 87,110
124,139 87,110
125,139 88,109
126,138 89,108
127,138 89,108
128,138 90,107
129,137 91,107
130,136 91,107
131,135 92,106
132,134 93,106
133,133 93,106
134,133 94,105
135,133 95,104
97,148 75,125
98,147 75,125
98,146 76,125
99,145 76,124
100,144 76,124
100,143 77,123
101,142 77,122
102,141 77,122
103,140 78,121
104,139 78,120
105,138 78,120
106,138 79,119
107,138 80,118
108,138 80,118
109,138 81,118
110,138 82,117
111,138 82,117
112,138 83,117
113,138 84,116
114,138 84,116
115,138 84,115
116,138 85,114
117,138 85,114
118,138 85,113
119,138 86,112
120,138 86,112
121,138 86,111
122,138 87,110
123,138 87,110
124,138 88,109
125,138 89,108
126,137 89,108
127,137 90,107
128,137 91,107
129,136 91,107
130,135 92,106
131,134 93,106
132,133 93,106
133,132 94,105
134,132 95,104
96,148 75,125
97,147 75,125
97,146 76,125
98,145 76,124
99,144 76,124
99,143 77,123
100,142 77,122
101,141 77,122
102,140 78,121
103,139 78,120
104,138 78,120
105,137 79,119
106,137 80,118
107,137 80,118
108,137 81,118
109,137 82,117
110,137 82,117
111,137 83,117
112,137 84,116
113,137 84,116
114,137 84,115
115,137 85,114
116,137 85,114
117,137 85,113
118,137 86,112
119,137 86,112
120,137 86,111
121,137 87,110
122,137 87,110
123,137 88,109
124,137 89,108
125,137 89,108
126,136 90,107
127,136 91,107
128,136 91,107
129,135 92,106
130,134 93,106
131,133 93,106
132,132 94,105
133,131 95,104
96,147 75,125
96,146 75,125
97,145 76,125
98,144 76,124
98,143 76,124
99,142 77,123
100,141 77,122
101,140 77,122
102,139 78,121
103,138 78,120
104,137 78,120
105,136 79,119
106,136 80,118
107,136 80,118
108,136 81,118
109,136 82,117
110,136 82,117
111,136 83,117
112,136 84,116
113,136 84,115
114,136 84,115
115,136 85,114
116,136 85,113
117,136 85,113
118,136 86,112
119,136 86,111
120,136 86,111
121,136 87,110
122,136 88,109
123,136 88,109
124,136 89,108
125,136 90,107
126,135 90,107
127,135 91,107
128,135 92,106
129,134 92,106
130,133 93,106
131,132 94,105
132,131 95,104
95,147 75,125
95,146 75,125
96,145 76,125
97,144 76,124
97,143 76,124
98,142 77,123
99,141 77,122
100,140 77,122
101,139 78,121
102,138 78,120
103,137 78,120
104,136 79,119
105,135 80,118
106,135 80,118
107,135 81,118
108,135 82,117
109,135 82,117
110,135 83,117
111,135 84,116
112,135 84,116
113,135 84,115
114,135 85,114
115,135 85,114
116,135 85,113
117,135 86,112
118,135 86,112
119,135 86,111
120,135 87,110
121,135 87,110
122,135 88,109
123,135 89,108
124,135 89,108
125,135 90,107
126,134 91,107
127,134 91,107
128,134 92,106
129,133 93,106
130,132 93,106
131,131 94,105
132,130 95,104
94,147 75,125
94,146 75,125
95,145 76,125
96,144 76,124
96,143 76,124
97,142 77,123
98,141 77,122
99,140 77,122
100,139 78,121
101,138 78,120
102,137 78,120
103,136 79,119
104,135 80,118
105,134 80,118
106,134 81,118
107,134 82,117
108,134 82,117
109,134 83,117
110,134 84,116
111,134 84,116
112,134 84,115
113,134 85,114
114,134 85,114
115,134 85,113
116,134 86,112
117,134 86,112
118,134 86,111
119,134 87,110
120,134 87,110
121,134 88,109
122,134 89,108
123,134 89,108
124,134 90,107
125,134 91,107
126,133 91,107
127,133 92,106
128,133 93,106
129,132 93,106
130,131 94,105
131,130 95,104
93,147 76,123
93,146 76,123
94,145 76,122
95,144 76,122
95,143 77,121
96,142 77,121
97,141 77,120
98,140 77,120
99,139 78,119
100,138 78,119
101,137 79,118
102,136 80,117
103,135 80,117
104,134 81,117
105,133 81,117
106,133 82,116
107,133 82,116
108,133 83,115
109,133 83,115
110,133 84,114
111,133 84,113
112,133 84,113
113,133 85,112
114,133 85,112
115,133 85,111
116,133 85,111
117,133 86,110
118,133 86,110
119,133 87,109
120,133 87,109
121,133 88,108
122,133 89,107
123,133 89,107
124,133 90,106
125,133 90,106
126,132 91,106
127,132 91,106
128,132 92,105
129,131 92,105
130,130 93,105
131,129 94,104
92,147 76,123
92,146 76,123
93,145 76,122
94,144 76,122
94,143 77,121
95,142 77,121
96,141 77,120
97,140 77,120
98,139 78,119
99,138 78,119
100,137 79,118
101,136 80,117
102,135 80,117
103,134 81,117
104,133 81,117
105,132 82,116
106,132 82,116
107,132 83,115
108,132 83,115
109,132 84,114
110,132 84,113
111,132 84,113
112,132 85,112
113,132 85,112
114,132 85,111
115,132 85,111
116,132 86,110
117,132 86,110
118,132 87,109
119,132 87,109
120,132 88,108
121,132 89,107
122,132 89,107
123,132 90,106
124,132 90,106
125,132 91,106
126,131 91,106
127,131 92,105
128,131 92,105
129,130 93,105
130,129 94,104
91,147 76,123
91,146 76,123
92,145 76,122
93,144 76,122
93,143 77,121
94,142 77,121
95,141 77,120
96,140 77,120
97,139 78,119
98,138 78,119
99,137 79,118
100,136 80,117
101,135 80,117
102,134 81,117
103,133 81,117
104,132 82,116
105,131 82,116
106,131 83,115
107,131 83,115
108,131 84,114
109,131 84,113
110,131 84,113
111,131 85,112
112,131 85,112
113,131 85,111
114,131 85,111
115,131 86,110
116,131 86,110
117,131 87,109
118,131 87,109
119,131 88,108
120,131 89,107
121,131 89,107
122,131 90,106
123,131 90,106
124,131 91,106
125,131 91,106
126,130 92,105
127,130 92,105
128,130 93,105
129,129 94,104
90,147 76,123
90,146 76,123
91,145 76,122
92,144 76,122
92,143 77,121
93,142 77,121
94,141 77,120
95,140 77,120
96,139 78,119
97,138 78,119
98,137 79,118
99,136 79,118
100,135 80,117
101,134 80,117
102,133 81,117
103,132 82,116
104,131 82,116
105,130 83,115
106,130 83,115
107,130 84,114
108,130 84,114
109,130 84,113
110,130 84,113
111,130 85,112
112,130 85,112
113,130 85,111
114,130 85,111
115,130 86,110
116,130 87,109
117,130 87,109
118,130 88,108
119,130 88,108
120,130 89,107
121,130 89,107
122,130 90,106
123,130 90,106
124,130 91,106
125,130 91,106
126,129 92,105
127,129 92,105
128,129 93,105
129,128 94,104
89,147 76,123
89,146 76,123
90,145 76,122
91,144 76,122
91,143 77,121
92,142 77,121
93,141 77,120
94,140 77,120
95,139 78,119
96,138 78,119
97,137 79,118
98,136 79,118
99,135 80,117
100,134 80,117
101,133 81,117
102,132 82,116
103,131 82,116
104,130 83,115
105,129 83,115
106,129 84,114
107,129 84,114
108,129 84,113
109,129 84,113
110,129 85,112
111,129 85,112
112,129 85,111
113,129 85,111
114,129 86,110
115,129 87,109
116,129 87,109
117,129 88,108
118,129 88,108
119,129 89,107
120,129 89,107
121,129 90,106
122,129 90,106
123,129 91,106
124,129 91,106
125,129 92,105
126,128 92,105
127,128 93,105
128,128 94,104
88,147 76,123
88,146 76,123
89,145 76,122
90,144 76,122
90,143 77,121
91,142 77,121
92,141 77,120
93,140 77,120
94,139 78,119
95,138 78,119
96,137 79,118
97,136 79,118
98,135 80,117
99,134 80,117
100,133 81,117
101,132 81,117
102,131 82,116
103,130 82,116
104,129 83,115
105,128 83,115
106,128 84,114
107,128 84,113
108,128 84,113
109,128 85,112
110,128 85,112
111,128 85,111
112,128 85,111
113,128 86,110
114,128 86,110
115,128 87,109
116,128 87,109
117,128 88,108
118,128 88,108
119,128 89,107
120,128 89,107
121,128 90,106
122,128 90,106
123,128 91,106
124,128 91,106
125,128 92,105
126,127 92,105
127,127 93,105
128,127 94,104
88,148 76,121
87,147 76,121
87,146 76,121
88,145 76,120
89,144 76,120
89,143 77,119
90,142 77,119
91,141 78,118
92,140 78,118
93,139 79,117
94,138 79,117
95,137 80,116
96,136 80,116
97,135 81,116
98,134 81,116
99,133 81,116
100,132 82,115
101,131 82,115
102,130 83,114
103,129 83,114
104,128 83,113
105,127 83,113
106,127 84,112
107,127 84,112
108,127 84,111
109,127 84,111
110,127 85,110
111,127 85,110
112,127 86,109
113,127 86,109
114,127 86,109
115,127 87,108
116,127 87,108
117,127 88,107
118,127 88,107
119,127 89,106
120,127 89,106
121,127 90,105
122,127 90,105
123,127 91,105
124,127 91,105
125,127 92,104
126,126 92,104
127,126 93,104
87,148 76,121
86,147 76,121
86,146 76,121
87,145 76,120
88,144 76,120
88,143 77,119
89,142 77,119
90,141 78,118
91,140 78,118
92,139 79,117
93,138 79,117
94,137 80,116
95,136 80,116
96,135 81,116
97,134 81,116
98,133 81,116
99,132 82,115
100,131 82,115
101,130 83,114
102,129 83,114
103,128 83,113
104,127 83,113
105,126 84,112
106,126 84,112
107,126 84,111
108,126 84,111
109,126 85,110
110,126 85,110
111,126 86,109
112,126 86,109
113,126 86,109
114,126 87,108
115,126 87,108
116,126 88,107
117,126 88,107
118,126 89,106
119,126 89,106
120,126 90,105
121,126 90,105
122,126 91,105
123,126 91,105
124,126 92,104
125,126 92,104
126,125 93,104
87,149 76,121
86,148 76,121
85,147 76,121
85,146 76,120
86,145 76,120
87,144 77,119
87,143 77,119
88,142 78,118
89,141 78,118
90,140 79,117
91,139 79,117
92,138 80,116
93,137 80,116
94,136 80,116
95,135 81,116
96,134 81,116
97,133 82,115
98,132 82,115
99,131 83,114
100,130 83,114
101,129 83,113
102,128 83,113
103,127 84,112
104,126 84,112
105,125 84,112
106,125 84,111
107,125 84,111
108,125 85,110
109,125 85,110
110,125 86,109
111,125 86,109
112,125 87,108
113,125 87,108
114,125 88,107
115,125 88,107
116,125 88,107
117,125 89,106
118,125 89,106
119,125 90,105
120,125 90,105
121,125 91,105
122,125 91,105
123,125 92,104
124,125 92,104
125,125 93,104
86,149 76,121
85,148 76,121
84,147 76,121
84,146 76,120
85,145 76,120
86,144 77,119
86,143 77,119
87,142 78,118
88,141 78,118
89,140 79,117
90,139 79,117
91,138 80,116
92,137 80,116
93,136 80,116
94,135 81,116
95,134 81,116
96,133 82,115
97,132 82,115
98,131 83,114
99,130 83,114
100,129 83,113
101,128 83,113
102,127 84,112
103,126 84,112
104,125 84,112
105,124 84,111
106,124 84,111
107,124 85,110
108,124 85,110
109,124 86,109
110,124 86,109
111,124 87,108
112,124 87,108
113,124 88,107
114,124 88,107
115,124 88,107
116,124 89,106
117,124 89,106
118,124 90,105
119,124 90,105
120,124 91,105
121,124 91,105
122,124 92,104
123,124 92,104
124,124 93,104
85,149 76,121
84,148 76,121
83,147 76,121
83,146 76,120
84,145 76,120
85,144 77,119
85,143 77,119
86,142 78,118
87,141 78,118
88,140 79,117
89,139 79,117
90,138 80,116
91,137 80,116
92,136 80,116
93,135 81,116
94,134 81,116
95,133 82,115
96,132 82,115
97,131 83,114
98,130 83,114
99,129 83,113
100,128 83,113
101,127 84,112
102,126 84,112
103,125 84,112
104,124 84,111
105,123 84,111
106,123 85,110
107,123 85,110
108,123 86,109
109,123 86,109
110,123 87,108
111,123 87,108
112,123 88,107
113,123 88,107
114,123 88,107
115,123 89,106
116,123 89,106
117,123 90,105
118,123 90,105
119,123 91,105
120,123 91,105
121,123 92,104
122,123 92,104
123,123 93,104
85,150 77,118
84,149 77,118
83,148 77,118
82,147 78,117
82,146 78,117
83,145 79,116
84,144 79,116
84,143 79,116
85,142 80,115
86,141 80,115
87,140 81,115
88,139 81,115
89,138 81,115
90,137 82,114
91,136 82,114
92,135 82,113
93,134 82,113
94,133 82,113
95,132 83,112
96,131 83,112
97,130 83,111
98,129 83,111
99,128 84,110
100,127 84,110
101,126 84,110
102,125 85,109
103,124 85,109
104,123 86,108
105,122 86,108
106,122 86,108
107,122 87,107
108,122 87,107
109,122 88,106
110,122 88,106
111,122 88,106
112,122 89,105
113,122 89,105
114,122 90,104
115,122 90,104
116,122 90,104
117,122 91,104
118,122 91,104
119,122 92,103
120,122 92,103
121,122 93,103
84,150 77,118
83,149 77,118
82,148 77,118
81,147 78,117
81,146 78,117
82,145 79,116
83,144 79,116
83,143 79,116
84,142 80,115
85,141 80,115
86,140 81,115
87,139 81,115
88,138 81,115
89,137 82,114
90,136 82,114
91,135 82,113
92,134 82,113
93,133 82,113
94,132 83,112
95,131 83,112
96,130 83,111
97,129 83,111
98,128 84,110
99,127 84,110
100,126 84,110
101,125 85,109
102,124 85,109
103,123 86,108
104,122 86,108
105,121 86,108
106,121 87,107
107,121 87,107
108,121 88,106
109,121 88,106
110,121 88,106
111,121 89,105
112,121 89,105
113,121 90,104
114,121 90,104
115,121 90,104
116,121 91,104
117,121 91,104
118,121 92,103
119,121 92,103
120,121 93,103
84,151 77,118
83,150 77,118
82,149 77,118
81,148 78,117
80,147 78,117
80,146 79,116
81,145 79,116
82,144 79,116
82,143 80,115
83,142 80,115
84,141 81,115
85,140 81,115
86,139 81,115
87,138 82,114
88,137 82,114
89,136 82,113
90,135 82,113
91,134 82,113
92,133 83,112
93,132 83,112
94,131 83,111
95,130 83,111
96,129 83,111
97,128 84,110
98,127 84,110
99,126 85,109
100,125 85,109
101,124 85,109
102,123 86,108
103,122 86,108
104,121 87,107
105,120 87,107
106,120 87,107
107,120 88,106
108,120 88,106
109,120 89,105
110,120 89,105
111,120 89,105
112,120 90,104
113,120 90,104
114,120 91,104
115,120 91,104
116,120 91,104
117,120 92,103
118,120 92,103
119,120 93,103
83,151 77,118
82,150 77,118
81,149 77,118
80,148 78,117
79,147 78,117
79,146 79,116
80,145 79,116
81,144 79,116
81,143 80,115
82,142 80,115
83,141 81,115
84,140 81,115
85,139 81,115
86,138 82,114
87,137 82,114
88,136 82,113
89,135 82,113
90,134 82,113
91,133 83,112
92,132 83,112
93,131 83,111
94,130 83,111
95,129 84,110
96,128 84,110
97,127 84,110
98,126 85,109
99,125 85,109
100,124 86,108
101,123 86,108
102,122 86,108
103,121 87,107
104,120 87,107
105,119 88,106
106,119 88,106
107,119 88,106
108,119 89,105
109,119 89,105
110,119 90,104
111,119 90,104
112,119 90,104
113,119 91,104
114,119 91,104
115,119 92,103
116,119 92,103
117,119 93,103
83,152 77,118
82,151 77,118
81,150 77,118
80,149 78,117
79,148 78,117
78,147 79,116
78,146 79,116
79,145 79,116
80,144 80,115
80,143 80,115
81,142 81,115
82,141 81,115
83,140 81,115
84,139 82,114
85,138 82,114
86,137 82,113
87,136 82,113
88,135 82,113
89,134 83,112
90,133 83,112
91,132 83,111
92,131 83,111
93,130 83,111
94,129 84,110
95,128 84,110
96,127 85,109
97,126 85,109
98,125 85,109
99,124 86,108
100,123 86,108
101,122 87,107
102,121 87,107
103,120 87,107
104,119 88,106
105,118 88,106
106,118 89,105
107,118 89,105
108,118 89,105
109,118 90,104
110,118 90,104
111,118 91,104
112,118 91,104
113,118 91,104
114,118 92,103
115,118 92,103
116,118 93,103
82,152 77,118
81,151 77,118
80,150 77,118
79,149 78,117
78,148 78,117
77,147 79,116
77,146 79,116
78,145 79,116
79,144 80,115
79,143 80,115
80,142 81,115
81,141 81,115
82,140 81,115
83,139 82,114
84,138 82,114
85,137 82,113
86,136 82,113
87,135 82,113
88,134 83,112
89,133 83,112
90,132 83,111
91,131 83,111
92,130 84,110
93,129 84,110
94,128 84,110
95,127 85,109
96,126 85,109
97,125 86,108
98,124 86,108
99,123 86,108
100,122 87,107
101,121 87,107
102,120 88,106
103,119 88,106
104,118 88,106
105,117 89,105
106,117 89,105
107,117 90,104
108,117 90,104
109,117 90,104
110,117 91,104
111,117 91,104
112,117 92,103
113,117 92,103
114,117 93,103
81,152 78,116
80,151 78,116
79,150 78,116
78,149 79,115
77,148 79,115
76,147 79,115
76,146 80,114
77,145 80,114
78,144 80,114
78,143 81,113
79,142 81,113
80,141 81,113
81,140 82,112
82,139 82,112
83,138 82,112
84,137 82,111
85,136 82,111
86,135 82,111
87,134 83,110
88,133 83,110
89,132 83,110
90,131 84,109
91,130 84,109
92,129 85,108
93,128 85,108
94,127 85,108
95,126 86,107
96,125 86,107
97,124 86,107
98,123 87,106
99,122 87,106
100,121 87,106
101,120 88,105
102,119 88,105
103,118 88,105
104,117 89,104
105,116 89,104
106,116 89,104
107,116 90,103
108,116 90,103
109,116 90,103
110,116 91,103
111,116 91,103
112,116 92,102
81,153 78,116
80,152 78,116
79,151 78,116
78,150 79,115
77,149 79,115
76,148 79,115
75,147 80,114
75,146 80,114
76,145 80,114
77,144 81,113
77,143 81,113
78,142 81,113
79,141 82,112
80,140 82,112
81,139 82,112
82,138 82,111
83,137 82,111
84,136 82,111
85,135 83,110
86,134 83,110
87,133 83,110
88,132 84,109
89,131 84,109
90,130 85,108
91,129 85,108
92,128 85,108
93,127 86,107
94,126 86,107
95,125 86,107
96,124 87,106
97,123 87,106
98,122 87,106
99,121 88,105
100,120 88,105
101,119 88,105
102,118 89,104
103,117 89,104
104,116 89,104
105,115 90,103
106,115 90,103
107,115 90,103
108,115 91,103
109,115 91,103
110,115 92,102
80,153 78,116
79,152 78,116
78,151 78,116
77,150 79,115
76,149 79,115
75,148 79,115
74,147 80,114
74,146 80,114
75,145 80,114
76,144 81,113
76,143 81,113
77,142 81,113
78,141 82,112
79,140 82,112
80,139 82,111
81,138 82,111
82,137 82,111
83,136 83,110
84,135 83,110
85,134 83,110
86,133 84,109
87,132 84,109
88,131 84,109
89,130 85,108
90,129 85,108
91,128 85,108
92,127 86,107
93,126 86,107
94,125 87,106
95,124 87,106
96,123 87,106
97,122 88,105
98,121 88,105
99,120 88,105
100,119 89,104
101,118 89,104
102,117 89,104
103,116 90,103
104,115 90,103
105,114 90,103
106,114 91,103
107,114 91,103
108,114 92,102
80,154 78,116
79,153 78,116
78,152 78,116
77,151 79,115
76,150 79,115
75,149 79,115
74,148 80,114
73,147 80,114
73,146 80,114
74,145 81,113
75,144 81,113
75,143 82,112
76,142 82,112
77,141 82,112
78,140 82,111
79,139 82,111
80,138 82,111
81,137 83,110
82,136 83,110
83,135 83,110
84,134 84,109
85,133 84,109
86,132 85,108
87,131 85,108
88,130 85,108
89,129 86,107
90,128 86,107
91,127 86,107
92,126 87,106
93,125 87,106
94,124 87,106
95,123 88,105
96,122 88,105
97,121 89,104
98,120 89,104
99,119 89,104
100,118 90,103
101,117 90,103
102,116 90,103
103,115 91,103
104,114 91,103
105,113 92,102
79,154 78,116
78,153 78,116
77,152 78,116
76,151 79,115
75,150 79,115
74,149 79,115
73,148 80,114
72,147 80,114
72,146 80,114
73,145 81,113
74,144 81,113
74,143 82,112
75,142 82,112
76,141 82,112
77,140 82,111
78,139 82,111
79,138 82,111
80,137 83,110
81,136 83,110
82,135 83,110
83,134 84,109
84,133 84,109
85,132 85,108
86,131 85,108
87,130 85,108
88,129 86,107
89,128 86,107
90,127 86,107
91,126 87,106
92,125 87,106
93,124 87,106
94,123 88,105
95,122 88,105
96,121 89,104
97,120 89,104
98,119 89,104
99,118 90,103
100,117 90,103
101,116 90,103
102,115 91,103
103,114 91,103
104,113 92,102
79,155 78,116
78,154 78,116
77,153 78,116
76,152 79,115
75,151 79,115
74,150 79,115
73,149 80,114
72,148 80,114
71,147 80,114
71,146 81,113
72,145 81,113
73,144 81,113
73,143 82,112
74,142 82,112
75,141 82,111
76,140 82,111
77,139 82,111
78,138 83,110
79,137 83,110
80,136 83,110
81,135 84,109
82,134 84,109
83,133 84,109
84,132 85,108
85,131 85,108
86,130 85,108
87,129 86,107
88,128 86,107
89,127 87,106
90,126 87,106
91,125 87,106
92,124 88,105
93,123 88,105
94,122 88,105
95,121 89,104
96,120 89,104
97,119 89,104
98,118 90,103
99,117 90,103
100,116 90,103
101,115 91,103
102,114 91,103
103,113 92,102
78,155 78,115
77,154 78,115
76,153 78,115
75,152 79,114
74,151 79,114
73,150 79,114
72,149 80,113
71,148 80,113
70,147 80,113
70,146 81,112
71,145 81,112
72,144 81,112
72,143 81,111
73,142 81,111
74,141 81,111
75,140 82,110
76,139 82,110
77,138 82,110
78,137 83,109
79,136 83,109
80,135 83,109
81,134 84,108
82,133 84,108
83,132 84,108
84,131 85,107
85,130 85,107
86,129 85,107
87,128 86,106
88,127 86,106
89,126 86,106
90,125 87,105
91,124 87,105
92,123 87,105
93,122 88,104
94,121 88,104
95,120 88,104
96,119 89,103
97,118 89,103
98,117 89,103
99,116 90,102
100,115 90,102
101,114 90,102
102,113 91,102
78,156 78,115
77,155 78,115
76,154 78,115
75,153 78,115
74,152 79,114
73,151 79,114
72,150 79,114
71,149 80,113
70,148 80,113
69,147 80,113
69,146 81,112
70,145 81,112
71,144 81,112
71,143 81,111
72,142 81,111
73,141 81,111
74,140 82,110
75,139 82,110
76,138 82,110
77,137 83,109
78,136 83,109
79,135 83,109
80,134 84,108
81,133 84,108
82,132 84,108
83,131 84,108
84,130 85,107
85,129 85,107
86,128 85,107
87,127 86,106
88,126 86,106
89,125 86,106
90,124 87,105
91,123 87,105
92,122 87,105
93,121 88,104
94,120 88,104
95,119 88,104
96,118 89,103
97,117 89,103
98,116 89,103
99,115 90,102
100,114 90,102
101,113 90,102
102,112 91,102
77,156 78,115
76,155 78,115
75,154 78,115
74,153 78,115
73,152 79,114
72,151 79,114
71,150 79,114
70,149 80,113
69,148 80,113
68,147 80,113
68,146 81,112
69,145 81,112
70,144 81,112
70,143 81,111
71,142 81,111
72,141 81,111
73,140 82,110
74,139 82,110
75,138 82,110
76,137 83,109
77,136 83,109
78,135 83,109
79,134 84,108
80,133 84,108
81,132 84,108
82,131 84,108
83,130 85,107
84,129 85,107
85,128 85,107
86,127 86,106
87,126 86,106
88,125 86,106
89,124 87,105
90,123 87,105
91,122 87,105
92,121 88,104
93,120 88,104
94,119 88,104
95,118 89,103
96,117 89,103
97,116 89,103
98,115 90,102
99,114 90,102
100,113 90,102
101,112 91,102
77,157 78,115
76,156 78,115
75,155 78,115
74,154 78,115
73,153 79,114
72,152 79,114
71,151 79,114
70,150 80,113
69,149 80,113
68,148 80,113
67,147 81,112
67,146 81,112
68,145 81,112
69,144 81,111
69,143 81,111
70,142 81,111
71,141 81,111
72,140 82,110
73,139 82,110
74,138 82,110
75,137 83,109
76,136 83,109
77,135 83,109
78,134 84,108
79,133 84,108
80,132 84,108
81,131 85,107
82,130 85,107
83,129 85,107
84,128 86,106
85,127 86,106
86,126 86,106
87,125 86,106
88,124 87,105
89,123 87,105
90,122 87,105
91,121 88,104
92,120 88,104
93,119 88,104
94,118 89,103
95,117 89,103
96,116 89,103
97,115 90,102
98,114 90,102
99,113 90,102
100,112 91,102
76,157 78,115
75,156 78,115
74,155 78,115
73,154 78,115
72,153 79,114
71,152 79,114
70,151 79,114
69,150 80,113
68,149 80,113
67,148 80,113
66,147 81,112
66,146 81,112
67,145 81,112
68,144 81,111
68,143 81,111
69,142 81,111
70,141 81,111
71,140 82,110
72,139 82,110
73,138 82,110
74,137 83,109
75,136 83,109
76,135 83,109
77,134 84,108
78,133 84,108
79,132 84,108
80,131 85,107
81,130 85,107
82,129 85,107
83,128 86,106
84,127 86,106
85,126 86,106
86,125 86,106
87,124 87,105
88,123 87,105
89,122 87,105
90,121 88,104
91,120 88,104
92,119 88,104
93,118 89,103
94,117 89,103
95,116 89,103
96,115 90,102
97,114 90,102
98,113 90,102
99,112 91,102
76,158 78,114
75,157 78,114
74,156 78,114
73,155 78,114
72,154 79,113
71,153 79,113
70,152 79,113
69,151 79,113
68,150 80,112
67,149 80,112
66,148 80,112
65,147 80,111
65,146 80,111
66,145 80,111
67,144 80,111
67,143 81,110
68,142 81,110
69,141 81,110
70,140 82,109
71,139 82,109
72,138 82,109
73,137 82,109
74,136 83,108
75,135 83,108
76,134 83,108
77,133 84,107
78,132 84,107
79,131 84,107
80,130 84,107
81,129 85,106
82,128 85,106
83,127 85,106
84,126 86,105
85,125 86,105
86,124 86,105
87,123 86,105
88,122 87,104
89,121 87,104
90,120 87,104
91,119 88,103
92,118 88,103
93,117 88,103
94,116 88,103
95,115 89,102
96,114 89,102
97,113 89,102
98,112 89,102
75,158 78,114
74,157 78,114
73,156 78,114
72,155 78,114
71,154 79,113
70,153 79,113
69,152 79,113
68,151 79,113
67,150 80,112
66,149 80,112
65,148 80,112
64,146 80,111
65,145 80,111
66,144 80,111
66,143 80,111
67,142 81,110
68,141 81,110
69,140 81,110
70,139 82,109
71,138 82,109
72,137 82,109
73,136 82,109
74,135 83,108
75,134 83,108
76,133 83,108
77,132 84,107
78,131 84,107
79,130 84,107
80,129 84,107
81,128 85,106
82,127 85,106
83,126 85,106
84,125 86,105
85,124 86,105
86,123 86,105
87,122 86,105
88,121 87,104
89,120 87,104
90,119 87,104
91,118 88,103
92,117 88,103
93,116 88,103
94,115 88,103
95,114 89,102
96,113 89,102
97,112 89,102
98,111 89,102
75,159 78,114
74,158 78,114
73,157 78,114
72,156 78,114
71,155 79,113
70,154 79,113
69,153 79,113
68,152 80,112
67,151 80,112
66,150 80,112
64,145 80,112
65,144 80,111
65,143 80,111
66,142 80,111
67,141 81,110
68,140 81,110
69,139 81,110
70,138 82,109
71,137 82,109
72,136 82,109
73,135 82,109
74,134 83,108
75,133 83,108
76,132 83,108
77,131 84,107
78,130 84,107
79,129 84,107
80,128 84,107
81,127 85,106
82,126 85,106
83,125 85,106
84,124 86,105
85,123 86,105
86,122 86,105
87,121 87,104
88,120 87,104
89,119 87,104
90,118 87,104
91,117 88,103
92,116 88,103
93,115 88,103
94,114 89,102
95,113 89,102
96,112 89,102
97,111 90,101
74,159 78,114
73,158 78,114
72,157 78,114
71,156 78,114
70,155 79,113
69,154 79,113
68,153 79,113
67,152 80,112
64,144 80,112
64,143 80,112
65,142 80,111
66,141 80,111
67,140 80,111
68,139 81,110
69,138 81,110
70,137 81,110
71,136 82,109
72,135 82,109
73,134 82,109
74,133 83,108
75,132 83,108
76,131 83,108
77,130 83,108
78,129 84,107
79,128 84,107
80,127 84,107
81,126 85,106
82,125 85,106
83,124 85,106
84,123 86,105
85,122 86,105
86,121 86,105
87,120 87,104
88,119 87,104
89,118 87,104
90,117 88,103
91,116 88,103
92,115 88,103
93,114 89,102
94,113 89,102
95,112 89,102
96,111 90,101
74,160 78,114
73,159 78,114
72,158 78,114
71,157 78,114
70,156 79,113
69,155 79,113
68,154 79,113
63,144 80,112
63,143 80,112
64,142 80,112
65,141 80,111
66,140 80,111
67,139 80,111
68,138 81,110
69,137 81,110
70,136 81,110
71,135 82,109
72,134 82,109
73,133 82,109
74,132 83,108
75,131 83,108
76,130 83,108
77,129 84,107
78,128 84,107
79,127 84,107
80,126 85,106
81,125 85,106
82,124 85,106
83,123 86,105
84,122 86,105
85,121 86,105
86,120 87,104
87,119 87,104
88,118 87,104
89,117 88,103
90,116 88,103
91,115 88,103
92,114 89,102
93,113 89,102
94,112 89,102
95,111 90,101
73,160 78,114
72,159 78,114
71,158 78,114
70,157 79,113
69,156 79,113
63,142 79,113
64,141 80,112
65,140 80,112
66,139 80,112
67,138 80,111
68,137 80,111
69,136 80,111
70,135 81,110
71,134 81,110
72,133 81,110
73,132 82,109
74,131 82,109
75,130 82,109
76,129 83,108
77,128 83,108
78,127 84,107
79,126 84,107
80,125 84,107
81,124 85,106
82,123 85,106
83,122 85,106
84,121 86,105
85,120 86,105
86,119 86,105
87,118 87,104
88,117 87,104
89,116 87,104
90,115 88,103
91,114 88,103
92,113 88,103
93,112 89,102
94,111 89,102
95,110 90,101
73,161 79,112
72,160 79,112
71,159 79,112
70,158 79,112
62,142 80,110
63,141 80,110
64,140 80,110
65,139 80,110
66,138 81,109
67,137 81,109
68,136 81,109
69,135 82,108
70,134 82,108
71,133 82,108
72,132 82,108
73,131 83,107
74,130 83,107
75,129 83,107
76,128 84,106
77,127 84,106
78,126 84,106
79,125 84,106
80,124 85,105
81,123 85,105
82,122 85,105
83,121 85,105
84,120 86,104
85,119 86,104
86,118 86,104
87,117 87,103
88,116 87,103
89,115 87,103
90,114 87,103
91,113 88,102
92,112 88,102
93,111 88,102
94,110 89,101
72,161 79,112
71,160 79,112
62,141 79,112
63,140 79,112
64,139 80,110
65,138 80,110
66,137 80,110
67,136 81,109
68,135 81,109
69,134 81,109
70,133 81,109
71,132 82,108
72,131 82,108
73,130 82,108
74,129 83,107
75,128 83,107
76,127 83,107
77,126 84,106
78,125 84,106
79,124 84,106
80,123 84,106
81,122 85,105
82,121 85,105
83,120 85,105
84,119 86,104
85,118 86,104
86,117 86,104
87,116 86,104
88,115 87,103
89,114 87,103
90,113 87,103
91,112 88,102
92,111 88,102
93,110 88,102
94,109 89,101
62,140 79,112
63,139 79,112
64,138 79,112
65,137 79,112
66,136 80,110
67,135 80,110
68,134 80,110
69,133 81,109
70,132 81,109
71,131 81,109
72,130 82,108
73,129 82,108
74,128 82,108
75,127 83,107
76,126 83,107
77,125 83,107
78,124 84,106
79,123 84,106
80,122 84,106
81,121 84,106
82,120 85,105
83,119 85,105
84,118 85,105
85,117 86,104
86,116 86,104
87,115 86,104
88,114 87,103
89,113 87,103
90,112 87,103
91,111 88,102
92,110 88,102
93,109 88,102
94,108 89,101
61,140 79,112
62,139 79,112
63,138 79,112
64,137 79,112
65,136 80,110
66,135 80,110
67,134 80,110
68,133 81,109
69,132 81,109
70,131 81,109
71,130 82,108
72,129 82,108
73,128 82,108
74,127 82,108
75,126 83,107
76,125 83,107
77,124 83,107
78,123 84,106
79,122 84,106
80,121 84,106
81,120 85,105
82,119 85,105
83,118 85,105
84,117 85,105
85,116 86,104
86,115 86,104
87,114 86,104
88,113 87,103
89,112 87,103
90,111 87,103
91,110 88,102
92,109 88,102
93,108 88,102
94,107 89,101
61,139 79,112
62,138 79,112
63,137 79,112
64,136 79,112
65,135 80,110
66,134 80,110
67,133 80,110
68,132 81,109
69,131 81,109
70,130 81,109
71,129 82,108
72,128 82,108
73,127 82,108
74,126 82,108
75,125 83,107
76,124 83,107
77,123 83,107
78,122 84,106
79,121 84,106
80,120 84,106
81,119 85,105
82,118 85,105
83,117 85,105
84,116 85,105
85,115 86,104
86,114 86,104
87,113 86,104
88,112 87,103
89,111 87,103
90,110 87,103
91,109 88,102
92,108 88,102
93,107 88,102
94,106 89,101
61,138 79,112
62,137 79,112
63,136 79,112
64,135 79,112
65,134 80,110
66,133 80,110
67,132 80,110
68,131 81,109
69,130 81,109
70,129 81,109
71,128 82,108
72,127 82,108
73,126 82,108
74,125 82,108
75,124 83,107
76,123 83,107
77,122 83,107
78,121 84,106
79,120 84,106
80,119 84,106
81,118 85,105
82,117 85,105
83,116 85,105
84,115 85,105
85,114 86,104
86,113 86,104
87,112 86,104
88,111 87,103
89,110 87,103
90,109 87,103
91,108 88,102
92,107 88,102
93,106 88,102
94,105 89,101
60,138 80,109
61,137 80,109
62,136 80,109
63,135 80,109
64,134 81,108
65,133 81,108
66,132 81,108
67,131 81,108
68,130 82,107
69,129 82,107
70,128 82,107
71,127 83,106
72,126 83,106
73,125 83,106
74,124 83,106
75,123 84,105
76,122 84,105
77,121 84,105
78,120 84,105
79,119 85,104
80,118 85,104
81,117 85,104
82,116 86,103
83,115 86,103
84,114 86,103
85,113 86,103
86,112 87,102
87,111 87,102
88,110 87,102
89,109 87,102
90,108 88,101
91,107 88,101
92,106 88,101
93,105 89,100
60,137 80,109
61,136 80,109
62,135 80,109
63,134 80,109
64,133 81,108
65,132 81,108
66,131 81,108
67,130 81,108
68,129 82,107
69,128 82,107
70,127 82,107
71,126 83,106
72,125 83,106
73,124 83,106
74,123 83,106
75,122 84,105
76,121 84,105
77,120 84,105
78,119 84,105
79,118 85,104
80,117 85,104
81,116 85,104
82,115 86,103
83,114 86,103
84,113 86,103
85,112 86,103
86,111 87,102
87,110 87,102
88,109 87,102
89,108 87,102
90,107 88,101
91,106 88,101
92,105 88,101
93,104 89,100
60,136 80,109
61,135 80,109
62,134 80,109
63,133 80,109
64,132 81,108
65,131 81,108
66,130 81,108
67,129 81,108
68,128 82,107
69,127 82,107
70,126 82,107
71,125 83,106
72,124 83,106
73,123 83,106
74,122 83,106
75,121 84,105
76,120 84,105
77,119 84,105
78,118 84,105
79,117 85,104
80,116 85,104
81,115 85,104
82,114 86,103
83,113 86,103
84,112 86,103
85,111 86,103
86,110 87,102
87,109 87,102
88,108 87,102
89,107 87,102
90,106 88,101
91,105 88,101
92,104 88,101
93,103 89,100
59,136 80,109
60,135 80,109
61,134 80,109
62,133 80,109
63,132 81,108
64,131 81,108
65,130 81,108
66,129 81,108
67,128 82,107
68,127 82,107
69,126 82,107
70,125 82,107
71,124 83,106
72,123 83,106
73,122 83,106
74,121 83,106
75,120 84,105
76,119 84,105
77,118 84,105
78,117 85,104
79,116 85,104
80,115 85,104
81,114 85,104
82,113 86,103
83,112 86,103
84,111 86,103
85,110 86,103
86,109 87,102
87,108 87,102
88,107 87,102
89,106 87,102
90,105 88,101
91,104 88,101
92,103 88,101
93,102 89,100
59,135 80,109
60,134 80,109
61,133 80,109
62,132 80,109
63,131 81,108
64,130 81,108
65,129 81,108
66,128 81,108
67,127 82,107
68,126 82,107
69,125 82,107
70,124 82,107
71,123 83,106
72,122 83,106
73,121 83,106
74,120 83,106
75,119 84,105
76,118 84,105
77,117 84,105
78,116 85,104
79,115 85,104
80,114 85,104
81,113 85,104
82,112 86,103
83,111 86,103
84,110 86,103
85,109 86,103
86,108 87,102
87,107 87,102
88,106 87,102
89,105 87,102
90,104 88,101
91,103 88,101
92,102 88,101
93,101 89,100
58,135 79,109
59,134 79,109
60,133 79,109
61,132 79,109
62,131 80,108
63,130 80,108
64,129 80,108
65,128 80,108
66,127 81,107
67,126 81,107
68,125 81,107
69,124 81,107
70,123 82,106
71,122 82,106
72,121 82,106
73,120 82,106
74,119 83,105
75,118 83,105
76,117 83,105
77,116 83,105
78,115 84,104
79,114 84,104
80,113 84,104
81,112 84,104
82,111 85,103
83,110 85,103
84,109 85,103
85,108 85,103
86,107 86,102
87,106 86,102
88,105 86,102
89,104 86,102
90,103 87,101
91,102 87,101
92,101 87,101
93,100 88,100
58,134 79,109
59,133 79,109
60,132 79,109
61,131 79,109
62,130 80,108
63,129 80,108
64,128 80,108
65,127 80,108
66,126 81,107
67,125 81,107
68,124 81,107
69,123 81,107
70,122 82,106
71,121 82,106
72,120 82,106
73,119 82,106
74,118 83,105
75,117 83,105
76,116 83,105
77,115 83,105
78,114 84,104
79,113 84,104
80,112 84,104
81,111 84,104
82,110 85,103
83,109 85,103
84,108 85,103
85,107 85,103
86,106 86,102
87,105 86,102
88,104 86,102
89,103 86,102
90,102 87,101
91,101 87,101
92,100 87,101
93,99 88,100
57,134 79,109
58,133 79,109
59,132 79,109
60,131 79,109
61,130 80,108
62,129 80,108
63,128 80,108
64,127 80,108
65,126 81,107
66,125 81,107
67,124 81,107
68,123 81,107
69,122 82,106
70,121 82,106
71,120 82,106
72,119 82,106
73,118 83,105
74,117 83,105
75,116 83,105
76,115 83,105
77,114 84,104
78,113 84,104
79,112 84,104
80,111 84,104
81,110 85,103
82,109 85,103
83,108 85,103
84,107 85,103
85,106 86,102
86,105 86,102
87,104 86,102
88,103 86,102
89,102 87,101
90,101 87,101
91,100 87,101
92,99 87,101
93,98 88,100
57,133 79,109
58,132 79,109
59,131 79,109
60,130 79,109
61,129 80,108
62,128 80,108
63,127 80,108
64,126 80,108
65,125 81,107
66,124 81,107
67,123 81,107
68,122 81,107
69,121 82,106
70,120 82,106
71,119 82,106
72,118 82,106
73,117 83,105
74,116 83,105
75,115 83,105
76,114 83,105
77,113 84,104
78,112 84,104
79,111 84,104
80,110 84,104
81,109 85,103
82,108 85,103
83,107 85,103
84,106 85,103
85,105 86,102
86,104 86,102
87,103 86,102
88,102 86,102
89,101 87,101
90,100 87,101
91,99 87,101
92,98 88,100
57,132 79,109
58,131 79,109
59,130 79,109
60,129 79,109
61,128 80,108
62,127 80,108
63,126 80,108
64,125 80,108
65,124 81,107
66,123 81,107
67,122 81,107
68,121 81,107
69,120 82,106
70,119 82,106
71,118 82,106
72,117 82,106
73,116 83,105
74,115 83,105
75,114 83,105
76,113 83,105
77,112 84,104
78,111 84,104
79,110 84,104
80,109 84,104
81,108 85,103
82,107 85,103
83,106 85,103
84,105 85,103
85,104 86,102
86,103 86,102
87,102 86,102
88,101 86,102
89,100 87,101
90,99 87,101
91,98 87,101
92,97 88,100
56,132 79,109
57,131 79,109
58,130 79,109
59,129 79,109
60,128 80,108
61,127 80,108
62,126 80,108
63,125 80,108
64,124 81,107
65,123 81,107
66,122 81,107
67,121 81,107
68,120 82,106
69,119 82,106
70,118 82,106
71,117 82,106
72,116 83,105
73,115 83,105
74,114 83,105
75,113 83,105
76,112 84,104
77,111 84,104
78,110 84,104
79,109 84,104
80,108 85,103
81,107 85,103
82,106 85,103
83,105 85,103
84,104 86,102
85,103 86,102
86,102 86,102
87,101 86,102
88,100 87,101
89,99 87,101
90,98 87,101
91,97 87,101
92,96 88,100
55,132 79,108
56,131 79,108
57,130 79,108
58,129 79,108
59,128 79,108
60,127 80,107
61,126 80,107
62,125 80,107
63,124 80,107
64,123 81,106
65,122 81,106
66,121 81,106
67,120 81,106
68,119 82,105
69,118 82,105
70,117 82,105
71,116 82,105
72,115 83,104
73,114 83,104
74,113 83,104
75,112 83,104
76,111 84,103
77,110 84,103
78,109 84,103
79,108 84,103
80,107 85,102
81,106 85,102
82,105 85,102
83,104 85,102
84,103 86,101
85,102 86,101
86,101 86,101
87,100 86,101
88,99 87,100
89,98 87,100
90,97 87,100
91,96 87,100
92,95 88,99
55,131 79,108
56,130 79,108
57,129 79,108
58,128 79,108
59,127 79,108
60,126 80,107
61,125 80,107
62,124 80,107
63,123 80,107
64,122 81,106
65,121 81,106
66,120 81,106
67,119 81,106
68,118 82,105
69,117 82,105
70,116 82,105
71,115 82,105
72,114 83,104
73,113 83,104
74,112 83,104
75,111 83,104
76,110 84,103
77,109 84,103
78,108 84,103
79,107 84,103
80,106 85,102
81,105 85,102
82,104 85,102
83,103 85,102
84,102 86,101
85,101 86,101
86,100 86,101
87,99 86,101
88,98 87,100
89,97 87,100
90,96 87,100
91,95 87,100
92,94 88,99
54,131 79,108
55,130 79,108
56,129 79,108
57,128 79,108
58,127 79,108
59,126 80,107
60,125 80,107
61,124 80,107
62,123 80,107
63,122 81,106
64,121 81,106
65,120 81,106
66,119 81,106
67,118 82,105
68,117 82,105
69,116 82,105
70,115 82,105
71,114 83,104
72,113 83,104
73,112 83,104
74,111 83,104
75,110 83,104
76,109 84,103
77,108 84,103
78,107 84,103
79,106 84,103
80,105 85,102
81,104 85,102
82,103 85,102
83,102 85,102
84,101 86,101
85,100 86,101
86,99 86,101
87,98 86,101
88,97 87,100
89,96 87,100
90,95 87,100
91,94 87,100
92,93 88,99
53,131 79,108
54,130 79,108
55,129 79,108
56,128 79,108
57,127 79,108
58,126 80,107
59,125 80,107
60,124 80,107
61,123 80,107
62,122 81,106
63,121 81,106
64,120 81,106
65,119 81,106
66,118 82,105
67,117 82,105
68,116 82,105
69,115 82,105
70,114 82,105
71,113 83,104
72,112 83,104
73,111 83,104
74,110 83,104
75,109 84,103
76,108 84,103
77,107 84,103
78,106 84,103
79,105 85,102
80,104 85,102
81,103 85,102
82,102 85,102
83,101 85,102
84,100 86,101
85,99 86,101
86,98 86,101
87,97 86,101
88,96 87,100
89,95 87,100
90,94 87,100
91,93 87,100
92,92 88,99
52,131 79,108
53,130 79,108
54,129 79,108
55,128 79,108
56,127 79,108
57,126 80,107
58,125 80,107
59,124 80,107
60,123 80,107
61,122 81,106
62,121 81,106
63,120 81,106
64,119 81,106
65,118 82,105
66,117 82,105
67,116 82,105
68,115 82,105
69,114 82,105
70,113 83,104
71,112 83,104
72,111 83,104
73,110 83,104
74,109 84,103
75,108 84,103
76,107 84,103
77,106 84,103
78,105 85,102
79,104 85,102
80,103 85,102
81,102 85,102
82,101 85,102
83,100 86,101
84,99 86,101
85,98 86,101
86,97 86,101
87,96 87,100
88,95 87,100
89,94 87,100
90,93 87,100
91,92 88,99
51,131 79,107
52,130 79,107
53,129 79,107
54,128 79,107
55,127 79,107
56,126 80,106
57,125 80,106
58,124 80,106
59,123 80,106
60,122 80,106
61,121 81,105
62,120 81,105
63,119 81,105
64,118 81,105
65,117 81,105
66,116 82,104
67,115 82,104
68,114 82,104
69,113 82,104
70,112 82,104
71,111 83,103
72,110 83,103
73,109 83,103
74,108 83,103
75,107 83,103
76,106 84,102
77,105 84,102
78,104 84,102
79,103 84,102
80,102 84,102
81,101 85,101
82,100 85,101
83,99 85,101
84,98 85,101
85,97 85,101
86,96 86,100
87,95 86,100
88,94 86,100
89,93 86,100
90,92 86,100
91,91 87,99
50,131 79,107
51,130 79,107
52,129 79,107
53,128 79,107
54,127 79,107
55,126 79,107
56,125 80,106
57,124 80,106
58,123 80,106
59,122 80,106
60,121 80,106
61,120 81,105
62,119 81,105
63,118 81,105
64,117 81,105
65,116 81,105
66,115 82,104
67,114 82,104
68,113 82,104
69,112 82,104
70,111 82,104
71,110 83,103
72,109 83,103
73,108 83,103
74,107 83,103
75,106 83,103
76,105 84,102
77,104 84,102
78,103 84,102
79,102 84,102
80,101 84,102
81,100 85,101
82,99 85,101
83,98 85,101
84,97 85,101
85,96 85,101
86,95 86,100
87,94 86,100
88,93 86,100
89,92 86,100
90,91 86,100
91,90 87,99
49,131 79,107
50,130 79,107
51,129 79,107
52,128 79,107
53,127 79,107
54,126 79,107
55,125 80,106
56,124 80,106
57,123 80,106
58,122 80,106
59,121 80,106
60,120 81,105
61,119 81,105
62,118 81,105
63,117 81,105
64,116 81,105
65,115 82,104
66,114 82,104
67,113 82,104
68,112 82,104
69,111 82,104
70,110 83,103
71,109 83,103
72,108 83,103
73,107 83,103
74,106 83,103
75,105 83,103
76,104 84,102
77,103 84,102
78,102 84,102
79,101 84,102
80,100 84,102
81,99 85,101
82,98 85,101
83,97 85,101
84,96 85,101
85,95 85,101
86,94 86,100
87,93 86,100
88,92 86,100
89,91 86,100
90,90 86,100
91,89 87,99
49,132 79,107
48,131 79,107
49,130 79,107
50,129 79,107
51,128 79,107
52,127 79,107
53,126 80,106
54,125 80,106
55,124 80,106
56,123 80,106
57,122 80,106
58,121 81,105
59,120 81,105
60,119 81,105
61,118 81,105
62,117 81,105
63,116 81,105
64,115 82,104
65,114 82,104
66,113 82,104
67,112 82,104
68,111 82,104
69,110 83,103
70,109 83,103
71,108 83,103
72,107 83,103
73,106 83,103
74,105 83,103
75,104 84,102
76,103 84,102
77,102 84,102
78,101 84,102
79,100 84,102
80,99 85,101
81,98 85,101
82,97 85,101
83,96 85,101
84,95 85,101
85,94 85,101
86,93 86,100
87,92 86,100
88,91 86,100
89,90 86,100
90,89 86,100
91,88 87,99
48,132 79,107
47,131 79,107
48,130 79,107
49,129 79,107
50,128 79,107
51,127 79,107
52,126 80,106
53,125 80,106
54,124 80,106
55,123 80,106
56,122 80,106
57,121 81,105
58,120 81,105
59,119 81,105
60,118 81,105
61,117 81,105
62,116 81,105
63,115 82,104
64,114 82,104
65,113 82,104
66,112 82,104
67,111 82,104
68,110 83,103
69,109 83,103
70,108 83,103
71,107 83,103
72,106 83,103
73,105 83,103
74,104 84,102
75,103 84,102
76,102 84,102
77,101 84,102
78,100 84,102
79,99 85,101
80,98 85,101
81,97 85,101
82,96 85,101
83,95 85,101
84,94 85,101
85,93 86,100
86,92 86,100
87,91 86,100
88,90 86,100
89,89 86,100
90,88 87,99
47,132 79,107
46,131 79,107
47,130 79,107
48,129 79,107
49,128 79,107
50,127 79,107
51,126 80,106
52,125 80,106
53,124 80,106
54,123 80,106
55,122 80,106
56,121 80,106
57,120 81,105
58,119 81,105
59,118 81,105
60,117 81,105
61,116 81,105
62,115 82,104
63,114 82,104
64,113 82,104
65,112 82,104
66,111 82,104
67,110 82,104
68,109 83,103
69,108 83,103
70,107 83,103
71,106 83,103
72,105 83,103
73,104 83,103
74,103 84,102
75,102 84,102
76,101 84,102
77,100 84,102
78,99 84,102
79,98 85,101
80,97 85,101
81,96 85,101
82,95 85,101
83,94 85,101
84,93 85,101
85,92 86,100
86,91 86,100
87,90 86,100
88,89 86,100
89,88 86,100
90,87 87,99
46,132 78,107
45,131 78,107
46,130 78,107
47,129 78,107
48,128 78,107
49,127 78,107
50,126 79,106
51,125 79,106
52,124 79,106
53,123 79,106
54,122 79,106
55,121 80,105
56,120 80,105
57,119 80,105
58,118 80,105
59,117 80,105
60,116 81,104
61,115 81,104
62,114 81,104
63,113 81,104
64,112 81,104
65,111 82,103
66,110 82,103
67,109 82,103
68,108 82,103
69,107 82,103
70,106 83,102
71,105 83,102
72,104 83,102
73,103 83,102
74,102 83,102
75,101 84,101
76,100 84,101
77,99 84,101
78,98 84,101
79,97 84,101
80,96 85,100
81,95 85,100
82,94 85,100
83,93 85,100
84,92 85,100
85,91 86,99
86,90 86,99
87,89 86,99
88,88 86,99
89,87 86,99
90,86 87,98
45,132 78,107
44,131 78,107
45,130 78,107
46,129 78,107
47,128 78,107
48,127 78,107
49,126 79,106
50,125 79,106
51,124 79,106
52,123 79,106
53,122 79,106
54,121 80,105
55,120 80,105
56,119 80,105
57,118 80,105
58,117 80,105
59,116 81,104
60,115 81,104
61,114 81,104
62,113 81,104
63,112 81,104
64,111 82,103
65,110 82,103
66,109 82,103
67,108 82,103
68,107 82,103
69,106 82,103
70,105 83,102
71,104 83,102
72,103 83,102
73,102 83,102
74,101 83,102
75,100 84,101
76,99 84,101
77,98 84,101
78,97 84,101
79,96 84,101
80,95 85,100
81,94 85,100
82,93 85,100
83,92 85,100
84,91 85,100
85,90 86,99
86,89 86,99
87,88 86,99
88,87 86,99
89,86 86,99
90,85 87,98
45,133 78,107
44,132 78,107
43,131 78,107
44,130 78,107
45,129 78,107
46,128 78,107
47,127 79,106
48,126 79,106
49,125 79,106
50,124 79,106
51,123 79,106
52,122 80,105
53,121 80,105
54,120 80,105
55,119 80,105
56,118 80,105
57,117 80,105
58,116 81,104
59,115 81,104
60,114 81,104
61,113 81,104
62,112 81,104
63,111 82,103
64,110 82,103
65,109 82,103
66,108 82,103
67,107 82,103
68,106 82,103
69,105 83,102
70,104 83,102
71,103 83,102
72,102 83,102
73,101 83,102
74,100 84,101
75,99 84,101
76,98 84,101
77,97 84,101
78,96 84,101
79,95 84,101
80,94 85,100
81,93 85,100
82,92 85,100
83,91 85,100
84,90 85,100
85,89 86,99
86,88 86,99
87,87 86,99
88,86 86,99
89,85 86,99
90,84 87,98
44,133 78,107
43,132 78,107
42,131 78,107
43,130 78,107
44,129 78,107
45,128 78,107
46,127 79,106
47,126 79,106
48,125 79,106
49,124 79,106
50,123 79,106
51,122 80,105
52,121 80,105
53,120 80,105
54,119 80,105
55,118 80,105
56,117 80,105
57,116 81,104
58,115 81,104
59,114 81,104
60,113 81,104
61,112 81,104
62,111 82,103
63,110 82,103
64,109 82,103
65,108 82,103
66,107 82,103
67,106 82,103
68,105 83,102
69,104 83,102
70,103 83,102
71,102 83,102
72,101 83,102
73,100 84,101
74,99 84,101
75,98 84,101
76,97 84,101
77,96 84,101
78,95 84,101
79,94 85,100
80,93 85,100
81,92 85,100
82,91 85,100
83,90 85,100
84,89 86,99
85,88 86,99
86,87 86,99
87,86 86,99
88,85 86,99
89,84 87,98
43,133 78,107
42,132 78,107
41,131 78,107
42,130 78,107
43,129 78,107
44,128 78,107
45,127 79,106
46,126 79,106
47,125 79,106
48,124 79,106
49,123 79,106
50,122 79,106
51,121 80,105
52,120 80,105
53,119 80,105
54,118 80,105
55,117 80,105
56,116 81,104
57,115 81,104
58,114 81,104
59,113 81,104
60,112 81,104
61,111 81,104
62,110 82,103
63,109 82,103
64,108 82,103
65,107 82,103
66,106 82,103
67,105 83,102
68,104 83,102
69,103 83,102
70,102 83,102
71,101 83,102
72,100 83,102
73,99 84,101
74,98 84,101
75,97 84,101
76,96 84,101
77,95 84,101
78,94 85,100
79,93 85,100
80,92 85,100
81,91 85,100
82,90 85,100
83,89 85,100
84,88 86,99
85,87 86,99
86,86 86,99
87,85 86,99
88,84 86,99
89,83 87,98
42,133 78,107
41,132 78,107
40,131 78,107
41,130 78,107
42,129 78,107
43,128 78,107
44,127 79,106
45,126 79,106
46,125 79,106
47,124 79,106
48,123 79,106
49,122 79,106
50,121 80,105
51,120 80,105
52,119 80,105
53,118 80,105
54,117 80,105
55,116 81,104
56,115 81,104
57,114 81,104
58,113 81,104
59,112 81,104
60,111 81,104
61,110 82,103
62,109 82,103
63,108 82,103
64,107 82,103
65,106 82,103
66,105 82,103
67,104 83,102
68,103 83,102
69,102 83,102
70,101 83,102
71,100 83,102
72,99 84,101
73,98 84,101
74,97 84,101
75,96 84,101
76,95 84,101
77,94 84,101
78,93 85,100
79,92 85,100
80,91 85,100
81,90 85,100
82,89 85,100
83,88 85,100
84,87 86,99
85,86 86,99
86,85 86,99
87,84 86,99
88,83 86,99
89,82 87,98
42,134 78,106
41,133 78,106
40,132 78,106
39,131 78,106
40,130 78,106
41,129 78,106
42,128 78,106
43,127 79,105
44,126 79,105
45,125 79,105
46,124 79,105
47,123 79,105
48,122 79,105
49,121 79,105
50,120 80,104
51,119 80,104
52,118 80,104
53,117 80,104
54,116 80,104
55,115 80,104
56,114 81,103
57,113 81,103
58,112 81,103
59,111 81,103
60,110 81,103
61,109 81,103
62,108 81,103
63,107 82,102
64,106 82,102
65,105 82,102
66,104 82,102
67,103 82,102
68,102 82,102
69,101 82,102
70,100 83,101
71,99 83,101
72,98 83,101
73,97 83,101
74,96 83,101
75,95 83,101
76,94 84,100
77,93 84,100
78,92 84,100
79,91 84,100
80,90 84,100
81,89 84,100
82,88 84,100
83,87 85,99
84,86 85,99
85,85 85,99
86,84 85,99
87,83 85,99
88,82 85,99
89,81 86,98
41,134 78,106
40,133 78,106
39,132 78,106
38,131 78,106
39,130 78,106
40,129 78,106
41,128 78,106
42,127 79,105
43,126 79,105
44,125 79,105
45,124 79,105
46,123 79,105
47,122 79,105
48,121 79,105
49,120 80,104
50,119 80,104
51,118 80,104
52,117 80,104
53,116 80,104
54,115 80,104
55,114 81,103
56,113 81,103
57,112 81,103
58,111 81,103
59,110 81,103
60,109 81,103
61,108 81,103
62,107 82,102
63,106 82,102
64,105 82,102
65,104 82,102
66,103 82,102
67,102 82,102
68,101 82,102
69,100 83,101
70,99 83,101
71,98 83,101
72,97 83,101
73,96 83,101
74,95 83,101
75,94 84,100
76,93 84,100
77,92 84,100
78,91 84,100
79,90 84,100
80,89 84,100
81,88 84,100
82,87 85,99
83,86 85,99
84,85 85,99
85,84 85,99
86,83 85,99
87,82 85,99
88,81 86,98
40,134 78,106
39,133 78,106
38,132 78,106
37,131 78,106
38,130 78,106
39,129 78,106
40,128 78,106
41,127 79,105
42,126 79,105
43,125 79,105
44,124 79,105
45,123 79,105
46,122 79,105
47,121 79,105
48,120 80,104
49,119 80,104
50,118 80,104
51,117 80,104
52,116 80,104
53,115 80,104
54,114 80,104
55,113 81,103
56,112 81,103
57,111 81,103
58,110 81,103
59,109 81,103
60,108 81,103
61,107 82,102
62,106 82,102
63,105 82,102
64,104 82,102
65,103 82,102
66,102 82,102
67,101 82,102
68,100 83,101
69,99 83,101
70,98 83,101
71,97 83,101
72,96 83,101
73,95 83,101
74,94 83,101
75,93 84,100
76,92 84,100
77,91 84,100
78,90 84,100
79,89 84,100
80,88 84,100
81,87 84,100
82,86 85,99
83,85 85,99
84,84 85,99
85,83 85,99
86,82 85,99
87,81 85,99
88,80 86,98
39,134 78,106
38,133 78,106
37,132 78,106
36,131 78,106
37,130 78,106
38,129 78,106
39,128 78,106
40,127 79,105
41,126 79,105
42,125 79,105
43,124 79,105
44,123 79,105
45,122 79,105
46,121 79,105
47,120 80,104
48,119 80,104
49,118 80,104
50,117 80,104
51,116 80,104
52,115 80,104
53,114 80,104
54,113 81,103
55,112 81,103
56,111 81,103
57,110 81,103
58,109 81,103
59,108 81,103
60,107 81,103
61,106 82,102
62,105 82,102
63,104 82,102
64,103 82,102
65,102 82,102
66,101 82,102
67,100 82,102
68,99 83,101
69,98 83,101
70,97 83,101
71,96 83,101
72,95 83,101
73,94 83,101
74,93 83,101
75,92 84,100
76,91 84,100
77,90 84,100
78,89 84,100
79,88 84,100
80,87 84,100
81,86 84,100
82,85 85,99
83,84 85,99
84,83 85,99
85,82 85,99
86,81 85,99
87,80 85,99
88,79 86,98
39,135 78,106
38,134 78,106
37,133 78,106
36,132 78,106
35,131 78,106
36,130 78,106
37,129 78,106
38,128 78,106
39,127 79,105
40,126 79,105
41,125 79,105
42,124 79,105
43,123 79,105
44,122 79,105
45,121 79,105
46,120 80,104
47,119 80,104
48,118 80,104
49,117 80,104
50,116 80,104
51,115 80,104
52,114 80,104
53,113 81,103
54,112 81,103
55,111 81,103
56,110 81,103
57,109 81,103
58,108 81,103
59,107 81,103
60,106 82,102
61,105 82,102
62,104 82,102
63,103 82,102
64,102 82,102
65,101 82,102
66,100 82,102
67,99 83,101
68,98 83,101
69,97 83,101
70,96 83,101
71,95 83,101
72,94 83,101
73,93 83,101
74,92 84,100
75,91 84,100
76,90 84,100
77,89 84,100
78,88 84,100
79,87 84,100
80,86 84,100
81,85 85,99
82,84 85,99
83,83 85,99
84,82 85,99
85,81 85,99
86,80 85,99
87,79 85,99
88,78 86,98
38,135 78,105
37,134 78,105
36,133 78,105
35,132 78,105
34,131 78,105
35,130 78,105
36,129 78,105
37,128 78,105
38,127 79,104
39,126 79,104
40,125 79,104
41,124 79,104
42,123 79,104
43,122 79,104
44,121 79,104
45,120 80,103
46,119 80,103
47,118 80,103
48,117 80,103
49,116 80,103
50,115 80,103
51,114 80,103
52,113 81,102
53,112 81,102
54,111 81,102
55,110 81,102
56,109 81,102
57,108 81,102
58,107 81,102
59,106 82,101
60,105 82,101
61,104 82,101
62,103 82,101
63,102 82,101
64,101 82,101
65,100 82,101
66,99 83,100
67,98 83,100
68,97 83,100
69,96 83,100
70,95 83,100
71,94 83,100
72,93 83,100
73,92 84,99
74,91 84,99
75,90 84,99
76,89 84,99
77,88 84,99
78,87 84,99
79,86 84,99
80,85 85,98
81,84 85,98
82,83 85,98
83,82 85,98
84,81 85,98
85,80 85,98
86,79 85,98
87,78 86,97
37,135 78,105
36,134 78,105
35,133 78,105
34,132 78,105
33,131 78,105
34,130 78,105
35,129 78,105
36,128 78,105
37,127 79,104
38,126 79,104
39,125 79,104
40,124 79,104
41,123 79,104
42,122 79,104
43,121 79,104
44,120 80,103
45,119 80,103
46,118 80,103
47,117 80,103
48,116 80,103
49,115 80,103
50,114 80,103
51,113 81,102
52,112 81,102
53,111 81,102
54,110 81,102
55,109 81,102
56,108 81,102
57,107 81,102
58,106 82,101
59,105 82,101
60,104 82,101
61,103 82,101
62,102 82,101
63,101 82,101
64,100 82,101
65,99 82,101
66,98 83,100
67,97 83,100
68,96 83,100
69,95 83,100
70,94 83,100
71,93 83,100
72,92 83,100
73,91 84,99
74,90 84,99
75,89 84,99
76,88 84,99
77,87 84,99
78,86 84,99
79,85 84,99
80,84 85,98
81,83 85,98
82,82 85,98
83,81 85,98
84,80 85,98
85,79 85,98
86,78 85,98
87,77 86,97
36,135 78,105
35,134 78,105
34,133 78,105
33,132 78,105
32,131 78,105
33,130 78,105
34,129 78,105
35,128 78,105
36,127 79,104
37,126 79,104
38,125 79,104
39,124 79,104
40,123 79,104
41,122 79,104
42,121 79,104
43,120 80,103
44,119 80,103
45,118 80,103
46,117 80,103
47,116 80,103
48,115 80,103
49,114 80,103
50,113 80,103
51,112 81,102
52,111 81,102
53,110 81,102
54,109 81,102
55,108 81,102
56,107 81,102
57,106 81,102
58,105 82,101
59,104 82,101
60,103 82,101
61,102 82,101
62,101 82,101
63,100 82,101
64,99 82,101
65,98 83,100
66,97 83,100
67,96 83,100
68,95 83,100
69,94 83,100
70,93 83,100
71,92 83,100
72,91 83,100
73,90 84,99
74,89 84,99
75,88 84,99
76,87 84,99
77,86 84,99
78,85 84,99
79,84 84,99
80,83 85,98
81,82 85,98
82,81 85,98
83,80 85,98
84,79 85,98
85,78 85,98
86,77 85,98
87,76 86,97
36,136 78,105
35,135 78,105
34,134 78,105
33,133 78,105
32,132 78,105
31,131 78,105
32,130 78,105
33,129 78,105
34,128 79,104
35,127 79,104
36,126 79,104
37,125 79,104
38,124 79,104
39,123 79,104
40,122 79,104
41,121 80,103
42,120 80,103
43,119 80,103
44,118 80,103
45,117 80,103
46,116 80,103
47,115 80,103
48,114 80,103
49,113 81,102
50,112 81,102
51,111 81,102
52,110 81,102
53,109 81,102
54,108 81,102
55,107 81,102
56,106 82,101
57,105 82,101
58,104 82,101
59,103 82,101
60,102 82,101
61,101 82,101
62,100 82,101
63,99 82,101
64,98 83,100
65,97 83,100
66,96 83,100
67,95 83,100
68,94 83,100
69,93 83,100
70,92 83,100
71,91 84,99
72,90 84,99
73,89 84,99
74,88 84,99
75,87 84,99
76,86 84,99
77,85 84,99
78,84 84,99
79,83 85,98
80,82 85,98
81,81 85,98
82,80 85,98
83,79 85,98
84,78 85,98
85,77 85,98
86,76 86,97
35,136 78,105
34,135 78,105
33,134 78,105
32,133 78,105
31,132 78,105
30,131 78,105
31,130 78,105
32,129 78,105
33,128 79,104
34,127 79,104
35,126 79,104
36,125 79,104
37,124 79,104
38,123 79,104
39,122 79,104
40,121 79,104
41,120 80,103
42,119 80,103
43,118 80,103
44,117 80,103
45,116 80,103
46,115 80,103
47,114 80,103
48,113 81,102
49,112 81,102
50,111 81,102
51,110 81,102
52,109 81,102
53,108 81,102
54,107 81,102
55,106 81,102
56,105 82,101
57,104 82,101
58,103 82,101
59,102 82,101
60,101 82,101
61,100 82,101
62,99 82,101
63,98 82,101
64,97 83,100
65,96 83,100
66,95 83,100
67,94 83,100
68,93 83,100
69,92 83,100
70,91 83,100
71,90 84,99
72,89 84,99
73,88 84,99
74,87 84,99
75,86 84,99
76,85 84,99
77,84 84,99
78,83 84,99
79,82 85,98
80,81 85,98
81,80 85,98
82,79 85,98
83,78 85,98
84,77 85,98
85,76 85,98
86,75 86,97
34,136 78,105
33,135 78,105
32,134 78,105
31,133 78,105
30,132 78,105
29,131 78,105
30,130 78,105
31,129 78,105
32,128 79,104
33,127 79,104
34,126 79,104
35,125 79,104
36,124 79,104
37,123 79,104
38,122 79,104
39,121 79,104
40,120 80,103
41,119 80,103
42,118 80,103
43,117 80,103
44,116 80,103
45,115 80,103
46,114 80,103
47,113 80,103
48,112 81,102
49,111 81,102
50,110 81,102
51,109 81,102
52,108 81,102
53,107 81,102
54,106 81,102
55,105 82,101
56,104 82,101
57,103 82,101
58,102 82,101
59,101 82,101
60,100 82,101
61,99 82,101
62,98 82,101
63,97 83,100
64,96 83,100
65,95 83,100
66,94 83,100
67,93 83,100
68,92 83,100
69,91 83,100
70,90 83,100
71,89 84,99
72,88 84,99
73,87 84,99
74,86 84,99
75,85 84,99
76,84 84,99
77,83 84,99
78,82 84,99
79,81 85,98
80,80 85,98
81,79 85,98
82,78 85,98
83,77 85,98
84,76 85,98
85,75 85,98
86,74 86,97
34,137 78,104
33,136 78,104
32,135 78,104
31,134 78,104
30,133 78,104
29,132 78,104
28,131 78,104
29,130 78,104
30,129 78,104
31,128 78,104
32,127 79,103
33,126 79,103
34,125 79,103
35,124 79,103
36,123 79,103
37,122 79,103
38,121 79,103
39,120 79,103
40,119 79,103
41,118 80,102
42,117 80,102
43,116 80,102
44,115 80,102
45,114 80,102
46,113 80,102
47,112 80,102
48,111 80,102
49,110 80,102
50,109 81,101
51,108 81,101
52,107 81,101
53,106 81,101
54,105 81,101
55,104 81,101
56,103 81,101
57,102 81,101
58,101 81,101
59,100 82,100
60,99 82,100
61,98 82,100
62,97 82,100
63,96 82,100
64,95 82,100
65,94 82,100
66,93 82,100
67,92 82,100
68,91 83,99
69,90 83,99
70,89 83,99
71,88 83,99
72,87 83,99
73,86 83,99
74,85 83,99
75,84 83,99
76,83 83,99
77,82 84,98
78,81 84,98
79,80 84,98
80,79 84,98
81,78 84,98
82,77 84,98
83,76 84,98
84,75 84,98
85,74 84,98
86,73 85,97
33,137 78,104
32,136 78,104
31,135 78,104
30,134 78,104
29,133 78,104
28,132 78,104
27,131 78,104
28,130 78,104
29,129 78,104
30,128 78,104
31,127 79,103
32,126 79,103
33,125 79,103
34,124 79,103
35,123 79,103
36,122 79,103
37,121 79,103
38,120 79,103
39,119 79,103
40,118 80,102
41,117 80,102
42,116 80,102
43,115 80,102
44,114 80,102
45,113 80,102
46,112 80,102
47,111 80,102
48,110 80,102
49,109 81,101
50,108 81,101
51,107 81,101
52,106 81,101
53,105 81,101
54,104 81,101
55,103 81,101
56,102 81,101
57,101 81,101
58,100 82,100
59,99 82,100
60,98 82,100
61,97 82,100
62,96 82,100
63,95 82,100
64,94 82,100
65,93 82,100
66,92 82,100
67,91 83,99
68,90 83,99
69,89 83,99
70,88 83,99
71,87 83,99
72,86 83,99
73,85 83,99
74,84 83,99
75,83 83,99
76,82 84,98
77,81 84,98
78,80 84,98
79,79 84,98
80,78 84,98
81,77 84,98
82,76 84,98
83,75 84,98
84,74 84,98
85,73 85,97
32,137 78,104
31,136 78,104
30,135 78,104
29,134 78,104
28,133 78,104
27,132 78,104
26,131 78,104
27,130 78,104
28,129 78,104
29,128 78,104
30,127 79,103
31,126 79,103
32,125 79,103
33,124 79,103
34,123 79,103
35,122 79,103
36,121 79,103
37,120 79,103
38,119 79,103
39,118 80,102
40,117 80,102
41,116 80,102
42,115 80,102
43,114 80,102
44,113 80,102
45,112 80,102
46,111 80,102
47,110 80,102
48,109 81,101
49,108 81,101
50,107 81,101
51,106 81,101
52,105 81,101
53,104 81,101
54,103 81,101
55,102 81,101
56,101 81,101
57,100 81,101
58,99 82,100
59,98 82,100
60,97 82,100
61,96 82,100
62,95 82,100
63,94 82,100
64,93 82,100
65,92 82,100
66,91 82,100
67,90 83,99
68,89 83,99
69,88 83,99
70,87 83,99
71,86 83,99
72,85 83,99
73,84 83,99
74,83 83,99
75,82 83,99
76,81 84,98
77,80 84,98
78,79 84,98
79,78 84,98
80,77 84,98
81,76 84,98
82,75 84,98
83,74 84,98
84,73 84,98
85,72 85,97
32,138 78,104
31,137 78,104
30,136 78,104
29,135 78,104
28,134 78,104
27,133 78,104
26,132 78,104
25,131 78,104
26,130 78,104
27,129 78,104
28,128 79,103
29,127 79,103
30,126 79,103
31,125 79,103
32,124 79,103
33,123 79,103
34,122 79,103
35,121 79,103
36,120 79,103
37,119 79,103
38,118 80,102
39,117 80,102
40,116 80,102
41,115 80,102
42,114 80,102
43,113 80,102
44,112 80,102
45,111 80,102
46,110 80,102
47,109 81,101
48,108 81,101
49,107 81,101
50,106 81,101
51,105 81,101
52,104 81,101
53,103 81,101
54,102 81,101
55,101 81,101
56,100 81,101
57,99 82,100
58,98 82,100
59,97 82,100
60,96 82,100
61,95 82,100
62,94 82,100
63,93 82,100
64,92 82,100
65,91 82,100
66,90 83,99
67,89 83,99
68,88 83,99
69,87 83,99
70,86 83,99
71,85 83,99
72,84 83,99
73,83 83,99
74,82 83,99
75,81 83,99
76,80 84,98
77,79 84,98
78,78 84,98
79,77 84,98
80,76 84,98
81,75 84,98
82,74 84,98
83,73 84,98
84,72 84,98
85,71 85,97
31,138 78,104
30,137 78,104
29,136 78,104
28,135 78,104
27,134 78,104
26,133 78,104
25,132 78,104
24,131 78,104
25,130 78,104
26,129 78,104
27,128 79,103
28,127 79,103
29,126 79,103
30,125 79,103
31,124 79,103
32,123 79,103
33,122 79,103
34,121 79,103
35,120 79,103
36,119 79,103
37,118 80,102
38,117 80,102
39,116 80,102
40,115 80,102
41,114 80,102
42,113 80,102
43,112 80,102
44,111 80,102
45,110 80,102
46,109 81,101
47,108 81,101
48,107 81,101
49,106 81,101
50,105 81,101
51,104 81,101
52,103 81,101
53,102 81,101
54,101 81,101
55,100 81,101
56,99 82,100
57,98 82,100
58,97 82,100
59,96 82,100
60,95 82,100
61,94 82,100
62,93 82,100
63,92 82,100
64,91 82,100
65,90 83,99
66,89 83,99
67,88 83,99
68,87 83,99
69,86 83,99
70,85 83,99
71,84 83,99
72,83 83,99
73,82 83,99
74,81 83,99
75,80 84,98
76,79 84,98
77,78 84,98
78,77 84,98
79,76 84,98
80,75 84,98
81,74 84,98
82,73 84,98
83,72 84,98
84,71 85,97
30,138 78,104
29,137 78,104
28,136 78,104
27,135 78,104
26,134 78,104
25,133 78,104
24,132 78,104
23,131 78,104
24,130 78,104
25,129 78,104
26,128 79,103
27,127 79,103
28,126 79,103
29,125 79,103
30,124 79,103
31,123 79,103
32,122 79,103
33,121 79,103
34,120 79,103
35,119 79,103
36,118 80,102
37,117 80,102
38,116 80,102
39,115 80,102
40,114 80,102
41,113 80,102
42,112 80,102
43,111 80,102
44,110 80,102
45,109 80,102
46,108 81,101
47,107 81,101
48,106 81,101
49,105 81,101
50,104 81,101
51,103 81,101
52,102 81,101
53,101 81,101
54,100 81,101
55,99 82,100
56,98 82,100
57,97 82,100
58,96 82,100
59,95 82,100
60,94 82,100
61,93 82,100
62,92 82,100
63,91 82,100
64,90 82,100
65,89 83,99
66,88 83,99
67,87 83,99
68,86 83,99
69,85 83,99
70,84 83,99
71,83 83,99
72,82 83,99
73,81 83,99
74,80 83,99
75,79 84,98
76,78 84,98
77,77 84,98
78,76 84,98
79,75 84,98
80,74 84,98
81,73 84,98
82,72 84,98
83,71 84,98
84,70 85,97
30,139 77,104
29,138 77,104
28,137 77,104
27,136 77,104
26,135 77,104
25,134 77,104
24,133 77,104
23,132 77,104
22,131 77,104
23,130 78,103
24,129 78,103
25,128 78,103
26,127 78,103
27,126 78,103
28,125 78,103
29,124 78,103
30,123 78,103
31,122 78,103
32,121 79,102
33,120 79,102
34,119 79,102
35,118 79,102
36,117 79,102
37,116 79,102
38,115 79,102
39,114 79,102
40,113 79,102
41,112 80,101
42,111 80,101
43,110 80,101
44,109 80,101
45,108 80,101
46,107 80,101
47,106 80,101
48,105 80,101
49,104 81,100
50,103 81,100
51,102 81,100
52,101 81,100
53,100 81,100
54,99 81,100
55,98 81,100
56,97 81,100
57,96 81,100
58,95 82,99
59,94 82,99
60,93 82,99
61,92 82,99
62,91 82,99
63,90 82,99
64,89 82,99
65,88 82,99
66,87 82,99
67,86 83,98
68,85 83,98
69,84 83,98
70,83 83,98
71,82 83,98
72,81 83,98
73,80 83,98
74,79 83,98
75,78 83,98
76,77 84,97
77,76 84,97
78,75 84,97
79,74 84,97
80,73 84,97
81,72 84,97
82,71 84,97
83,70 84,97
84,69 85,96
29,139 77,104
28,138 77,104
27,137 77,104
26,136 77,104
25,135 77,104
24,134 77,104
23,133 77,104
22,132 77,104
21,131 77,104
22,130 78,103
23,129 78,103
24,128 78,103
25,127 78,103
26,126 78,103
27,125 78,103
28,124 78,103
29,123 78,103
30,122 78,103
31,121 79,102
32,120 79,102
33,119 79,102
34,118 79,102
35,117 79,102
36,116 79,102
37,115 79,102
38,114 79,102
39,113 79,102
40,112 80,101
41,111 80,101
42,110 80,101
43,109 80,101
44,108 80,101
45,107 80,101
46,106 80,101
47,105 80,101
48,104 80,101
49,103 81,100
50,102 81,100
51,101 81,100
52,100 81,100
53,99 81,100
54,98 81,100
55,97 81,100
56,96 81,100
57,95 81,100
58,94 82,99
59,93 82,99
60,92 82,99
61,91 82,99
62,90 82,99
63,89 82,99
64,88 82,99
65,87 82,99
66,86 82,99
67,85 83,98
68,84 83,98
69,83 83,98
70,82 83,98
71,81 83,98
72,80 83,98
73,79 83,98
74,78 83,98
75,77 83,98
76,76 84,97
77,75 84,97
78,74 84,97
79,73 84,97
80,72 84,97
81,71 84,97
82,70 84,97
83,69 84,97
84,68 85,96
28,139 77,104
27,138 77,104
26,137 77,104
25,136 77,104
24,135 77,104
23,134 77,104
22,133 77,104
21,132 77,104
20,131 77,104
21,130 78,103
22,129 78,103
23,128 78,103
24,127 78,103
25,126 78,103
26,125 78,103
27,124 78,103
28,123 78,103
29,122 78,103
30,121 79,102
31,120 79,102
32,119 79,102
33,118 79,102
34,117 79,102
35,116 79,102
36,115 79,102
37,114 79,102
38,113 79,102
39,112 80,101
40,111 80,101
41,110 80,101
42,109 80,101
43,108 80,101
44,107 80,101
45,106 80,101
46,105 80,101
47,104 80,101
48,103 81,100
49,102 81,100
50,101 81,100
51,100 81,100
52,99 81,100
53,98 81,100
54,97 81,100
55,96 81,100
56,95 81,100
57,94 82,99
58,93 82,99
59,92 82,99
60,91 82,99
61,90 82,99
62,89 82,99
63,88 82,99
64,87 82,99
65,86 82,99
66,85 83,98
67,84 83,98
68,83 83,98
69,82 83,98
70,81 83,98
71,80 83,98
72,79 83,98
73,78 83,98
74,77 83,98
75,76 84,97
76,75 84,97
77,74 84,97
78,73 84,97
79,72 84,97
80,71 84,97
81,70 84,97
82,69 84,97
83,68 85,96
28,140 77,104
27,139 77,104
26,138 77,104
25,137 77,104
24,136 77,104
23,135 77,104
22,134 77,104
21,133 77,104
20,132 77,104
19,131 77,104
20,130 78,103
21,129 78,103
22,128 78,103
23,127 78,103
24,126 78,103
25,125 78,103
26,124 78,103
27,123 78,103
28,122 78,103
29,121 79,102
30,120 79,102
31,119 79,102
32,118 79,102
33,117 79,102
34,116 79,102
35,115 79,102
36,114 79,102
37,113 79,102
38,112 80,101
39,111 80,101
40,110 80,101
41,109 80,101
42,108 80,101
43,107 80,101
44,106 80,101
45,105 80,101
46,104 80,101
47,103 81,100
48,102 81,100
49,101 81,100
50,100 81,100
51,99 81,100
52,98 81,100
53,97 81,100
54,96 81,100
55,95 81,100
56,94 82,99
57,93 82,99
58,92 82,99
59,91 82,99
60,90 82,99
61,89 82,99
62,88 82,99
63,87 82,99
64,86 82,99
65,85 83,98
66,84 83,98
67,83 83,98
68,82 83,98
69,81 83,98
70,80 83,98
71,79 83,98
72,78 83,98
73,77 83,98
74,76 84,97
75,75 84,97
76,74 84,97
77,73 84,97
78,72 84,97
79,71 84,97
80,70 84,97
81,69 84,97
82,68 84,97
83,67 85,96
27,140 77,104
26,139 77,104
25,138 77,104
24,137 77,104
23,136 77,104
22,135 77,104
21,134 77,104
20,133 77,104
19,132 77,104
18,131 77,104
19,130 78,103
20,129 78,103
21,128 78,103
22,127 78,103
23,126 78,103
24,125 78,103
25,124 78,103
26,123 78,103
27,122 78,103
28,121 79,102
29,120 79,102
30,119 79,102
31,118 79,102
32,117 79,102
33,116 79,102
34,115 79,102
35,114 79,102
36,113 79,102
37,112 80,101
38,111 80,101
39,110 80,101
40,109 80,101
41,108 80,101
42,107 80,101
43,106 80,101
44,105 80,101
45,104 80,101
46,103 81,100
47,102 81,100
48,101 81,100
49,100 81,100
50,99 81,100
51,98 81,100
52,97 81,100
53,96 81,100
54,95 81,100
55,94 81,100
56,93 82,99
57,92 82,99
58,91 82,99
59,90 82,99
60,89 82,99
61,88 82,99
62,87 82,99
63,86 82,99
64,85 82,99
65,84 83,98
66,83 83,98
67,82 83,98
68,81 83,98
69,80 83,98
70,79 83,98
71,78 83,98
72,77 83,98
73,76 83,98
74,75 84,97
75,74 84,97
76,73 84,97
77,72 84,97
78,71 84,97
79,70 84,97
80,69 84,97
81,68 84,97
82,67 84,97
83,66 85,96
26,140 77,103
25,139 77,103
24,138 77,103
23,137 77,103
22,136 77,103
21,135 77,103
20,134 77,103
19,133 77,103
18,132 77,103
17,131 77,103
18,130 78,102
19,129 78,102
20,128 78,102
21,127 78,102
22,126 78,102
23,125 78,102
24,124 78,102
25,123 78,102
26,122 78,102
27,121 79,101
28,120 79,101
29,119 79,101
30,118 79,101
31,117 79,101
32,116 79,101
33,115 79,101
34,114 79,101
35,113 79,101
36,112 79,101
37,111 80,100
38,110 80,100
39,109 80,100
40,108 80,100
41,107 80,100
42,106 80,100
43,105 80,100
44,104 80,100
45,103 80,100
46,102 81,99
47,101 81,99
48,100 81,99
49,99 81,99
50,98 81,99
51,97 81,99
52,96 81,99
53,95 81,99
54,94 81,99
55,93 82,98
56,92 82,98
57,91 82,98
58,90 82,98
59,89 82,98
60,88 82,98
61,87 82,98
62,86 82,98
63,85 82,98
64,84 82,98
65,83 83,97
66,82 83,97
67,81 83,97
68,80 83,97
69,79 83,97
70,78 83,97
71,77 83,97
72,76 83,97
73,75 83,97
74,74 84,96
75,73 84,96
76,72 84,96
77,71 84,96
78,70 84,96
79,69 84,96
80,68 84,96
81,67 84,96
82,66 84,96
83,65 85,95
26,141 77,103
25,140 77,103
24,139 77,103
23,138 77,103
22,137 77,103
21,136 77,103
20,135 77,103
19,134 77,103
18,133 77,103
17,132 77,103
16,131 78,102
17,130 78,102
18,129 78,102
19,128 78,102
20,127 78,102
21,126 78,102
22,125 78,102
23,124 78,102
24,123 78,102
25,122 78,102
26,121 79,101
27,120 79,101
28,119 79,101
29,118 79,101
30,117 79,101
31,116 79,101
32,115 79,101
33,114 79,101
34,113 79,101
35,112 80,100
36,111 80,100
37,110 80,100
38,109 80,100
39,108 80,100
40,107 80,100
41,106 80,100
42,105 80,100
43,104 80,100
44,103 80,100
45,102 81,99
46,101 81,99
47,100 81,99
48,99 81,99
49,98 81,99
50,97 81,99
51,96 81,99
52,95 81,99
53,94 81,99
54,93 81,99
55,92 82,98
56,91 82,98
57,90 82,98
58,89 82,98
59,88 82,98
60,87 82,98
61,86 82,98
62,85 82,98
63,84 82,98
64,83 83,97
65,82 83,97
66,81 83,97
67,80 83,97
68,79 83,97
69,78 83,97
70,77 83,97
71,76 83,97
72,75 83,97
73,74 83,97
74,73 84,96
75,72 84,96
76,71 84,96
77,70 84,96
78,69 84,96
79,68 84,96
80,67 84,96
81,66 84,96
82,65 84,96
83,64 85,95
25,141 77,103
24,140 77,103
23,139 77,103
22,138 77,103
21,137 77,103
20,136 77,103
19,135 77,103
18,134 77,103
17,133 77,103
16,132 77,103
15,131 78,102
16,130 78,102
17,129 78,102
18,128 78,102
19,127 78,102
20,126 78,102
21,125 78,102
22,124 78,102
23,123 78,102
24,122 78,102
25,121 79,101
26,120 79,101
27,119 79,101
28,118 79,101
29,117 79,101
30,116 79,101
31,115 79,101
32,114 79,101
33,113 79,101
34,112 80,100
35,111 80,100
36,110 80,100
37,109 80,100
38,108 80,100
39,107 80,100
40,106 80,100
41,105 80,100
42,104 80,100
43,103 80,100
44,102 81,99
45,101 81,99
46,100 81,99
47,99 81,99
48,98 81,99
49,97 81,99
50,96 81,99
51,95 81,99
52,94 81,99
53,93 81,99
54,92 82,98
55,91 82,98
56,90 82,98
57,89 82,98
58,88 82,98
59,87 82,98
60,86 82,98
61,85 82,98
62,84 82,98
63,83 83,97
64,82 83,97
65,81 83,97
66,80 83,97
67,79 83,97
68,78 83,97
69,77 83,97
70,76 83,97
71,75 83,97
72,74 83,97
73,73 84,96
74,72 84,96
75,71 84,96
76,70 84,96
77,69 84,96
78,68 84,96
79,67 84,96
80,66 84,96
81,65 84,96
82,64 85,95
25,142 77,103
24,141 77,103
23,140 77,103
22,139 77,103
21,138 77,103
20,137 77,103
19,136 77,103
18,135 77,103
17,134 77,103
16,133 77,103
15,132 78,102
14,131 78,102
15,130 78,102
16,129 78,102
17,128 78,102
18,127 78,102
19,126 78,102
20,125 78,102
21,124 78,102
22,123 78,102
23,122 79,101
24,121 79,101
25,120 79,101
26,119 79,101
27,118 79,101
28,117 79,101
29,116 79,101
30,115 79,101
31,114 79,101
32,113 79,101
33,112 80,100
34,111 80,100
35,110 80,100
36,109 80,100
37,108 80,100
38,107 80,100
39,106 80,100
40,105 80,100
41,104 80,100
42,103 80,100
43,102 81,99
44,101 81,99
45,100 81,99
46,99 81,99
47,98 81,99
48,97 81,99
49,96 81,99
50,95 81,99
51,94 81,99
52,93 81,99
53,92 82,98
54,91 82,98
55,90 82,98
56,89 82,98
57,88 82,98
58,87 82,98
59,86 82,98
60,85 82,98
61,84 82,98
62,83 82,98
63,82 83,97
64,81 83,97
65,80 83,97
66,79 83,97
67,78 83,97
68,77 83,97
69,76 83,97
70,75 83,97
71,74 83,97
72,73 83,97
73,72 84,96
74,71 84,96
75,70 84,96
76,69 84,96
77,68 84,96
78,67 84,96
79,66 84,96
80,65 84,96
81,64 84,96
82,63 85,95
24,142 77,103
23,141 77,103
22,140 77,103
21,139 77,103
20,138 77,103
19,137 77,103
18,136 77,103
17,135 77,103
16,134 77,103
15,133 77,103
14,132 78,102
13,131 78,102
14,130 78,102
15,129 78,102
16,128 78,102
17,127 78,102
18,126 78,102
19,125 78,102
20,124 78,102
21,123 78,102
22,122 79,101
23,121 79,101
24,120 79,101
25,119 79,101
26,118 79,101
27,117 79,101
28,116 79,101
29,115 79,101
30,114 79,101
31,113 79,101
32,112 80,100
33,111 80,100
34,110 80,100
35,109 80,100
36,108 80,100
37,107 80,100
38,106 80,100
39,105 80,100
40,104 80,100
41,103 80,100
42,102 81,99
43,101 81,99
44,100 81,99
45,99 81,99
46,98 81,99
47,97 81,99
48,96 81,99
49,95 81,99
50,94 81,99
51,93 81,99
52,92 82,98
53,91 82,98
54,90 82,98
55,89 82,98
56,88 82,98
57,87 82,98
58,86 82,98
59,85 82,98
60,84 82,98
61,83 82,98
62,82 83,97
63,81 83,97
64,80 83,97
65,79 83,97
66,78 83,97
67,77 83,97
68,76 83,97
69,75 83,97
70,74 83,97
71,73 83,97
72,72 84,96
73,71 84,96
74,70 84,96
75,69 84,96
76,68 84,96
77,67 84,96
78,66 84,96
79,65 84,96
80,64 84,96
81,63 84,96
82,62 85,95
23,142 77,103
22,141 77,103
21,140 77,103
20,139 77,103
19,138 77,103
18,137 77,103
17,136 77,103
16,135 77,103
15,134 77,103
14,133 77,103
13,132 77,103
12,131 78,102
13,130 78,102
14,129 78,102
15,128 78,102
16,127 78,102
17,126 78,102
18,125 78,102
19,124 78,102
20,123 78,102
21,122 78,102
22,121 79,101
23,120 79,101
24,119 79,101
25,118 79,101
26,117 79,101
27,116 79,101
28,115 79,101
29,114 79,101
30,113 79,101
31,112 79,101
32,111 80,100
33,110 80,100
34,109 80,100
35,108 80,100
36,107 80,100
37,106 80,100
38,105 80,100
39,104 80,100
40,103 80,100
41,102 80,100
42,101 81,99
43,100 81,99
44,99 81,99
45,98 81,99
46,97 81,99
47,96 81,99
48,95 81,99
49,94 81,99
50,93 81,99
51,92 81,99
52,91 82,98
53,90 82,98
54,89 82,98
55,88 82,98
56,87 82,98
57,86 82,98
58,85 82,98
59,84 82,98
60,83 82,98
61,82 82,98
62,81 83,97
63,80 83,97
64,79 83,97
65,78 83,97
66,77 83,97
67,76 83,97
68,75 83,97
69,74 83,97
70,73 83,97
71,72 83,97
72,71 84,96
73,70 84,96
74,69 84,96
75,68 84,96
76,67 84,96
77,66 84,96
78,65 84,96
79,64 84,96
80,63 84,96
81,62 84,96
82,61 85,95
23,143 77,102
22,142 77,102
21,141 77,102
20,140 77,102
19,139 77,102
18,138 77,102
17,137 77,102
16,136 77,102
15,135 77,102
14,134 77,102
13,133 77,102
12,132 77,102
11,131 78,101
12,130 78,101
13,129 78,101
14,128 78,101
15,127 78,101
16,126 78,101
17,125 78,101
18,124 78,101
19,123 78,101
20,122 78,101
21,121 78,101
22,120 78,101
23,119 79,100
24,118 79,100
25,117 79,100
26,116 79,100
27,115 79,100
28,114 79,100
29,113 79,100
30,112 79,100
31,111 79,100
32,110 79,100
33,109 79,100
34,108 79,100
35,107 80,99
36,106 80,99
37,105 80,99
38,104 80,99
39,103 80,99
40,102 80,99
41,101 80,99
42,100 80,99
43,99 80,99
44,98 80,99
45,97 80,99
46,96 80,99
47,95 81,98
48,94 81,98
49,93 81,98
50,92 81,98
51,91 81,98
52,90 81,98
53,89 81,98
54,88 81,98
55,87 81,98
56,86 81,98
57,85 81,98
58,84 81,98
59,83 82,97
60,82 82,97
61,81 82,97
62,80 82,97
63,79 82,97
64,78 82,97
65,77 82,97
66,76 82,97
67,75 82,97
68,74 82,97
69,73 82,97
70,72 82,97
71,71 83,96
72,70 83,96
73,69 83,96
74,68 83,96
75,67 83,96
76,66 83,96
77,65 83,96
78,64 83,96
79,63 83,96
80,62 83,96
81,61 83,96
82,60 83,96
22,143 77,102
21,142 77,102
20,141 77,102
19,140 77,102
18,139 77,102
17,138 77,102
16,137 77,102
15,136 77,102
14,135 77,102
13,134 77,102
12,133 77,102
11,132 77,102
10,131 78,101
11,130 78,101
12,129 78,101
13,128 78,101
14,127 78,101
15,126 78,101
16,125 78,101
17,124 78,101
18,123 78,101
19,122 78,101
20,121 78,101
21,120 78,101
22,119 79,100
23,118 79,100
24,117 79,100
25,116 79,100
26,115 79,100
27,114 79,100
28,113 79,100
29,112 79,100
30,111 79,100
31,110 79,100
32,109 79,100
33,108 79,100
34,107 80,99
35,106 80,99
36,105 80,99
37,104 80,99
38,103 80,99
39,102 80,99
40,101 80,99
41,100 80,99
42,99 80,99
43,98 80,99
44,97 80,99
45,96 80,99
46,95 81,98
47,94 81,98
48,93 81,98
49,92 81,98
50,91 81,98
51,90 81,98
52,89 81,98
53,88 81,98
54,87 81,98
55,86 81,98
56,85 81,98
57,84 81,98
58,83 82,97
59,82 82,97
60,81 82,97
61,80 82,97
62,79 82,97
63,78 82,97
64,77 82,97
65,76 82,97
66,75 82,97
67,74 82,97
68,73 82,97
69,72 82,97
70,71 83,96
71,70 83,96
72,69 83,96
73,68 83,96
74,67 83,96
75,66 83,96
76,65 83,96
77,64 83,96
78,63 83,96
79,62 83,96
80,61 83,96
81,60 83,96
82,59 84,95
21,143 77,102
20,142 77,102
19,141 77,102
18,140 77,102
17,139 77,102
16,138 77,102
15,137 77,102
14,136 77,102
13,135 77,102
12,134 77,102
11,133 77,102
10,132 77,102
9,131 78,101
10,130 78,101
11,129 78,101
12,128 78,101
13,127 78,101
14,126 78,101
15,125 78,101
16,124 78,101
17,123 78,101
18,122 78,101
19,121 78,101
20,120 78,101
21,119 79,100
22,118 79,100
23,117 79,100
24,116 79,100
25,115 79,100
26,114 79,100
27,113 79,100
28,112 79,100
29,111 79,100
30,110 79,100
31,109 79,100
32,108 79,100
33,107 80,99
34,106 80,99
35,105 80,99
36,104 80,99
37,103 80,99
38,102 80,99
39,101 80,99
40,100 80,99
41,99 80,99
42,98 80,99
43,97 80,99
44,96 80,99
45,95 81,98
46,94 81,98
47,93 81,98
48,92 81,98
49,91 81,98
50,90 81,98
51,89 81,98
52,88 81,98
53,87 81,98
54,86 81,98
55,85 81,98
56,84 81,98
57,83 82,97
58,82 82,97
59,81 82,97
60,80 82,97
61,79 82,97
62,78 82,97
63,77 82,97
64,76 82,97
65,75 82,97
66,74 82,97
67,73 82,97
68,72 82,97
69,71 83,96
70,70 83,96
71,69 83,96
72,68 83,96
73,67 83,96
74,66 83,96
75,65 83,96
76,64 83,96
77,63 83,96
78,62 83,96
79,61 83,96
80,60 83,96
81,59 84,95
21,144 77,102
20,143 77,102
19,142 77,102
18,141 77,102
17,140 77,102
16,139 77,102
15,138 77,102
14,137 77,102
13,136 77,102
12,135 77,102
11,134 77,102
10,133 77,102
9,132 77,102
8,131 78,101
9,130 78,101
10,129 78,101
11,128 78,101
12,127 78,101
13,126 78,101
14,125 78,101
15,124 78,101
16,123 78,101
17,122 78,101
18,121 78,101
19,120 78,101
20,119 79,100
21,118 79,100
22,117 79,100
23,116 79,100
24,115 79,100
25,114 79,100
26,113 79,100
27,112 79,100
28,111 79,100
29,110 79,100
30,109 79,100
31,108 79,100
32,107 80,99
33,106 80,99
34,105 80,99
35,104 80,99
36,103 80,99
37,102 80,99
38,101 80,99
39,100 80,99
40,99 80,99
41,98 80,99
42,97 80,99
43,96 80,99
44,95 80,99
45,94 81,98
46,93 81,98
47,92 81,98
48,91 81,98
49,90 81,98
50,89 81,98
51,88 81,98
52,87 81,98
53,86 81,98
54,85 81,98
55,84 81,98
56,83 81,98
57,82 82,97
58,81 82,97
59,80 82,97
60,79 82,97
61,78 82,97
62,77 82,97
63,76 82,97
64,75 82,97
65,74 82,97
66,73 82,97
67,72 82,97
68,71 82,97
69,70 83,96
70,69 83,96
71,68 83,96
72,67 83,96
73,66 83,96
74,65 83,96
75,64 83,96
76,63 83,96
77,62 83,96
78,61 83,96
79,60 83,96
80,59 83,96
81,58 84,95
20,144 77,102
19,143 77,102
18,142 77,102
17,141 77,102
16,140 77,102
15,139 77,102
14,138 77,102
13,137 77,102
12,136 77,102
11,135 77,102
10,134 77,102
9,133 77,102
8,132 77,102
7,131 78,101
8,130 78,101
9,129 78,101
10,128 78,101
11,127 78,101
12,126 78,101
13,125 78,101
14,124 78,101
15,123 78,101
16,122 78,101
17,121 78,101
18,120 78,101
19,119 79,100
20,118 79,100
21,117 79,100
22,116 79,100
23,115 79,100
24,114 79,100
25,113 79,100
26,112 79,100
27,111 79,100
28,110 79,100
29,109 79,100
30,108 79,100
31,107 79,100
32,106 80,99
33,105 80,99
34,104 80,99
35,103 80,99
36,102 80,99
37,101 80,99
38,100 80,99
39,99 80,99
40,98 80,99
41,97 80,99
42,96 80,99
43,95 80,99
44,94 81,98
45,93 81,98
46,92 81,98
47,91 81,98
48,90 81,98
49,89 81,98
50,88 81,98
51,87 81,98
52,86 81,98
53,85 81,98
54,84 81,98
55,83 81,98
56,82 81,98
57,81 82,97
58,80 82,97
59,79 82,97
60,78 82,97
61,77 82,97
62,76 82,97
63,75 82,97
64,74 82,97
65,73 82,97
66,72 82,97
67,71 82,97
68,70 82,97
69,69 83,96
70,68 83,96
71,67 83,96
72,66 83,96
73,65 83,96
74,64 83,96
75,63 83,96
76,62 83,96
77,61 83,96
78,60 83,96
79,59 83,96
80,58 83,96
81,57 84,95
20,145 76,102
19,144 76,102
18,143 76,102
17,142 76,102
16,141 76,102
15,140 76,102
14,139 76,102
13,138 76,102
12,137 76,102
11,136 76,102
10,135 76,102
9,134 77,101
8,133 77,101
7,132 77,101
6,131 77,101
7,130 77,101
8,129 77,101
9,128 77,101
10,127 77,101
11,126 77,101
12,125 77,101
13,124 77,101
14,123 78,100
15,122 78,100
16,121 78,100
17,120 78,100
18,119 78,100
19,118 78,100
20,117 78,100
21,116 78,100
22,115 78,100
23,114 78,100
24,113 78,100
25,112 79,99
26,111 79,99
27,110 79,99
28,109 79,99
29,108 79,99
30,107 79,99
31,106 79,99
32,105 79,99
33,104 79,99
34,103 79,99
35,102 79,99
36,101 80,98
37,100 80,98
38,99 80,98
39,98 80,98
40,97 80,98
41,96 80,98
42,95 80,98
43,94 80,98
44,93 80,98
45,92 80,98
46,91 80,98
47,90 81,97
48,89 81,97
49,88 81,97
50,87 81,97
51,86 81,97
52,85 81,97
53,84 81,97
54,83 81,97
55,82 81,97
56,81 81,97
57,80 81,97
58,79 82,96
59,78 82,96
60,77 82,96
61,76 82,96
62,75 82,96
63,74 82,96
64,73 82,96
65,72 82,96
66,71 82,96
67,70 82,96
68,69 82,96
69,68 83,95
70,67 83,95
71,66 83,95
72,65 83,95
73,64 83,95
74,63 83,95
75,62 83,95
76,61 83,95
77,60 83,95
78,59 83,95
79,58 83,95
80,57 84,94
19,145 76,102
18,144 76,102
17,143 76,102
16,142 76,102
15,141 76,102
14,140 76,102
13,139 76,102
12,138 76,102
11,137 76,102
10,136 76,102
9,135 76,102
8,134 77,101
7,133 77,101
6,132 77,101
6,130 77,101
7,129 77,101
8,128 77,101
9,127 77,101
10,126 77,101
11,125 77,101
12,124 77,101
13,123 77,101
14,122 78,100
15,121 78,100
16,120 78,100
17,119 78,100
18,118 78,100
19,117 78,100
20,116 78,100
21,115 78,100
22,114 78,100
23,113 78,100
24,112 78,100
25,111 79,99
26,110 79,99
27,109 79,99
28,108 79,99
29,107 79,99
30,106 79,99
31,105 79,99
32,104 79,99
33,103 79,99
34,102 79,99
35,101 79,99
36,100 80,98
37,99 80,98
38,98 80,98
39,97 80,98
40,96 80,98
41,95 80,98
42,94 80,98
43,93 80,98
44,92 80,98
45,91 80,98
46,90 80,98
47,89 81,97
48,88 81,97
49,87 81,97
50,86 81,97
51,85 81,97
52,84 81,97
53,83 81,97
54,82 81,97
55,81 81,97
56,80 81,97
57,79 81,97
58,78 82,96
59,77 82,96
60,76 82,96
61,75 82,96
62,74 82,96
63,73 82,96
64,72 82,96
65,71 82,96
66,70 82,96
67,69 82,96
68,68 82,96
69,67 83,95
70,66 83,95
71,65 83,95
72,64 83,95
73,63 83,95
74,62 83,95
75,61 83,95
76,60 83,95
77,59 83,95
78,58 83,95
79,57 84,94
18,145 76,102
17,144 76,102
16,143 76,102
15,142 76,102
14,141 76,102
13,140 76,102
12,139 76,102
11,138 76,102
10,137 76,102
9,136 76,102
8,135 76,102
7,134 77,101
6,133 77,101
5,132 77,101
6,129 77,101
7,128 77,101
8,127 77,101
9,126 77,101
10,125 77,101
11,124 77,101
12,123 77,101
13,122 77,101
14,121 78,100
15,120 78,100
16,119 78,100
17,118 78,100
18,117 78,100
19,116 78,100
20,115 78,100
21,114 78,100
22,113 78,100
23,112 78,100
24,111 78,100
25,110 79,99
26,109 79,99
27,108 79,99
28,107 79,99
29,106 79,99
30,105 79,99
31,104 79,99
32,103 79,99
33,102 79,99
34,101 79,99
35,100 80,98
36,99 80,98
37,98 80,98
38,97 80,98
39,96 80,98
40,95 80,98
41,94 80,98
42,93 80,98
43,92 80,98
44,91 80,98
45,90 80,98
46,89 81,97
47,88 81,97
48,87 81,97
49,86 81,97
50,85 81,97
51,84 81,97
52,83 81,97
53,82 81,97
54,81 81,97
55,80 81,97
56,79 81,97
57,78 82,96
58,77 82,96
59,76 82,96
60,75 82,96
61,74 82,96
62,73 82,96
63,72 82,96
64,71 82,96
65,70 82,96
66,69 82,96
67,68 82,96
68,67 83,95
69,66 83,95
70,65 83,95
71,64 83,95
72,63 83,95
73,62 83,95
74,61 83,95
75,60 83,95
76,59 83,95
77,58 83,95
78,57 84,94
18,146 76,102
17,145 76,102
16,144 76,102
15,143 76,102
14,142 76,102
13,141 76,102
12,140 76,102
11,139 76,102
10,138 76,102
9,137 76,102
8,136 76,102
7,135 77,101
6,134 77,101
5,133 77,101
7,127 77,101
8,126 77,101
9,125 77,101
10,124 77,101
11,123 77,101
12,122 77,101
13,121 77,101
14,120 78,100
15,119 78,100
16,118 78,100
17,117 78,100
18,116 78,100
19,115 78,100
20,114 78,100
21,113 78,100
22,112 78,100
23,111 78,100
24,110 79,99
25,109 79,99
26,108 79,99
27,107 79,99
28,106 79,99
29,105 79,99
30,104 79,99
31,103 79,99
32,102 79,99
33,101 79,99
34,100 80,98
35,99 80,98
36,98 80,98
37,97 80,98
38,96 80,98
39,95 80,98
40,94 80,98
41,93 80,98
42,92 80,98
43,91 80,98
44,90 80,98
45,89 81,97
46,88 81,97
47,87 81,97
48,86 81,97
49,85 81,97
50,84 81,97
51,83 81,97
52,82 81,97
53,81 81,97
54,80 81,97
55,79 82,96
56,78 82,96
57,77 82,96
58,76 82,96
59,75 82,96
60,74 82,96
61,73 82,96
62,72 82,96
63,71 82,96
64,70 82,96
65,69 83,95
66,68 83,95
67,67 83,95
68,66 83,95
69,65 83,95
70,64 83,95
71,63 83,95
72,62 83,95
73,61 83,95
74,60 83,95
75,59 84,94
17,146 76,102
16,145 76,102
15,144 76,102
14,143 76,102
13,142 76,102
12,141 76,102
11,140 76,102
10,139 76,102
9,138 76,102
8,137 76,102
7,136 77,101
6,135 77,101
5,134 77,101
7,126 77,101
8,125 77,101
9,124 77,101
10,123 77,101
11,122 77,101
12,121 77,101
13,120 77,101
14,119 78,100
15,118 78,100
16,117 78,100
17,116 78,100
18,115 78,100
19,114 78,100
20,113 78,100
21,112 78,100
22,111 78,100
23,110 78,100
24,109 79,99
25,108 79,99
26,107 79,99
27,106 79,99
28,105 79,99
29,104 79,99
30,103 79,99
31,102 79,99
32,101 79,99
33,100 80,98
34,99 80,98
35,98 80,98
36,97 80,98
37,96 80,98
38,95 80,98
39,94 80,98
40,93 80,98
41,92 80,98
42,91 80,98
43,90 81,97
44,89 81,97
45,88 81,97
46,87 81,97
47,86 81,97
48,85 81,97
49,84 81,97
50,83 81,97
51,82 81,97
52,81 81,97
53,80 82,96
54,79 82,96
55,78 82,96
56,77 82,96
57,76 82,96
58,75 82,96
59,74 82,96
60,73 82,96
61,72 82,96
62,71 82,96
63,70 83,95
64,69 83,95
65,68 83,95
66,67 83,95
67,66 83,95
68,65 83,95
69,64 83,95
70,63 83,95
71,62 83,95
72,61 84,94
17,147 76,102
16,146 76,102
15,145 76,102
14,144 76,102
13,143 76,102
12,142 76,102
11,141 76,102
10,140 76,102
9,139 76,102
8,138 76,102
7,137 77,101
6,136 77,101
5,135 77,101
8,124 77,101
9,123 77,101
10,122 77,101
11,121 77,101
12,120 77,101
13,119 77,101
14,118 78,100
15,117 78,100
16,116 78,100
17,115 78,100
18,114 78,100
19,113 78,100
20,112 78,100
21,111 78,100
22,110 78,100
23,109 79,99
24,108 79,99
25,107 79,99
26,106 79,99
27,105 79,99
28,104 79,99
29,103 79,99
30,102 79,99
31,101 79,99
32,100 80,98
33,99 80,98
34,98 80,98
35,97 80,98
36,96 80,98
37,95 80,98
38,94 80,98
39,93 80,98
40,92 80,98
41,91 80,98
42,90 81,97
43,89 81,97
44,88 81,97
45,87 81,97
46,86 81,97
47,85 81,97
48,84 81,97
49,83 81,97
50,82 81,97
51,81 82,96
52,80 82,96
53,79 82,96
54,78 82,96
55,77 82,96
56,76 82,96
57,75 82,96
58,74 82,96
59,73 82,96
60,72 83,95
61,71 83,95
62,70 83,95
63,69 83,95
64,68 83,95
65,67 83,95
66,66 83,95
67,65 83,95
68,64 83,95
69,63 84,94
16,147 76,101
15,146 76,101
14,145 76,101
13,144 76,101
12,143 76,101
11,142 76,101
10,141 76,101
9,140 76,101
8,139 76,101
7,138 77,100
6,137 77,100
5,136 77,100
4,135 77,100
8,123 77,100
9,122 77,100
10,121 77,100
11,120 77,100
12,119 77,100
13,118 78,99
14,117 78,99
15,116 78,99
16,115 78,99
17,114 78,99
18,113 78,99
19,112 78,99
20,111 78,99
21,110 78,99
22,109 79,98
23,108 79,98
24,107 79,98
25,106 79,98
26,105 79,98
27,104 79,98
28,103 79,98
29,102 79,98
30,101 79,98
31,100 80,97
32,99 80,97
33,98 80,97
34,97 80,97
35,96 80,97
36,95 80,97
37,94 80,97
38,93 80,97
39,92 80,97
40,91 81,96
41,90 81,96
42,89 81,96
43,88 81,96
44,87 81,96
45,86 81,96
46,85 81,96
47,84 81,96
48,83 81,96
49,82 82,95
50,81 82,95
51,80 82,95
52,79 82,95
53,78 82,95
54,77 82,95
55,76 82,95
56,75 82,95
57,74 82,95
58,73 83,94
59,72 83,94
60,71 83,94
61,70 83,94
62,69 83,94
63,68 83,94
64,67 83,94
65,66 83,94
66,65 83,94
67,64 84,93
16,148 76,101
15,147 76,101
14,146 76,101
13,145 76,101
12,144 76,101
11,143 76,101
10,142 76,101
9,141 76,101
8,140 76,101
7,139 77,100
6,138 77,100
5,137 77,100
4,136 77,100
9,121 77,100
10,120 77,100
11,119 77,100
12,118 77,100
13,117 77,100
14,116 78,99
15,115 78,99
16,114 78,99
17,113 78,99
18,112 78,99
19,111 78,99
20,110 78,99
21,109 78,99
22,108 79,98
23,107 79,98
24,106 79,98
25,105 79,98
26,104 79,98
27,103 79,98
28,102 79,98
29,101 79,98
30,100 79,98
31,99 80,97
32,98 80,97
33,97 80,97
34,96 80,97
35,95 80,97
36,94 80,97
37,93 80,97
38,92 80,97
39,91 80,97
40,90 81,96
41,89 81,96
42,88 81,96
43,87 81,96
44,86 81,96
45,85 81,96
46,84 81,96
47,83 81,96
48,82 82,95
49,81 82,95
50,80 82,95
51,79 82,95
52,78 82,95
53,77 82,95
54,76 82,95
55,75 82,95
56,74 82,95
57,73 83,94
58,72 83,94
59,71 83,94
60,70 83,94
61,69 83,94
62,68 83,94
63,67 83,94
64,66 83,94
65,65 84,93
15,148 76,101
14,147 76,101
13,146 76,101
12,145 76,101
11,144 76,101
10,143 76,101
9,142 76,101
8,141 76,101
7,140 76,101
6,139 77,100
5,138 77,100
4,137 77,100
9,120 77,100
10,119 77,100
11,118 77,100
12,117 77,100
13,116 77,100
14,115 78,99
15,114 78,99
16,113 78,99
17,112 78,99
18,111 78,99
19,110 78,99
20,109 78,99
21,108 78,99
22,107 79,98
23,106 79,98
24,105 79,98
25,104 79,98
26,103 79,98
27,102 79,98
28,101 79,98
29,100 79,98
30,99 80,97
31,98 80,97
32,97 80,97
33,96 80,97
34,95 80,97
35,94 80,97
36,93 80,97
37,92 80,97
38,91 80,97
39,90 81,96
40,89 81,96
41,88 81,96
42,87 81,96
43,86 81,96
44,85 81,96
45,84 81,96
46,83 81,96
47,82 82,95
48,81 82,95
49,80 82,95
50,79 82,95
51,78 82,95
52,77 82,95
53,76 82,95
54,75 82,95
55,74 83,94
56,73 83,94
57,72 83,94
58,71 83,94
59,70 83,94
60,69 83,94
61,68 83,94
62,67 83,94
63,66 84,93
15,149 76,101
14,148 76,101
13,147 76,101
12,146 76,101
11,145 76,101
10,144 76,101
9,143 76,101
8,142 76,101
7,141 77,100
6,140 77,100
5,139 77,100
4,138 77,100
10,118 77,100
11,117 77,100
12,116 77,100
13,115 77,100
14,114 78,99
15,113 78,99
16,112 78,99
17,111 78,99
18,110 78,99
19,109 78,99
20,108 78,99
21,107 78,99
22,106 79,98
23,105 79,98
24,104 79,98
25,103 79,98
26,102 79,98
27,101 79,98
28,100 79,98
29,99 79,98
30,98 80,97
31,97 80,97
32,96 80,97
33,95 80,97
34,94 80,97
35,93 80,97
36,92 80,97
37,91 80,97
38,90 81,96
39,89 81,96
40,88 81,96
41,87 81,96
42,86 81,96
43,85 81,96
44,84 81,96
45,83 81,96
46,82 82,95
47,81 82,95
48,80 82,95
49,79 82,95
50,78 82,95
51,77 82,95
52,76 82,95
53,75 82,95
54,74 83,94
55,73 83,94
56,72 83,94
57,71 83,94
58,70 83,94
59,69 83,94
60,68 83,94
61,67 84,93
14,149 76,101
13,148 76,101
12,147 76,101
11,146 76,101
10,145 76,101
9,144 76,101
8,143 76,101
7,142 76,101
6,141 77,100
5,140 77,100
4,139 77,100
10,117 77,100
11,116 77,100
12,115 77,100
13,114 77,100
14,113 78,99
15,112 78,99
16,111 78,99
17,110 78,99
18,109 78,99
19,108 78,99
20,107 78,99
21,106 78,99
22,105 79,98
23,104 79,98
24,103 79,98
25,102 79,98
26,101 79,98
27,100 79,98
28,99 79,98
29,98 80,97
30,97 80,97
31,96 80,97
32,95 80,97
33,94 80,97
34,93 80,97
35,92 80,97
36,91 80,97
37,90 81,96
38,89 81,96
39,88 81,96
40,87 81,96
41,86 81,96
42,85 81,96
43,84 81,96
44,83 82,95
45,82 82,95
46,81 82,95
47,80 82,95
48,79 82,95
49,78 82,95
50,77 82,95
51,76 82,95
52,75 83,94
53,74 83,94
54,73 83,94
55,72 83,94
56,71 83,94
57,70 83,94
58,69 83,94
59,68 84,93
14,150 76,101
13,149 76,101
12,148 76,101
11,147 76,101
10,146 76,101
9,145 76,101
8,144 76,101
7,143 76,101
6,142 77,100
5,141 77,100
4,140 77,100
3,139 77,100
11,115 77,100
12,114 77,100
13,113 77,100
14,112 78,99
15,111 78,99
16,110 78,99
17,109 78,99
18,108 78,99
19,107 78,99
20,106 78,99
21,105 78,99
22,104 79,98
23,103 79,98
24,102 79,98
25,101 79,98
26,100 79,98
27,99 79,98
28,98 79,98
29,97 80,97
30,96 80,97
31,95 80,97
32,94 80,97
33,93 80,97
34,92 80,97
35,91 80,97
36,90 81,96
37,89 81,96
38,88 81,96
39,87 81,96
40,86 81,96
41,85 81,96
42,84 81,96
43,83 81,96
44,82 82,95
45,81 82,95
46,80 82,95
47,79 82,95
48,78 82,95
49,77 82,95
50,76 82,95
51,75 83,94
52,74 83,94
53,73 83,94
54,72 83,94
55,71 83,94
56,70 83,94
57,69 83,94
58,68 84,93
14,151 76,100
13,150 76,100
12,149 76,100
11,148 76,100
10,147 76,100
9,146 76,100
8,145 76,100
7,144 76,100
6,143 76,100
5,142 77,99
4,141 77,99
3,140 77,99
11,114 77,99
12,113 77,99
13,112 77,99
14,111 77,99
15,110 77,99
16,109 78,98
17,108 78,98
18,107 78,98
19,106 78,98
20,105 78,98
21,104 78,98
22,103 78,98
23,102 78,98
24,101 79,97
25,100 79,97
26,99 79,97
27,98 79,97
28,97 79,97
29,96 79,97
30,95 79,97
31,94 79,97
32,93 80,96
33,92 80,96
34,91 80,96
35,90 80,96
36,89 80,96
37,88 80,96
38,87 80,96
39,86 80,96
40,85 81,95
41,84 81,95
42,83 81,95
43,82 81,95
44,81 81,95
45,80 81,95
46,79 81,95
47,78 81,95
48,77 82,94
49,76 82,94
50,75 82,94
51,74 82,94
52,73 82,94
53,72 82,94
54,71 82,94
55,70 82,94
56,69 83,93
13,151 76,100
12,150 76,100
11,149 76,100
10,148 76,100
9,147 76,100
8,146 76,100
7,145 76,100
6,144 76,100
5,143 77,99
4,142 77,99
3,141 77,99
12,112 77,99
13,111 77,99
14,110 77,99
15,109 77,99
16,108 77,99
17,107 78,98
18,106 78,98
19,105 78,98
20,104 78,98
21,103 78,98
22,102 78,98
23,101 78,98
24,100 78,98
25,99 79,97
26,98 79,97
27,97 79,97
28,96 79,97
29,95 79,97
30,94 79,97
31,93 79,97
32,92 80,96
33,91 80,96
34,90 80,96
35,89 80,96
36,88 80,96
37,87 80,96
38,86 80,96
39,85 80,96
40,84 81,95
41,83 81,95
42,82 81,95
43,81 81,95
44,80 81,95
45,79 81,95
46,78 81,95
47,77 81,95
48,76 82,94
49,75 82,94
50,74 82,94
51,73 82,94
52,72 82,94
53,71 82,94
54,70 82,94
55,69 83,93
13,152 76,100
12,151 76,100
11,150 76,100
10,149 76,100
9,148 76,100
8,147 76,100
7,146 76,100
6,145 76,100
5,144 77,99
4,143 77,99
3,142 77,99
12,111 77,99
13,110 77,99
14,109 77,99
15,108 77,99
16,107 78,98
17,106 78,98
18,105 78,98
19,104 78,98
20,103 78,98
21,102 78,98
22,101 78,98
23,100 78,98
24,99 79,97
25,98 79,97
26,97 79,97
27,96 79,97
28,95 79,97
29,94 79,97
30,93 79,97
31,92 80,96
32,91 80,96
33,90 80,96
34,89 80,96
35,88 80,96
36,87 80,96
37,86 80,96
38,85 80,96
39,84 81,95
40,83 81,95
41,82 81,95
42,81 81,95
43,80 81,95
44,79 81,95
45,78 81,95
46,77 82,94
47,76 82,94
48,75 82,94
49,74 82,94
50,73 82,94
51,72 82,94
52,71 82,94
53,70 83,93
13,153 76,100
12,152 76,100
11,151 76,100
10,150 76,100
9,149 76,100
8,148 76,100
7,147 76,100
6,146 76,100
5,145 77,99
4,144 77,99
3,143 77,99
13,109 77,99
14,108 77,99
15,107 77,99
16,106 77,99
17,105 78,98
18,104 78,98
19,103 78,98
20,102 78,98
21,101 78,98
22,100 78,98
23,99 78,98
24,98 79,97
25,97 79,97
26,96 79,97
27,95 79,97
28,94 79,97
29,93 79,97
30,92 79,97
31,91 80,96
32,90 80,96
33,89 80,96
34,88 80,96
35,87 80,96
36,86 80,96
37,85 80,96
38,84 81,95
39,83 81,95
40,82 81,95
41,81 81,95
42,80 81,95
43,79 81,95
44,78 81,95
45,77 82,94
46,76 82,94
47,75 82,94
48,74 82,94
49,73 82,94
50,72 82,94
51,71 82,94
52,70 83,93
12,153 76,100
11,152 76,100
10,151 76,100
9,150 76,100
8,149 76,100
7,148 76,100
6,147 76,100
5,146 77,99
4,145 77,99
3,144 77,99
2,143 77,99
13,108 77,99
14,107 77,99
15,106 77,99
16,105 78,98
17,104 78,98
18,103 78,98
19,102 78,98
20,101 78,98
21,100 78,98
22,99 78,98
23,98 79,97
24,97 79,97
25,96 79,97
26,95 79,97
27,94 79,97
28,93 79,97
29,92 79,97
30,91 80,96
31,90 80,96
32,89 80,96
33,88 80,96
34,87 80,96
35,86 80,96
36,85 80,96
37,84 81,95
38,83 81,95
39,82 81,95
40,81 81,95
41,80 81,95
42,79 81,95
43,78 81,95
44,77 82,94
45,76 82,94
46,75 82,94
47,74 82,94
48,73 82,94
49,72 82,94
50,71 83,93
12,154 76,99
11,153 76,99
10,152 76,99
9,151 76,99
8,150 76,99
7,149 76,99
6,148 76,99
5,147 77,98
4,146 77,98
3,145 77,98
2,144 77,98
13,107 77,98
14,106 77,98
15,105 77,98
16,104 78,97
17,103 78,97
18,102 78,97
19,101 78,97
20,100 78,97
21,99 78,97
22,98 78,97
23,97 79,96
24,96 79,96
25,95 79,96
26,94 79,96
27,93 79,96
28,92 79,96
29,91 80,95
30,90 80,95
31,89 80,95
32,88 80,95
33,87 80,95
34,86 80,95
35,85 80,95
36,84 81,94
37,83 81,94
38,82 81,94
39,81 81,94
40,80 81,94
41,79 81,94
42,78 81,94
43,77 82,93
44,76 82,93
45,75 82,93
46,74 82,93
47,73 82,93
48,72 82,93
49,71 83,92
12,155 76,99
11,154 76,99
10,153 76,99
9,152 76,99
8,151 76,99
7,150 76,99
6,149 76,99
5,148 77,98
4,147 77,98
3,146 77,98
2,145 77,98
14,105 77,98
15,104 77,98
16,103 78,97
17,102 78,97
18,101 78,97
19,100 78,97
20,99 78,97
21,98 78,97
22,97 79,96
23,96 79,96
24,95 79,96
25,94 79,96
26,93 79,96
27,92 79,96
28,91 79,96
29,90 80,95
30,89 80,95
31,88 80,95
32,87 80,95
33,86 80,95
34,85 80,95
35,84 81,94
36,83 81,94
37,82 81,94
38,81 81,94
39,80 81,94
40,79 81,94
41,78 82,93
42,77 82,93
43,76 82,93
44,75 82,93
45,74 82,93
46,73 82,93
47,72 83,92
11,155 76,99
10,154 76,99
9,153 76,99
8,152 77,98
7,151 77,98
6,150 77,98
5,149 78,97
4,148 78,97
3,147 78,97
2,146 79,96
35,83 79,96
36,82 79,96
37,81 80,95
38,80 80,95
39,79 80,95
40,78 81,94
41,77 81,94
42,76 81,94
43,75 82,93
44,74 82,93
45,73 82,93
46,72 83,92
11,156 76,99
10,155 76,99
9,154 77,98
8,153 77,98
7,152 78,97
6,151 78,97
5,150 79,96
4,149 79,96
3,148 80,95
2,147 80,95
41,76 81,94
42,75 81,94
43,74 82,93
44,73 83,92
11,157 76,99
10,156 76,99
9,155 77,98
8,154 78,97
7,153 79,96
6,152 79,96
5,151 80,95
4,150 81,94
3,149 82,93
2,148 83,92
10,157 76,99
9,156 76,99
8,155 77,98
7,154 78,97
6,153 79,96
5,152 79,96
4,151 80,95
3,150 81,94
2,149 82,93
1,148 83,92
10,158 76,98
9,157 76,98
8,156 77,97
7,155 78,96
6,154 78,96
5,153 79,95
4,152 80,94
3,151 80,94
2,150 81,93
1,149 82,92
9,158 76,98
8,157 76,98
7,156 77,97
6,155 78,96
5,154 79,95
4,153 79,95
3,152 80,94
2,151 81,93
1,150 82,92
9,159 76,98
8,158 76,98
7,157 77,97
6,156 78,96
5,155 79,95
4,154 79,95
3,153 80,94
2,152 81,93
1,151 82,92
9,160 76,98
8,159 76,98
7,158 77,97
6,157 78,96
5,156 79,95
4,155 79,95
3,154 80,94
2,153 81,93
1,152 82,92
8,160 76,98
7,159 76,98
6,158 77,97
5,157 78,96
4,156 79,95
3,155 80,94
2,154 81,93
1,153 82,92
8,161 76,98
7,160 76,98
6,159 77,97
5,158 78,96
4,157 79,95
3,156 80,94
2,155 81,93
1,154 82,92
8,162 76,97
7,161 76,97
6,160 77,96
5,159 78,95
4,158 79,94
3,157 80,93
2,156 81,92
1,155 82,91
7,162 76,97
6,161 76,97
5,160 77,96
4,159 78,95
3,158 79,94
2,157 80,93
1,156 81,92
0,155 82,91
7,163 76,97
6,162 76,97
5,161 77,96
4,160 78,95
3,159 79,94
2,158 80,93
1,157 81,92
0,156 82,91
7,164 76,97
6,163 76,97
5,162 77,96
4,161 78,95
3,160 79,94
2,159 80,93
1,158 81,92
0,157 82,91
6,164 76,97
5,163 77,96
4,162 78,95
3,161 79,94
2,160 80,93
1,159 81,92
0,158 82,91
6,165 77,95
5,164 77,95
4,163 78,94
3,162 79,93
2,161 79,93
1,160 80,92
0,159 81,91
5,165 77,95
4,164 77,95
3,163 78,94
2,162 79,93
1,161 80,92
0,160 81,91
5,166 77,95
4,165 77,95
3,164 78,94
2,163 79,93
1,162 80,92
0,161 81,91
5,167 77,95
4,166 77,95
3,165 78,94
2,164 79,93
1,163 80,92
0,162 81,91
4,167 77,95
3,166 78,94
2,165 79,93
1,164 80,92
0,163 81,91
4,168 77,95
3,167 78,94
2,166 79,93
1,165 80,92
0,164 81,91
4,169 78,93
3,168 78,93
2,167 79,92
1,166 80,91
0,165 81,90
4,170 78,93
3,169 78,93
2,168 79,92
1,167 80,91
0,166 81,90
3,170 78,93
2,169 79,92
1,168 80,91
0,167 81,90
3,171 78,93
3,171 79,92
2,170 80,91
1,169 81,90
3,172 78,93
3,172 79,92
2,171 80,91
1,170 81,90
3,173 78,92
2,172 79,91
1,171 80,90
