190,229 179,225
191,230 179,225
192,231 180,226
192,232 181,227
193,233 181,227
194,234 182,228
195,235 183,229
196,236 184,230
197,237 184,230
197,238 185,231
198,239 186,232
199,240 186,232
200,241 187,233
201,242 188,233
202,243 189,234
190,230 179,225
191,231 179,225
191,232 180,226
192,233 181,227
193,234 182,228
194,235 182,228
195,236 183,229
196,237 184,230
196,238 185,231
197,239 185,231
198,240 186,232
199,241 187,233
200,242 188,233
201,243 189,234
190,231 179,225
190,232 179,225
191,233 180,226
192,234 181,227
193,235 182,228
194,236 183,229
195,237 184,230
195,238 184,230
196,239 185,231
197,240 186,232
198,241 187,233
199,242 188,233
200,243 189,234
189,231 181,228
189,232 181,228
190,233 182,229
191,234 182,229
192,235 183,230
193,236 184,231
194,237 184,231
194,238 185,232
195,239 186,233
196,240 186,233
197,241 187,234
198,242 188,234
188,232 181,228
189,233 181,228
190,234 182,229
191,235 183,230
192,236 184,231
193,237 184,231
193,238 185,232
194,239 186,233
195,240 187,234
196,241 188,234
188,233 181,229
189,234 181,229
190,235 182,230
191,236 182,230
192,237 183,231
192,238 184,232
193,239 184,232
194,240 185,233
195,241 186,234
187,233 181,229
188,234 181,229
189,235 182,230
190,236 183,231
191,237 183,231
191,238 184,232
192,239 185,233
193,240 186,234
187,234 182,231
188,235 182,231
189,236 183,232
190,237 183,232
190,238 184,233
191,239 184,233
192,240 185,234
188,236 182,231
189,237 183,232
189,238 184,233
190,239 185,234
188,237 183,233
