98,181 81,144
98,181 82,143
98,181 83,142
98,181 84,142
98,181 85,142
99,182 86,142
99,182 87,142
99,182 88,142
99,182 89,142
99,182 90,142
100,183 91,143
98,181 81,145
98,181 82,144
98,181 83,143
98,181 84,143
98,181 85,143
99,182 86,143
99,182 87,143
99,182 88,143
99,182 89,143
99,182 90,143
100,183 91,144
98,182 81,146
98,182 82,145
98,182 83,144
98,182 84,144
98,182 85,144
98,182 86,144
98,182 87,144
98,182 88,144
98,182 89,144
98,182 90,144
99,183 91,145
98,182 81,147
98,182 82,146
98,182 83,145
98,182 84,145
98,182 85,145
98,182 86,145
98,182 87,145
98,182 88,145
98,182 89,145
98,182 90,145
99,183 91,146
97,182 82,147
97,182 83,146
97,182 84,146
97,182 85,146
97,182 86,146
98,183 87,146
98,183 88,146
98,183 89,146
98,183 90,146
99,184 91,147
97,183 82,148
97,183 83,147
97,183 84,147
97,183 85,147
97,183 86,147
97,183 87,147
97,183 88,147
97,183 89,147
98,184 90,147
97,183 83,148
97,183 84,148
97,183 85,148
97,183 86,148
97,183 87,148
97,183 88,148
97,183 89,148
98,184 90,148
97,184 83,149
97,184 84,149
97,184 85,149
97,184 86,149
97,184 87,149
97,184 88,149
96,183 89,149
97,184 85,150
97,184 86,150
97,184 87,150
97,184 88,150
96,183 89,150
96,184 86,151
96,184 87,151
96,184 88,151
95,184 87,152
