108,247 93,233
108,247 92,232
108,246 91,232
108,245 90,231
108,245 89,231
108,244 88,230
108,243 87,230
107,242 86,230
107,242 85,229
107,241 84,229
106,240 83,229
105,240 82,229
105,240 81,228
104,241 80,228
103,242 79,228
102,243 78,228
102,243 77,228
102,244 76,229
102,245 75,229
102,246 74,230
108,247 93,234
108,247 92,233
108,246 91,233
108,245 90,232
108,245 89,232
108,244 88,231
108,243 87,231
107,242 86,231
107,242 85,230
107,241 84,230
106,240 83,230
105,240 82,230
105,240 81,229
104,241 80,229
103,242 79,229
102,243 78,229
102,243 77,229
102,244 76,230
102,245 75,230
102,246 74,231
108,247 92,234
108,247 91,234
108,246 90,233
108,245 89,233
108,245 88,232
108,244 87,232
108,243 86,232
107,242 85,231
107,242 84,231
107,241 83,231
106,240 82,231
105,240 81,230
105,240 80,230
104,241 79,230
103,242 78,230
102,243 77,230
102,243 76,231
102,244 75,231
102,245 74,232
102,246 73,231
107,247 92,235
107,247 91,235
107,246 90,234
107,246 89,234
107,245 88,233
107,244 87,233
107,244 86,233
107,243 85,232
106,242 84,232
106,242 83,232
105,241 82,232
105,241 81,231
104,242 80,231
103,243 79,231
103,243 78,231
103,244 77,231
103,245 76,232
103,245 75,232
103,246 74,233
102,247 73,232
107,247 92,236
107,247 91,236
107,246 90,235
107,246 89,235
107,245 88,234
107,244 87,234
107,244 86,234
107,243 85,233
106,242 84,233
106,242 83,233
105,241 82,233
105,241 81,232
104,242 80,232
103,243 79,232
103,243 78,232
103,244 77,232
103,245 76,233
103,245 75,233
103,246 74,234
102,247 73,233
107,247 92,237
107,247 91,237
107,246 90,236
107,246 89,236
107,245 88,235
107,244 87,235
107,244 86,235
107,243 85,234
106,242 84,234
106,242 83,234
105,241 82,234
105,241 81,233
104,242 80,233
103,243 79,233
103,243 78,233
103,244 77,233
103,245 76,234
103,245 75,234
103,246 74,235
102,247 73,234
107,248 91,238
107,248 90,237
106,247 89,237
106,246 88,236
106,246 87,236
106,245 86,236
106,244 85,235
106,244 84,235
106,243 83,235
105,242 82,235
105,242 81,234
104,243 80,234
104,244 79,234
104,244 78,234
104,245 77,234
104,246 76,235
104,246 75,235
103,247 74,236
102,248 73,235
107,248 91,239
107,248 90,238
106,247 89,238
106,247 88,237
106,246 87,237
106,245 86,237
106,245 85,236
106,244 84,236
106,243 83,236
106,243 82,236
105,242 81,235
105,242 80,235
104,243 79,235
104,244 78,235
104,244 77,235
104,245 76,236
104,246 75,236
104,246 74,237
103,247 73,236
102,248 72,235
107,248 90,239
107,248 89,239
106,247 88,238
106,246 87,238
106,246 86,238
106,245 85,237
106,244 84,237
106,244 83,237
106,243 82,237
105,242 81,236
105,242 80,236
104,243 79,236
104,244 78,236
104,244 77,236
104,245 76,237
104,246 75,237
104,246 74,238
103,247 73,237
102,248 72,236
105,243 90,240
105,243 89,240
105,243 88,239
105,244 87,239
105,244 86,239
105,244 85,238
105,245 84,238
105,245 83,238
105,246 82,238
105,246 81,237
105,246 80,237
105,247 79,237
105,247 78,237
104,247 77,237
104,247 76,238
104,247 75,238
103,248 74,239
103,248 73,238
102,249 72,237
105,243 89,241
105,243 88,240
105,243 87,240
105,244 86,240
105,244 85,239
105,245 84,239
105,245 83,239
105,245 82,239
105,246 81,238
105,246 80,238
105,247 79,238
105,247 78,238
105,247 77,238
104,247 76,239
104,247 75,239
103,248 74,240
103,248 73,239
102,249 72,238
105,243 88,241
105,243 87,241
105,243 86,241
105,244 85,240
105,244 84,240
105,245 83,240
105,245 82,240
105,245 81,239
105,246 80,239
105,246 79,239
105,247 78,239
105,247 77,239
105,247 76,240
104,247 75,240
104,247 74,241
103,248 73,240
103,248 72,239
102,249 71,238
105,248 87,242
105,248 86,242
105,248 85,241
105,248 84,241
105,248 83,241
105,248 82,241
104,248 81,240
104,248 80,240
104,248 79,240
104,248 78,240
104,248 77,240
103,249 76,241
103,249 75,241
103,249 74,242
103,249 73,241
103,249 72,240
102,250 71,239
105,248 86,243
105,248 85,242
105,248 84,242
105,248 83,242
105,248 82,242
104,248 81,241
104,248 80,241
104,248 79,241
104,248 78,241
104,248 77,241
103,249 76,242
103,249 75,242
103,249 74,243
103,249 73,242
103,249 72,241
102,250 71,240
105,248 85,243
105,248 84,243
105,248 83,243
105,248 82,243
105,248 81,242
104,248 80,242
104,248 79,242
104,248 78,242
104,248 77,242
104,248 76,243
103,249 75,243
103,249 74,244
103,249 73,243
103,249 72,242
102,250 71,241
106,248 84,244
106,248 83,244
106,248 82,244
106,248 81,243
105,249 80,243
105,249 79,243
105,249 78,243
104,249 77,243
104,249 76,244
104,249 75,244
103,250 74,245
103,250 73,244
103,250 72,243
102,251 71,242
106,248 83,245
106,248 82,245
106,248 81,244
105,249 80,244
105,249 79,244
105,249 78,244
104,249 77,244
104,249 76,245
104,249 75,245
103,250 74,246
103,250 73,245
103,250 72,244
102,251 71,243
106,248 81,245
106,248 80,245
106,248 79,245
105,249 78,245
105,249 77,245
104,249 76,246
104,249 75,246
104,249 74,247
103,250 73,246
103,250 72,245
102,251 71,244
106,249 81,246
106,249 80,246
106,249 79,246
105,250 78,246
105,250 77,246
104,250 76,247
104,250 75,247
104,250 74,248
103,251 73,247
103,251 72,246
102,252 71,245
106,249 79,247
106,249 78,247
105,250 77,247
105,250 76,248
104,250 75,248
104,250 74,249
103,251 73,248
103,251 72,247
102,252 71,246
104,251 77,248
104,251 75,249
104,251 73,249
103,252 72,248
