99,246 74,229
99,245 74,229
99,244 74,228
99,243 74,228
99,242 74,227
99,241 74,227
98,240 74,226
97,239 74,226
96,239 74,225
95,239 74,225
94,240 74,224
94,241 74,223
98,245 74,229
98,244 74,229
98,243 74,228
98,242 74,227
98,241 74,226
97,240 74,226
96,240 74,225
95,241 74,224
94,242 74,223
97,245 74,229
97,244 74,229
97,243 74,228
97,242 74,227
97,241 74,226
96,241 74,226
95,242 74,225
94,243 74,224
93,242 74,223
97,246 74,229
96,245 74,228
96,244 74,227
96,243 74,226
95,243 74,225
94,244 74,224
93,243 74,223
96,246 74,229
96,246 74,228
95,245 74,227
94,245 74,226
94,245 74,225
93,244 74,224
96,242 74,223
96,247 74,229
96,247 74,228
95,246 74,227
94,246 74,226
94,246 74,225
93,245 74,224
95,244 74,223
95,247 74,229
95,247 74,228
94,247 74,227
94,247 74,226
93,246 74,225
93,246 74,224
92,245 74,223
94,248 74,229
94,248 74,228
94,248 74,227
93,247 74,226
93,247 74,225
93,247 74,224
92,246 74,223
93,248 74,229
93,248 74,228
93,248 74,227
93,248 74,226
93,248 74,225
93,248 74,224
92,247 74,223
93,249 74,229
93,249 74,228
93,249 74,227
93,249 74,226
93,249 74,225
93,249 74,224
92,248 74,223
92,249 74,229
92,249 74,228
92,249 74,227
92,249 74,226
92,249 74,225
92,249 74,224
92,249 74,223
92,250 74,229
92,250 74,228
92,250 74,227
92,250 74,226
92,250 74,225
92,250 74,224
92,250 74,223
