220,243 215,230
219,243 216,229
219,242 217,228
219,241 218,227
220,240 219,226
221,239 220,225
222,239 221,225
223,239 222,225
224,240 223,225
220,243 216,230
219,243 216,230
219,242 217,229
219,241 218,228
220,240 219,227
221,239 220,226
222,239 221,226
223,239 222,226
224,240 223,226
220,243 216,231
219,243 217,230
219,242 218,229
219,241 219,228
220,240 220,227
221,239 221,227
222,239 222,227
223,239 223,227
224,240 224,226
220,243 217,231
219,243 218,230
219,242 219,229
219,241 220,228
220,240 221,228
221,239 222,228
222,239 223,228
223,239 224,227
224,240 225,226
220,244 217,232
220,244 218,231
221,243 219,230
220,242 220,229
220,241 221,229
221,240 222,229
222,240 223,229
223,240 224,228
224,241 225,227
220,244 218,232
220,244 219,231
221,243 220,230
220,242 221,230
220,241 222,230
221,240 223,230
222,240 224,229
223,240 225,228
224,241 226,227
220,244 218,233
220,244 219,232
221,243 220,231
220,242 221,231
220,241 222,231
221,240 223,231
222,240 224,230
223,240 225,229
224,241 226,228
222,243 219,233
222,243 220,232
221,242 221,232
221,241 222,232
222,241 223,232
222,241 224,231
223,241 225,230
224,242 226,229
225,241 227,228
222,243 219,234
222,243 220,233
221,242 221,233
221,241 222,233
221,241 223,233
222,241 224,232
223,241 225,231
223,241 226,230
224,242 227,229
225,241 228,228
222,243 220,234
222,243 221,234
221,242 222,234
221,241 223,234
222,241 224,233
222,241 225,232
223,241 226,231
224,242 227,230
225,241 228,229
222,242 220,235
222,242 221,235
222,242 222,235
223,243 223,235
223,243 224,234
223,242 225,233
223,242 226,232
224,243 227,231
224,243 228,230
225,242 229,229
222,242 221,236
222,242 222,236
223,243 223,236
223,243 224,235
223,242 225,234
223,242 226,233
224,243 227,232
224,243 228,231
225,242 229,230
222,242 221,237
222,242 222,237
222,242 223,237
223,243 224,236
223,243 225,235
223,242 226,234
223,242 227,233
224,243 228,232
224,243 229,231
225,242 230,230
223,244 222,238
223,244 223,238
223,244 224,237
224,244 225,236
224,244 226,235
224,244 227,234
225,243 228,233
225,243 229,232
226,242 230,231
223,244 222,239
223,244 223,239
223,244 224,238
224,244 225,237
224,244 226,236
224,244 227,235
225,243 228,234
225,243 229,233
225,243 230,232
226,242 231,231
223,244 224,239
223,244 225,238
223,244 226,237
224,244 227,236
224,244 228,235
225,243 229,234
225,243 230,233
226,242 231,232
222,244 225,239
222,244 226,238
223,245 227,237
223,245 228,236
224,245 229,235
224,245 230,234
225,244 231,233
226,243 232,232
222,244 226,239
222,244 227,238
223,245 228,237
224,245 229,236
224,245 230,235
225,244 231,234
226,243 232,233
222,244 227,239
222,244 228,238
223,245 229,237
224,245 230,236
224,245 231,235
225,244 232,234
226,243 233,233
222,244 228,239
222,244 229,238
223,245 230,237
224,245 231,236
225,244 232,235
226,243 233,234
221,244 228,240
221,244 229,239
221,244 230,238
225,245 231,237
225,245 232,236
225,245 233,235
226,244 234,234
221,244 229,240
221,244 230,239
221,244 231,238
225,245 232,237
225,245 233,236
226,244 234,235
221,244 230,240
221,244 231,239
221,244 232,238
225,245 233,237
225,245 234,236
226,244 235,235
225,246 231,240
225,246 232,239
226,245 233,238
226,245 234,237
227,244 235,236
225,246 232,240
225,246 233,239
226,245 234,238
226,245 235,237
227,244 236,236
225,246 233,240
225,246 234,239
226,245 235,238
227,244 236,237
226,246 234,240
226,246 235,239
226,246 236,238
227,245 237,237
226,246 235,240
226,246 236,239
227,245 237,238
226,246 236,240
226,246 237,239
227,245 238,238
227,246 237,240
227,246 238,239
227,246 237,241
227,246 238,240
227,246 239,239
227,246 238,241
227,246 239,240
227,247 239,241
227,247 240,240
