213,246 200,235
213,246 200,234
213,245 201,233
213,245 202,232
213,244 203,231
213,243 204,231
213,243 205,230
214,242 206,229
214,242 207,229
215,242 208,229
216,242 209,229
216,242 210,229
217,243 211,229
217,243 212,229
218,243 213,229
219,244 214,230
213,246 200,236
213,246 201,235
213,245 201,234
213,245 202,233
213,244 203,232
213,243 204,232
213,243 205,231
214,242 206,230
214,242 207,230
215,242 208,230
216,242 209,230
216,242 210,230
217,243 211,230
217,243 212,230
218,243 213,230
219,244 214,231
214,245 201,236
214,245 202,235
214,245 202,234
214,244 203,233
214,244 204,233
214,243 205,232
214,243 206,231
215,243 207,231
215,243 208,231
216,243 209,231
216,243 210,231
217,244 211,231
217,244 212,231
218,244 213,231
218,244 214,232
219,245 215,231
214,245 203,235
214,245 203,234
214,244 204,234
214,244 205,233
214,243 206,232
214,243 207,232
215,243 208,232
215,243 209,232
216,243 210,232
216,243 211,232
217,244 212,232
217,244 213,232
218,244 214,233
219,245 215,232
215,245 203,236
215,245 204,235
215,245 205,234
215,244 206,233
215,244 207,233
216,244 208,233
216,244 209,233
217,245 210,233
217,245 211,233
218,245 212,233
218,245 213,233
219,246 214,234
219,246 215,233
220,245 216,232
215,245 202,236
215,245 204,236
215,245 205,235
215,244 206,234
215,244 207,234
216,244 208,234
216,244 209,234
217,245 210,234
217,245 211,234
218,245 212,234
218,245 213,234
219,246 214,235
219,246 215,234
220,245 216,233
215,246 205,236
215,246 206,235
215,246 207,235
216,245 208,235
216,245 209,235
217,246 210,235
217,246 211,235
217,246 212,235
218,246 213,235
218,246 214,236
219,247 215,235
219,247 216,234
220,246 217,233
215,246 205,237
215,246 206,236
215,246 207,236
216,245 208,236
216,245 209,236
217,246 210,236
217,246 211,236
217,246 212,236
218,246 213,236
218,246 214,237
219,247 215,236
219,247 216,235
220,246 217,234
214,246 206,237
214,246 207,237
215,247 208,237
215,247 209,237
216,246 210,237
216,246 211,237
217,247 212,237
217,247 213,237
218,247 214,238
218,247 215,237
219,248 216,236
219,248 217,235
220,247 218,234
214,246 210,238
214,246 211,238
215,247 212,238
216,246 213,238
217,247 215,238
218,247 216,237
219,248 217,236
220,247 218,235
214,247 216,238
216,247 216,238
217,248 217,237
218,248 217,237
219,249 218,236
220,248 218,236
221,247 219,235
214,247 217,238
216,247 217,238
217,248 217,238
218,248 218,237
219,249 218,237
220,248 218,237
221,247 219,236
216,248 217,239
218,249 218,238
220,249 219,237
221,248 220,236
216,248 218,239
218,249 218,239
220,249 219,238
221,248 220,237
221,249 219,239
221,249 220,238
221,249 220,239
221,249 221,238
221,250 221,239
