95,231 73,206
95,230 73,206
96,229 73,205
96,228 73,204
95,227 73,204
95,226 73,203
95,225 72,202
95,224 72,202
95,223 72,201
95,222 72,200
95,221 72,200
95,220 72,199
95,219 71,198
95,218 71,198
96,217 71,197
96,216 71,196
96,215 71,196
96,214 72,195
96,213 72,194
97,212 72,194
97,211 73,193
97,210 73,192
98,209 73,192
98,208 73,191
98,207 74,190
99,206 74,190
99,205 74,189
100,204 75,188
100,203 75,188
101,202 75,187
101,201 75,186
102,200 75,186
102,199 76,185
103,198 76,184
104,197 76,184
104,196 77,183
105,195 77,182
105,194 77,181
94,231 73,206
94,230 73,206
95,229 73,205
95,228 73,204
94,227 73,204
94,226 73,203
94,225 72,202
94,224 72,202
94,223 72,201
94,222 72,200
94,221 72,200
94,220 72,199
94,219 71,198
94,218 71,198
95,217 71,197
95,216 71,196
95,215 71,196
95,214 72,195
95,213 72,194
96,212 72,194
96,211 73,193
96,210 73,192
97,209 73,192
97,208 73,191
97,207 74,190
98,206 74,190
98,205 74,189
99,204 75,188
99,203 75,188
100,202 75,187
100,201 75,186
101,200 75,186
101,199 76,185
102,198 76,184
103,197 76,184
103,196 77,183
104,195 77,182
104,194 77,181
94,232 72,206
93,231 72,206
93,230 72,205
94,229 72,205
94,228 72,204
93,227 72,203
93,226 72,203
93,225 71,202
93,224 71,201
93,223 71,201
93,222 71,200
93,221 71,200
93,220 71,199
93,219 70,198
93,218 70,198
94,217 70,197
94,216 70,196
94,215 70,196
94,214 71,195
94,213 71,194
95,212 71,194
95,211 72,193
95,210 72,193
96,209 72,192
96,208 72,191
96,207 72,191
97,206 73,190
97,205 73,189
98,204 73,189
98,203 74,188
99,202 74,188
99,201 74,187
100,200 74,186
100,199 74,186
101,198 75,185
102,197 75,184
102,196 75,184
103,195 76,183
103,194 76,182
93,232 72,206
92,231 72,206
92,230 72,205
93,229 72,205
93,228 72,204
92,227 72,203
92,226 72,203
92,225 71,202
92,224 71,201
92,223 71,201
92,222 71,200
92,221 71,199
92,220 71,199
92,219 70,198
92,218 70,197
93,217 70,197
93,216 70,196
93,215 71,195
93,214 71,195
93,213 71,194
94,212 71,194
94,211 72,193
94,210 72,192
95,209 72,192
95,208 72,191
95,207 73,190
96,206 73,190
96,205 73,189
97,204 74,188
97,203 74,188
98,202 74,187
98,201 74,186
99,200 74,186
99,199 75,185
100,198 75,184
101,197 75,184
101,196 76,183
102,195 76,182
93,233 71,205
92,232 71,205
91,231 71,204
91,230 71,204
92,229 71,203
92,228 70,202
91,227 70,202
91,226 70,201
91,225 70,201
91,224 70,200
91,223 70,199
91,222 70,199
91,221 69,198
91,220 69,198
91,219 69,197
91,218 69,196
92,217 69,196
92,216 70,195
92,215 70,195
92,214 70,194
92,213 71,193
93,212 71,193
93,211 71,192
93,210 71,192
94,209 71,191
94,208 72,190
94,207 72,190
95,206 72,189
95,205 72,189
96,204 73,188
96,203 73,187
97,202 73,187
97,201 73,186
98,200 73,186
98,199 74,185
99,198 74,184
100,197 74,184
100,196 75,183
101,195 75,182
92,233 70,205
91,232 70,205
90,231 70,204
90,230 70,204
91,229 70,203
91,228 70,203
90,227 69,202
90,226 69,201
90,225 69,201
90,224 69,200
90,223 69,200
90,222 69,199
90,221 69,199
90,220 68,198
90,219 68,197
90,218 68,197
91,217 68,196
91,216 68,196
91,215 69,195
91,214 69,194
91,213 69,194
92,212 70,193
92,211 70,193
92,210 70,192
93,209 70,192
93,208 70,191
93,207 71,190
94,206 71,190
94,205 71,189
95,204 71,189
95,203 72,188
96,202 72,188
96,201 72,187
97,200 72,186
97,199 72,186
98,198 73,185
99,197 73,185
99,196 73,184
100,195 74,183
91,233 70,205
90,232 70,205
89,231 70,204
89,230 70,204
90,229 70,203
90,228 70,203
89,227 69,202
89,226 69,201
89,225 69,201
89,224 69,200
89,223 69,200
89,222 69,199
89,221 68,198
89,220 68,198
89,219 68,197
89,218 68,197
90,217 68,196
90,216 69,195
90,215 69,195
90,214 69,194
90,213 69,194
91,212 70,193
91,211 70,192
91,210 70,192
92,209 70,191
92,208 70,191
92,207 71,190
93,206 71,189
93,205 71,189
94,204 72,188
94,203 72,188
95,202 72,187
95,201 72,186
96,200 72,186
96,199 73,185
97,198 73,185
98,197 73,184
98,196 74,183
90,233 69,205
89,232 69,205
88,231 69,204
88,230 69,204
89,229 69,203
89,228 69,203
88,227 68,202
88,226 68,202
88,225 68,201
88,224 68,200
88,223 68,200
88,222 68,199
88,221 68,199
88,220 67,198
88,219 67,198
88,218 67,197
89,217 67,196
89,216 67,196
89,215 68,195
89,214 68,195
89,213 68,194
90,212 68,194
90,211 69,193
90,210 69,192
91,209 69,192
91,208 69,191
91,207 69,191
92,206 70,190
92,205 70,190
93,204 70,189
93,203 71,188
94,202 71,188
94,201 71,187
95,200 71,187
95,199 71,186
96,198 71,186
97,197 72,185
97,196 72,184
90,234 69,205
89,233 69,205
88,232 69,204
87,231 69,204
87,230 69,203
88,229 69,203
88,228 68,202
87,227 68,202
87,226 68,201
87,225 68,201
87,224 68,200
87,223 68,199
87,222 68,199
87,221 67,198
87,220 67,198
87,219 67,197
87,218 67,197
88,217 67,196
88,216 67,196
88,215 68,195
88,214 68,194
88,213 68,194
89,212 69,193
89,211 69,193
89,210 69,192
90,209 69,192
90,208 69,191
90,207 69,191
91,206 70,190
91,205 70,189
92,204 70,189
92,203 71,188
93,202 71,188
93,201 71,187
94,200 71,187
94,199 71,186
95,198 71,186
96,197 72,185
96,196 72,184
89,234 68,204
88,233 68,204
87,232 68,203
86,231 68,203
86,230 67,202
87,229 67,202
87,228 67,201
86,227 67,201
86,226 67,200
86,225 67,200
86,224 67,199
86,223 67,199
86,222 66,198
86,221 66,198
86,220 66,197
86,219 66,197
86,218 66,196
87,217 66,196
87,216 67,195
87,215 67,195
87,214 67,194
87,213 67,194
88,212 68,193
88,211 68,193
88,210 68,192
89,209 68,192
89,208 68,191
89,207 68,191
90,206 69,190
90,205 69,190
91,204 69,189
91,203 69,189
92,202 70,188
92,201 70,188
93,200 70,187
93,199 70,187
94,198 70,186
95,197 70,186
95,196 71,185
88,234 67,204
87,233 67,204
86,232 67,203
85,231 67,203
85,230 66,202
86,229 66,202
86,228 66,201
85,227 66,201
85,226 66,200
85,225 66,200
85,224 66,199
85,223 66,199
85,222 65,198
85,221 65,198
85,220 65,197
85,219 65,197
85,218 65,196
86,217 65,196
86,216 66,195
86,215 66,195
86,214 66,194
86,213 66,194
87,212 67,193
87,211 67,193
87,210 67,192
88,209 67,192
88,208 67,191
88,207 67,191
89,206 68,190
89,205 68,190
90,204 68,189
90,203 68,189
91,202 69,188
91,201 69,188
92,200 69,187
92,199 69,187
93,198 69,186
94,197 70,185
87,234 67,204
86,233 67,204
85,232 67,203
84,231 67,203
84,230 66,202
85,229 66,202
85,228 66,201
84,227 66,201
84,226 66,200
84,225 66,200
84,224 66,199
84,223 66,199
84,222 65,198
84,221 65,198
84,220 65,197
84,219 65,197
84,218 65,196
85,217 65,196
85,216 66,195
85,215 66,195
85,214 66,194
85,213 66,194
86,212 67,193
86,211 67,193
86,210 67,192
87,209 67,192
87,208 67,191
87,207 67,191
88,206 68,190
88,205 68,190
89,204 68,189
89,203 68,189
90,202 69,188
90,201 69,188
91,200 69,187
91,199 69,187
92,198 69,186
93,197 70,185
86,234 66,203
85,233 66,203
84,232 66,203
83,231 65,202
83,230 65,202
84,229 65,201
84,228 65,201
83,227 65,200
83,226 65,200
83,225 65,199
83,224 65,199
83,223 64,198
83,222 64,198
83,221 64,198
83,220 64,197
83,219 64,197
83,218 64,196
84,217 64,196
84,216 65,195
84,215 65,195
84,214 65,194
84,213 65,194
85,212 66,193
85,211 66,193
85,210 66,192
86,209 66,192
86,208 66,192
86,207 66,191
87,206 66,191
87,205 67,190
88,204 67,190
88,203 67,189
89,202 67,189
89,201 68,188
90,200 68,188
90,199 68,187
91,198 68,187
92,197 68,186
85,234 66,203
84,233 66,203
83,232 66,203
82,231 65,202
82,230 65,202
83,229 65,201
83,228 65,201
82,227 65,200
82,226 65,200
82,225 65,199
82,224 65,199
82,223 64,198
82,222 64,198
82,221 64,198
82,220 64,197
82,219 64,197
82,218 64,196
83,217 64,196
83,216 65,195
83,215 65,195
83,214 65,194
83,213 65,194
84,212 66,193
84,211 66,193
84,210 66,192
85,209 66,192
85,208 66,192
85,207 66,191
86,206 66,191
86,205 67,190
87,204 67,190
87,203 67,189
88,202 67,189
88,201 68,188
89,200 68,188
89,199 68,187
90,198 68,187
91,197 68,186
84,234 65,203
83,233 65,203
82,232 65,203
81,231 64,202
81,230 64,202
82,229 64,201
82,228 64,201
81,227 64,200
81,226 64,200
81,225 64,200
81,224 64,199
81,223 64,199
81,222 63,198
81,221 63,198
81,220 63,197
81,219 63,197
81,218 63,197
82,217 63,196
82,216 63,196
82,215 64,195
82,214 64,195
82,213 64,194
83,212 64,194
83,211 64,194
83,210 65,193
84,209 65,193
84,208 65,192
84,207 65,192
85,206 65,191
85,205 65,191
86,204 65,191
86,203 66,190
87,202 66,190
87,201 66,189
88,200 66,189
88,199 67,188
89,198 67,188
90,197 67,187
83,234 63,202
82,233 63,202
81,232 63,202
80,231 63,201
80,230 63,201
81,229 63,200
81,228 63,200
80,227 63,200
80,226 63,199
80,225 63,199
80,224 62,198
80,223 62,198
80,222 62,198
80,221 62,197
80,220 62,197
80,219 62,196
80,218 62,196
81,217 62,196
81,216 63,195
81,215 63,195
81,214 63,194
81,213 63,194
82,212 63,194
82,211 64,193
82,210 64,193
83,209 64,192
83,208 64,192
83,207 64,192
84,206 64,191
84,205 64,191
85,204 65,190
85,203 65,190
86,202 65,190
86,201 65,189
87,200 65,189
87,199 66,188
88,198 66,188
89,197 66,187
82,234 63,202
81,233 63,202
80,232 63,202
79,231 63,201
79,230 63,201
80,229 63,200
80,228 63,200
79,227 63,200
79,226 63,199
79,225 63,199
79,224 62,198
79,223 62,198
79,222 62,198
79,221 62,197
79,220 62,197
79,219 62,196
79,218 62,196
80,217 62,196
80,216 63,195
80,215 63,195
80,214 63,194
80,213 63,194
81,212 63,194
81,211 64,193
81,210 64,193
82,209 64,192
82,208 64,192
82,207 64,192
83,206 64,191
83,205 64,191
84,204 65,190
84,203 65,190
85,202 65,190
85,201 65,189
86,200 65,189
86,199 66,188
87,198 66,188
88,197 66,187
81,234 62,201
80,233 62,201
79,232 62,201
78,231 62,200
78,230 62,200
79,229 62,200
79,228 62,199
78,227 62,199
78,226 62,199
78,225 61,198
78,224 61,198
78,223 61,198
78,222 61,197
78,221 61,197
78,220 61,197
78,219 61,196
78,218 61,196
79,217 61,196
79,216 62,195
79,215 62,195
79,214 62,195
79,213 62,194
80,212 62,194
80,211 62,194
80,210 63,193
81,209 63,193
81,208 63,193
81,207 63,192
82,206 63,192
82,205 63,192
83,204 63,191
83,203 63,191
84,202 63,191
84,201 64,190
85,200 64,190
85,199 64,190
86,198 64,189
87,197 64,189
88,196 65,188
80,234 62,201
79,233 62,201
78,232 62,201
77,231 62,200
77,230 62,200
78,229 62,200
78,228 62,199
77,227 62,199
77,226 62,199
77,225 61,198
77,224 61,198
77,223 61,198
77,222 61,197
77,221 61,197
77,220 61,197
77,219 61,196
77,218 61,196
78,217 61,196
78,216 62,195
78,215 62,195
78,214 62,195
78,213 62,194
79,212 62,194
79,211 62,194
79,210 63,193
80,209 63,193
80,208 63,193
80,207 63,192
81,206 63,192
81,205 63,192
82,204 63,191
82,203 63,191
83,202 63,191
83,201 64,190
84,200 64,190
84,199 64,190
85,198 64,189
86,197 64,189
87,196 65,188
79,234 61,201
78,233 61,201
77,232 61,201
76,231 61,200
76,230 61,200
77,229 61,200
77,228 61,199
76,227 61,199
76,226 61,199
76,225 60,198
76,224 60,198
76,223 60,198
76,222 60,197
76,221 60,197
76,220 60,197
76,219 60,196
76,218 60,196
77,217 60,196
77,216 61,195
77,215 61,195
77,214 61,195
77,213 61,194
78,212 61,194
78,211 61,194
78,210 62,193
79,209 62,193
79,208 62,193
79,207 62,192
80,206 62,192
80,205 62,192
81,204 62,191
81,203 62,191
82,202 62,191
82,201 63,190
83,200 63,190
83,199 63,190
84,198 63,189
85,197 63,189
86,196 64,188
78,234 60,200
77,233 60,200
76,232 60,200
75,231 60,200
75,230 60,199
76,229 60,199
76,228 60,199
75,227 59,198
75,226 59,198
75,225 59,198
75,224 59,197
75,223 59,197
75,222 59,197
75,221 59,196
75,220 59,196
75,219 59,196
75,218 60,195
76,217 60,195
76,216 60,195
76,215 60,194
76,214 60,194
76,213 60,194
77,212 60,194
77,211 61,193
77,210 61,193
78,209 61,193
78,208 61,192
78,207 61,192
79,206 61,192
79,205 61,191
80,204 61,191
80,203 61,191
81,202 62,190
81,201 62,190
82,200 62,190
82,199 62,189
83,198 62,189
84,197 62,189
85,196 63,188
77,234 60,200
76,233 60,200
75,232 60,200
74,231 60,200
74,230 60,199
75,229 60,199
75,228 60,199
74,227 59,198
74,226 59,198
74,225 59,198
74,224 59,197
74,223 59,197
74,222 59,197
74,221 59,196
74,220 59,196
74,219 59,196
74,218 60,195
75,217 60,195
75,216 60,195
75,215 60,194
75,214 60,194
75,213 60,194
76,212 60,194
76,211 61,193
76,210 61,193
77,209 61,193
77,208 61,192
77,207 61,192
78,206 61,192
78,205 61,191
79,204 61,191
79,203 61,191
80,202 62,190
80,201 62,190
81,200 62,190
81,199 62,189
82,198 62,189
83,197 62,189
84,196 63,188
76,234 59,200
75,233 59,200
74,232 59,200
73,231 59,200
73,230 59,199
74,229 59,199
74,228 59,199
73,227 59,199
73,226 58,198
73,225 58,198
73,224 58,198
73,223 58,197
73,222 58,197
73,221 58,197
73,220 58,197
73,219 58,196
73,218 58,196
74,217 58,196
74,216 59,195
74,215 59,195
74,214 59,195
74,213 59,195
75,212 59,194
75,211 59,194
75,210 59,194
76,209 60,193
76,208 60,193
76,207 60,193
77,206 60,193
77,205 60,192
78,204 60,192
78,203 60,192
79,202 60,191
79,201 60,191
80,200 60,191
80,199 60,191
81,198 61,190
82,197 61,190
83,196 61,190
84,195 61,189
74,233 59,200
73,232 59,200
72,231 59,200
72,230 59,200
73,229 59,199
73,228 59,199
72,227 59,199
72,226 58,198
72,225 58,198
72,224 58,198
72,223 58,198
72,222 58,197
72,221 58,197
72,220 58,197
72,219 58,196
72,218 58,196
73,217 58,196
73,216 58,196
73,215 59,195
73,214 59,195
73,213 59,195
74,212 59,194
74,211 59,194
74,210 59,194
75,209 59,194
75,208 60,193
75,207 60,193
76,206 60,193
76,205 60,192
77,204 60,192
77,203 60,192
78,202 60,192
78,201 60,191
79,200 60,191
79,199 60,191
80,198 61,190
81,197 61,190
82,196 61,190
83,195 61,189
72,232 58,199
71,231 58,199
71,230 58,199
72,229 58,199
72,228 58,199
71,227 57,198
71,226 57,198
71,225 57,198
71,224 57,198
71,223 57,197
71,222 57,197
71,221 57,197
71,220 57,197
71,219 57,196
71,218 57,196
72,217 57,196
72,216 57,196
72,215 58,195
72,214 58,195
72,213 58,195
73,212 58,195
73,211 58,194
73,210 58,194
74,209 58,194
74,208 58,194
74,207 59,193
75,206 59,193
75,205 59,193
76,204 59,193
76,203 59,192
77,202 59,192
77,201 59,192
78,200 59,192
78,199 59,191
79,198 59,191
80,197 59,191
81,196 59,191
82,195 60,190
70,230 57,199
71,229 57,199
71,228 57,199
70,227 57,199
70,226 56,198
70,225 56,198
70,224 56,198
70,223 56,198
70,222 56,197
70,221 56,197
70,220 56,197
70,219 56,197
70,218 56,196
71,217 56,196
71,216 56,196
71,215 56,196
71,214 57,195
71,213 57,195
72,212 57,195
72,211 57,195
72,210 57,194
73,209 57,194
73,208 57,194
73,207 57,194
74,206 58,193
74,205 58,193
75,204 58,193
75,203 58,193
76,202 58,192
76,201 58,192
77,200 58,192
77,199 58,192
78,198 58,191
79,197 58,191
80,196 58,191
81,195 59,190
69,230 57,199
70,229 57,199
70,228 57,199
69,227 57,199
69,226 56,198
69,225 56,198
69,224 56,198
69,223 56,198
69,222 56,197
69,221 56,197
69,220 56,197
69,219 56,197
69,218 56,196
70,217 56,196
70,216 56,196
70,215 56,196
70,214 57,195
70,213 57,195
71,212 57,195
71,211 57,194
71,210 57,194
72,209 57,194
72,208 57,194
72,207 58,193
73,206 58,193
73,205 58,193
74,204 58,193
74,203 58,192
75,202 58,192
75,201 58,192
76,200 58,192
76,199 58,191
77,198 58,191
78,197 58,191
79,196 59,190
69,229 55,198
69,228 55,198
68,227 55,198
68,226 55,198
68,225 55,198
68,224 55,197
68,223 55,197
68,222 55,197
68,221 55,197
68,220 55,196
68,219 55,196
68,218 55,196
69,217 55,196
69,216 56,195
69,215 56,195
69,214 56,195
69,213 56,195
70,212 56,194
70,211 56,194
70,210 56,194
71,209 56,194
71,208 57,193
71,207 57,193
72,206 57,193
72,205 57,193
73,204 57,192
73,203 57,192
74,202 57,192
74,201 57,192
75,200 57,191
75,199 57,191
76,198 57,191
77,197 57,191
78,196 58,190
68,229 55,198
68,228 55,198
67,227 55,198
67,226 55,198
67,225 55,198
67,224 55,197
67,223 55,197
67,222 55,197
67,221 55,197
67,220 55,196
67,219 55,196
67,218 55,196
68,217 55,196
68,216 56,195
68,215 56,195
68,214 56,195
68,213 56,195
69,212 56,194
69,211 56,194
69,210 56,194
70,209 56,194
70,208 57,193
70,207 57,193
71,206 57,193
71,205 57,193
72,204 57,192
72,203 57,192
73,202 57,192
73,201 57,192
74,200 57,191
74,199 57,191
75,198 57,191
76,197 57,191
77,196 58,190
67,228 54,197
66,227 54,197
66,226 54,197
66,225 54,197
66,224 54,197
66,223 54,197
66,222 54,196
66,221 54,196
66,220 54,196
66,219 54,196
66,218 54,196
67,217 55,195
67,216 55,195
67,215 55,195
67,214 55,195
67,213 55,195
68,212 55,194
68,211 55,194
68,210 55,194
69,209 55,194
69,208 55,194
69,207 56,193
70,206 56,193
70,205 56,193
71,204 56,193
71,203 56,193
72,202 56,192
72,201 56,192
73,200 56,192
73,199 56,192
74,198 56,192
75,197 56,191
65,226 53,196
65,225 53,196
65,224 53,196
65,223 53,196
65,222 53,196
65,221 53,196
65,220 54,195
65,219 54,195
65,218 54,195
66,217 54,195
66,216 54,195
66,215 54,195
66,214 54,194
66,213 54,194
67,212 54,194
67,211 54,194
67,210 54,194
68,209 54,194
68,208 55,193
68,207 55,193
69,206 55,193
69,205 55,193
70,204 55,193
70,203 55,193
71,202 55,192
71,201 55,192
72,200 55,192
72,199 55,192
73,198 55,192
74,197 55,191
64,225 53,196
64,224 53,196
64,223 53,196
64,222 53,196
64,221 53,196
64,220 53,196
64,219 54,195
64,218 54,195
65,217 54,195
65,216 54,195
65,215 54,195
65,214 54,195
65,213 54,194
66,212 54,194
66,211 54,194
66,210 54,194
67,209 54,194
67,208 55,193
67,207 55,193
68,206 55,193
68,205 55,193
69,204 55,193
69,203 55,193
70,202 55,192
70,201 55,192
71,200 55,192
71,199 55,192
72,198 55,192
73,197 55,191
63,224 52,196
63,223 52,196
63,222 52,196
63,221 52,196
63,220 52,196
63,219 52,196
63,218 52,196
64,217 53,195
64,216 53,195
64,215 53,195
64,214 53,195
64,213 53,195
65,212 53,195
65,211 53,195
65,210 53,194
66,209 53,194
66,208 53,194
66,207 53,194
67,206 53,194
67,205 53,194
68,204 53,194
68,203 54,193
69,202 54,193
69,201 54,193
70,200 54,193
70,199 54,193
71,198 54,193
72,197 54,192
62,223 52,196
62,222 52,196
62,221 52,196
62,220 52,196
62,219 52,196
62,218 52,196
63,217 52,196
63,216 53,195
63,215 53,195
63,214 53,195
63,213 53,195
64,212 53,195
64,211 53,195
64,210 53,194
65,209 53,194
65,208 53,194
65,207 53,194
66,206 53,194
66,205 53,194
67,204 53,194
67,203 54,193
68,202 54,193
68,201 54,193
69,200 54,193
69,199 54,193
70,198 54,193
71,197 54,192
61,221 52,195
61,220 52,195
61,219 52,195
61,218 52,195
62,217 52,195
62,216 52,195
62,215 52,195
62,214 52,195
62,213 52,194
63,212 52,194
63,211 52,194
63,210 52,194
64,209 52,194
64,208 52,194
64,207 52,194
65,206 52,194
65,205 53,193
66,204 53,193
66,203 53,193
67,202 53,193
67,201 53,193
68,200 53,193
68,199 53,193
69,198 53,193
70,197 53,192
60,220 51,195
60,219 51,195
60,218 51,195
61,217 51,195
61,216 51,195
61,215 51,195
61,214 51,195
61,213 51,194
62,212 51,194
62,211 51,194
62,210 51,194
63,209 51,194
63,208 51,194
63,207 51,194
64,206 52,193
64,205 52,193
65,204 52,193
65,203 52,193
66,202 52,193
66,201 52,193
67,200 52,192
59,218 51,195
60,217 51,195
60,216 51,195
60,215 51,195
60,214 51,195
60,213 51,194
61,212 51,194
61,211 51,194
61,210 51,194
62,209 51,194
62,208 52,193
62,207 52,193
63,206 52,193
63,205 52,193
64,204 52,193
65,202 52,192
59,217 50,194
59,216 50,194
59,215 50,194
59,214 50,194
59,213 50,194
60,212 50,194
60,211 50,194
60,210 50,194
61,209 50,194
61,208 50,194
61,207 50,194
62,206 51,193
59,212 50,193
59,211 50,193
59,210 50,193
60,209 50,193
60,208 50,193
