71,196 50,193
72,196 50,193
73,196 51,193
74,196 52,192
75,196 52,192
76,196 53,192
77,195 54,192
78,195 55,191
79,195 55,191
80,195 56,191
81,194 57,191
82,194 58,190
83,194 58,190
84,194 59,190
85,195 60,190
86,195 61,189
87,195 61,189
88,195 62,189
89,196 63,188
90,196 64,188
91,196 64,188
92,196 65,188
93,196 66,187
94,196 67,187
95,195 67,187
96,195 68,186
97,195 69,186
98,195 70,185
99,195 70,185
100,194 71,185
101,194 72,184
102,194 73,184
103,193 73,184
104,193 74,183
105,193 75,182
106,193 76,182
72,195 50,193
73,195 50,193
74,195 51,193
75,195 52,192
76,195 53,192
77,194 53,192
78,194 54,192
79,194 55,191
80,194 56,191
81,193 56,191
82,193 57,191
83,193 58,190
84,193 59,190
85,194 59,190
86,194 60,190
87,194 61,189
88,194 62,189
89,195 63,188
90,195 63,188
91,195 64,188
92,195 65,188
93,195 66,187
94,195 66,187
95,194 67,187
96,194 68,186
97,194 69,186
98,194 69,186
99,194 70,185
100,193 71,185
101,193 72,184
102,193 72,184
103,192 73,184
104,192 74,183
105,192 75,182
106,192 76,182
73,194 50,193
74,194 50,193
75,194 51,193
76,194 52,192
77,193 53,192
78,193 53,192
79,193 54,192
80,193 55,191
81,192 56,191
82,192 56,191
83,192 57,191
84,192 58,190
85,193 59,190
86,193 59,190
87,193 60,190
88,193 61,189
89,194 62,189
90,194 63,188
91,194 63,188
92,194 64,188
93,194 65,188
94,194 66,187
95,193 66,187
96,193 67,187
97,193 68,186
98,193 69,186
99,193 69,186
100,192 70,185
101,192 71,185
102,192 72,184
103,191 72,184
104,191 73,184
105,191 74,183
106,191 75,182
107,192 76,182
74,193 50,193
75,193 50,193
76,193 51,193
77,192 52,192
78,192 53,192
79,192 53,192
80,192 54,192
81,191 55,191
82,191 56,191
83,191 56,191
84,191 57,191
85,192 58,190
86,192 59,190
87,192 59,190
88,192 60,190
89,193 61,189
90,193 62,189
91,193 63,188
92,193 63,188
93,193 64,188
94,193 65,188
95,192 66,187
96,192 66,187
97,192 67,187
98,192 68,186
99,192 69,186
100,191 69,186
101,191 70,185
102,191 71,185
103,190 72,184
104,190 72,184
105,190 73,184
106,190 74,183
107,191 75,182
108,192 76,182
75,192 50,193
76,192 50,193
77,191 51,193
78,191 52,192
79,191 53,192
80,191 53,192
81,190 54,192
82,190 55,191
83,190 56,191
84,190 57,191
85,191 57,191
86,191 58,190
87,191 59,190
88,191 60,190
89,192 61,189
90,192 61,189
91,192 62,189
92,192 63,188
93,192 64,188
94,192 64,188
95,191 65,188
96,191 66,187
97,191 67,187
98,191 68,186
99,191 68,186
100,190 69,186
101,190 70,185
102,190 71,185
103,189 72,184
104,189 72,184
105,189 73,184
106,189 74,183
107,190 75,182
108,191 76,182
76,191 50,193
77,190 50,193
78,190 51,193
79,190 52,192
80,190 53,192
81,189 53,192
82,189 54,192
83,189 55,191
84,189 56,191
85,190 57,191
86,190 57,191
87,190 58,190
88,190 59,190
89,191 60,190
90,191 61,189
91,191 61,189
92,191 62,189
93,191 63,188
94,191 64,188
95,190 64,188
96,190 65,188
97,190 66,187
98,190 67,187
99,190 68,186
100,189 68,186
101,189 69,186
102,189 70,185
103,188 71,185
104,188 72,184
105,188 72,184
106,188 73,184
107,189 74,183
108,190 75,182
109,191 76,182
79,189 50,193
79,189 51,193
80,189 52,192
81,188 53,192
82,188 54,192
83,188 55,191
84,188 56,191
85,189 57,191
86,189 58,190
87,189 59,190
88,189 60,190
89,190 61,189
90,190 62,189
91,190 63,188
92,190 64,188
93,190 65,188
94,190 66,187
95,189 67,187
96,189 68,186
97,189 69,186
98,189 70,185
99,189 71,185
100,188 72,184
101,188 73,184
102,188 74,183
108,189 75,182
109,190 76,182
83,187 50,193
83,187 51,193
84,187 52,192
85,188 53,192
85,188 54,192
86,188 55,191
87,188 56,191
88,188 57,191
88,188 58,190
89,189 59,190
90,189 60,190
91,189 61,189
91,189 62,189
92,189 63,188
93,189 64,188
93,189 65,188
94,189 66,187
95,188 67,187
96,188 68,186
96,188 69,186
97,188 70,185
98,188 71,185
99,188 72,184
99,188 73,184
100,187 74,183
101,187 75,182
109,189 76,182
85,187 50,193
85,187 51,193
86,187 52,192
86,187 53,192
87,187 54,192
87,187 55,191
88,187 56,191
89,188 57,191
89,188 58,190
90,188 59,190
90,188 60,190
91,188 61,189
91,188 62,189
92,188 63,188
93,188 64,188
93,188 65,188
94,188 66,187
94,188 67,187
95,187 68,186
95,187 69,186
96,187 70,185
97,187 71,185
97,187 72,184
98,187 73,184
98,187 74,183
99,187 75,182
99,187 76,182
87,186 50,193
87,186 51,193
87,186 52,192
87,186 53,192
88,186 54,192
88,186 55,191
88,186 56,191
88,186 57,191
89,187 58,190
89,187 59,190
89,187 60,190
89,187 61,189
90,187 62,189
90,187 63,188
90,187 64,188
91,187 65,188
91,187 66,187
91,187 67,187
91,187 68,186
92,187 69,186
92,187 70,185
92,187 71,185
92,187 72,184
93,187 73,184
93,187 74,183
93,187 75,182
94,187 76,182
89,186 50,193
89,186 51,193
89,186 52,192
89,186 53,192
89,186 54,192
89,186 55,191
89,186 56,191
90,186 57,191
90,186 58,190
90,186 59,190
90,186 60,190
90,186 61,189
90,186 62,189
91,186 63,188
91,186 64,188
91,186 65,188
91,186 66,187
91,186 67,187
91,186 68,186
91,186 69,186
92,186 70,185
92,186 71,185
92,186 72,184
92,186 73,184
92,186 74,183
92,186 75,182
93,186 76,182
