137,184 99,172
137,184 100,172
138,184 101,172
138,184 102,172
139,184 103,172
139,184 104,172
140,184 105,172
140,184 106,172
141,184 107,172
142,184 108,172
142,184 109,172
143,184 110,172
143,184 111,172
144,184 112,172
144,184 113,172
145,184 114,172
145,184 115,172
146,184 116,172
147,184 117,172
147,184 118,172
148,184 119,172
148,184 120,172
149,183 121,172
149,183 122,172
150,183 123,172
150,183 124,172
151,183 125,172
152,183 126,172
152,183 127,172
153,183 128,172
153,183 129,172
154,183 130,172
154,183 131,172
155,183 132,172
155,183 133,172
156,183 134,172
157,183 135,172
157,183 136,172
158,183 137,172
158,183 138,172
159,183 139,172
159,183 140,172
160,183 141,172
160,183 142,172
161,183 143,172
162,183 144,172
162,183 145,172
163,183 146,172
163,183 147,172
164,183 148,172
164,183 149,172
165,183 150,172
166,183 151,172
166,183 152,172
167,182 153,172
167,182 154,172
168,182 155,172
168,182 156,172
169,182 157,172
169,182 158,172
170,182 159,172
171,182 160,172
171,182 161,172
172,182 162,172
172,182 163,172
173,182 164,172
173,182 165,172
174,182 166,172
174,182 167,172
175,182 168,172
176,182 169,172
176,182 170,172
177,182 171,172
177,182 172,172
178,182 173,172
178,182 174,172
179,182 175,172
179,182 176,172
180,182 177,172
181,182 178,172
181,182 179,172
182,182 180,172
182,182 181,172
183,181 182,172
183,181 183,172
184,181 184,172
184,181 185,172
185,181 186,172
186,181 187,172
186,181 188,172
187,181 189,172
187,181 190,172
188,181 191,172
188,181 192,172
189,181 193,172
189,181 194,172
190,181 195,172
191,181 196,172
191,181 197,172
192,181 198,172
192,181 199,172
193,181 200,172
193,181 201,172
194,181 202,172
195,181 203,172
137,184 101,173
137,184 102,173
138,184 103,173
138,184 104,173
139,184 105,173
139,184 106,173
140,184 107,173
140,184 108,173
141,184 109,173
142,184 110,173
142,184 111,173
143,184 112,173
143,184 113,173
144,184 114,173
144,184 115,173
145,184 116,173
146,184 117,173
146,184 118,173
147,184 119,173
147,184 120,173
148,184 121,173
148,184 122,173
149,183 123,173
150,183 124,173
150,183 125,173
151,183 126,173
151,183 127,173
152,183 128,173
152,183 129,173
153,183 130,173
154,183 131,173
154,183 132,173
155,183 133,173
155,183 134,173
156,183 135,173
156,183 136,173
157,183 137,173
158,183 138,173
158,183 139,173
159,183 140,173
159,183 141,173
160,183 142,173
160,183 143,173
161,183 144,173
162,183 145,173
162,183 146,173
163,183 147,173
163,183 148,173
164,183 149,173
164,183 150,173
165,183 151,173
166,183 152,173
166,183 153,173
167,182 154,173
167,182 155,173
168,182 156,173
168,182 157,173
169,182 158,173
169,182 159,173
170,182 160,173
171,182 161,173
171,182 162,173
172,182 163,173
172,182 164,173
173,182 165,173
173,182 166,173
174,182 167,173
175,182 168,173
175,182 169,173
176,182 170,173
176,182 171,173
177,182 172,173
177,182 173,173
178,182 174,173
179,182 175,173
179,182 176,173
180,182 177,173
180,182 178,173
181,182 179,173
181,182 180,173
182,182 181,173
183,181 182,173
183,181 183,173
184,181 184,173
184,181 185,173
185,181 186,173
185,181 187,173
186,181 188,173
187,181 189,173
187,181 190,173
188,181 191,173
188,181 192,173
189,181 193,173
189,181 194,173
190,181 195,173
191,181 196,173
191,181 197,173
192,181 198,173
192,181 199,173
193,181 200,173
193,181 201,173
194,181 202,173
195,181 203,173
138,185 104,174
138,185 105,174
139,185 106,174
139,185 107,174
140,185 108,174
140,185 109,174
141,185 110,174
142,185 111,174
142,185 112,174
143,185 113,174
143,185 114,174
144,185 115,174
145,185 116,174
145,185 117,174
146,185 118,174
146,185 119,174
147,185 120,174
148,185 121,174
148,185 122,174
149,184 123,174
149,184 124,174
150,184 125,174
151,184 126,174
151,184 127,174
152,184 128,174
152,184 129,174
153,184 130,174
153,184 131,174
154,184 132,174
155,184 133,174
155,184 134,174
156,184 135,174
156,184 136,174
157,184 137,174
158,184 138,174
158,184 139,174
159,184 140,174
159,184 141,174
160,184 142,174
161,184 143,174
161,184 144,174
162,184 145,174
162,184 146,174
163,184 147,174
164,184 148,174
164,184 149,174
165,184 150,174
165,184 151,174
166,184 152,174
167,183 153,174
167,183 154,174
168,183 155,174
168,183 156,174
169,183 157,174
169,183 158,174
170,183 159,174
171,183 160,174
171,183 161,174
172,183 162,174
172,183 163,174
173,183 164,174
174,183 165,174
174,183 166,174
175,183 167,174
175,183 168,174
176,183 169,174
177,183 170,174
177,183 171,174
178,183 172,174
178,183 173,174
179,183 174,174
180,183 175,174
180,183 176,174
181,183 177,174
181,183 178,174
182,183 179,174
182,183 180,174
183,182 181,174
184,182 182,174
184,182 183,174
185,182 184,174
185,182 185,174
186,182 186,174
187,182 187,174
187,182 188,174
188,182 189,174
188,182 190,174
189,182 191,174
190,182 192,174
190,182 193,174
191,182 194,174
191,182 195,174
192,182 196,174
193,182 197,174
193,182 198,174
194,182 199,174
194,182 200,174
195,182 201,174
196,181 202,174
138,186 105,175
138,186 106,175
139,186 107,175
139,186 108,175
140,186 109,175
140,186 110,175
141,186 111,175
142,186 112,175
142,186 113,175
143,186 114,175
143,186 115,175
144,186 116,175
145,186 117,175
145,186 118,175
146,186 119,175
146,186 120,175
147,186 121,175
148,186 122,175
148,186 123,175
149,185 124,175
149,185 125,175
150,185 126,175
151,185 127,175
151,185 128,175
152,185 129,175
152,185 130,175
153,185 131,175
154,185 132,175
154,185 133,175
155,185 134,175
155,185 135,175
156,185 136,175
157,185 137,175
157,185 138,175
158,185 139,175
158,185 140,175
159,185 141,175
160,185 142,175
160,185 143,175
161,185 144,175
161,185 145,175
162,185 146,175
163,185 147,175
163,185 148,175
164,185 149,175
164,185 150,175
165,185 151,175
166,185 152,175
166,185 153,175
167,184 154,175
167,184 155,175
168,184 156,175
169,184 157,175
169,184 158,175
170,184 159,175
170,184 160,175
171,184 161,175
172,184 162,175
172,184 163,175
173,184 164,175
173,184 165,175
174,184 166,175
175,184 167,175
175,184 168,175
176,184 169,175
176,184 170,175
177,184 171,175
178,184 172,175
178,184 173,175
179,184 174,175
179,184 175,175
180,184 176,175
181,184 177,175
181,184 178,175
182,184 179,175
182,184 180,175
183,183 181,175
184,183 182,175
184,183 183,175
185,183 184,175
185,183 185,175
186,183 186,175
187,183 187,175
187,183 188,175
188,183 189,175
188,183 190,175
189,183 191,175
190,183 192,175
190,183 193,175
191,183 194,175
191,183 195,175
192,183 196,175
193,183 197,175
193,183 198,175
194,183 199,175
194,183 200,175
195,183 201,175
196,182 202,175
138,187 107,176
138,187 108,176
139,187 109,176
139,187 110,176
140,187 111,176
141,187 112,176
141,187 113,176
142,187 114,176
142,187 115,176
143,187 116,176
144,187 117,176
144,187 118,176
145,187 119,176
145,187 120,176
146,187 121,176
147,187 122,176
147,187 123,176
148,187 124,176
148,187 125,176
149,186 126,176
150,186 127,176
150,186 128,176
151,186 129,176
152,186 130,176
152,186 131,176
153,186 132,176
153,186 133,176
154,186 134,176
155,186 135,176
155,186 136,176
156,186 137,176
156,186 138,176
157,186 139,176
158,186 140,176
158,186 141,176
159,186 142,176
159,186 143,176
160,186 144,176
161,186 145,176
161,186 146,176
162,186 147,176
163,186 148,176
163,186 149,176
164,186 150,176
164,186 151,176
165,186 152,176
166,186 153,176
166,186 154,176
167,185 155,176
167,185 156,176
168,185 157,176
169,185 158,176
169,185 159,176
170,185 160,176
170,185 161,176
171,185 162,176
172,185 163,176
172,185 164,176
173,185 165,176
174,185 166,176
174,185 167,176
175,185 168,176
175,185 169,176
176,185 170,176
177,185 171,176
177,185 172,176
178,185 173,176
178,185 174,176
179,185 175,176
180,185 176,176
180,185 177,176
181,185 178,176
181,185 179,176
182,185 180,176
183,184 181,176
183,184 182,176
184,184 183,176
185,184 184,176
185,184 185,176
186,184 186,176
186,184 187,176
187,184 188,176
188,184 189,176
188,184 190,176
189,184 191,176
189,184 192,176
190,184 193,176
191,184 194,176
191,184 195,176
192,184 196,176
192,184 197,176
193,184 198,176
194,184 199,176
194,184 200,176
195,184 201,176
196,183 202,176
139,188 108,177
139,188 109,177
140,188 110,177
140,188 111,177
141,188 112,177
142,188 113,177
142,188 114,177
143,188 115,177
143,188 116,177
144,188 117,177
145,188 118,177
145,188 119,177
146,188 120,177
146,188 121,177
147,188 122,177
148,188 123,177
148,188 124,177
149,187 125,177
150,187 126,177
150,187 127,177
151,187 128,177
151,187 129,177
152,187 130,177
153,187 131,177
153,187 132,177
154,187 133,177
154,187 134,177
155,187 135,177
156,187 136,177
156,187 137,177
157,187 138,177
158,187 139,177
158,187 140,177
159,187 141,177
159,187 142,177
160,187 143,177
161,187 144,177
161,187 145,177
162,187 146,177
162,187 147,177
163,187 148,177
164,187 149,177
164,187 150,177
165,187 151,177
165,187 152,177
166,187 153,177
167,186 154,177
167,186 155,177
168,186 156,177
169,186 157,177
169,186 158,177
170,186 159,177
170,186 160,177
171,186 161,177
172,186 162,177
172,186 163,177
173,186 164,177
173,186 165,177
174,186 166,177
175,186 167,177
175,186 168,177
176,186 169,177
177,186 170,177
177,186 171,177
178,186 172,177
178,186 173,177
179,186 174,177
180,186 175,177
180,186 176,177
181,186 177,177
181,186 178,177
182,186 179,177
183,185 180,177
183,185 181,177
184,185 182,177
184,185 183,177
185,185 184,177
186,185 185,177
186,185 186,177
187,185 187,177
188,185 188,177
188,185 189,177
189,185 190,177
189,185 191,177
190,185 192,177
191,185 193,177
191,185 194,177
192,185 195,177
192,185 196,177
193,185 197,177
194,185 198,177
194,185 199,177
195,185 200,177
196,184 201,177
139,189 109,178
139,189 110,178
140,189 111,178
140,189 112,178
141,189 113,178
142,189 114,178
142,189 115,178
143,189 116,178
143,189 117,178
144,189 118,178
145,189 119,178
145,189 120,178
146,189 121,178
147,189 122,178
147,189 123,178
148,189 124,178
148,189 125,178
149,188 126,178
150,188 127,178
150,188 128,178
151,188 129,178
152,188 130,178
152,188 131,178
153,188 132,178
153,188 133,178
154,188 134,178
155,188 135,178
155,188 136,178
156,188 137,178
156,188 138,178
157,188 139,178
158,188 140,178
158,188 141,178
159,188 142,178
160,188 143,178
160,188 144,178
161,188 145,178
161,188 146,178
162,188 147,178
163,188 148,178
163,188 149,178
164,188 150,178
165,188 151,178
165,188 152,178
166,188 153,178
166,188 154,178
167,187 155,178
168,187 156,178
168,187 157,178
169,187 158,178
169,187 159,178
170,187 160,178
171,187 161,178
171,187 162,178
172,187 163,178
173,187 164,178
173,187 165,178
174,187 166,178
174,187 167,178
175,187 168,178
176,187 169,178
176,187 170,178
177,187 171,178
178,187 172,178
178,187 173,178
179,187 174,178
179,187 175,178
180,187 176,178
181,187 177,178
181,187 178,178
182,187 179,178
182,187 180,178
183,186 181,178
184,186 182,178
184,186 183,178
185,186 184,178
186,186 185,178
186,186 186,178
187,186 187,178
187,186 188,178
188,186 189,178
189,186 190,178
189,186 191,178
190,186 192,178
191,186 193,178
191,186 194,178
192,186 195,178
192,186 196,178
193,186 197,178
194,186 198,178
194,186 199,178
195,186 200,178
196,185 201,178
139,190 110,179
139,190 111,179
140,190 112,179
140,190 113,179
141,190 114,179
142,190 115,179
142,190 116,179
143,190 117,179
144,190 118,179
144,190 119,179
145,190 120,179
145,190 121,179
146,190 122,179
147,190 123,179
147,190 124,179
148,190 125,179
149,189 126,179
149,189 127,179
150,189 128,179
151,189 129,179
151,189 130,179
152,189 131,179
152,189 132,179
153,189 133,179
154,189 134,179
154,189 135,179
155,189 136,179
156,189 137,179
156,189 138,179
157,189 139,179
158,189 140,179
158,189 141,179
159,189 142,179
159,189 143,179
160,189 144,179
161,189 145,179
161,189 146,179
162,189 147,179
163,189 148,179
163,189 149,179
164,189 150,179
164,189 151,179
165,189 152,179
166,189 153,179
166,189 154,179
167,188 155,179
168,188 156,179
168,188 157,179
169,188 158,179
170,188 159,179
170,188 160,179
171,188 161,179
171,188 162,179
172,188 163,179
173,188 164,179
173,188 165,179
174,188 166,179
175,188 167,179
175,188 168,179
176,188 169,179
177,188 170,179
177,188 171,179
178,188 172,179
178,188 173,179
179,188 174,179
180,188 175,179
180,188 176,179
181,188 177,179
182,188 178,179
182,188 179,179
183,187 180,179
183,187 181,179
184,187 182,179
185,187 183,179
185,187 184,179
186,187 185,179
187,187 186,179
187,187 187,179
188,187 188,179
189,187 189,179
189,187 190,179
190,187 191,179
190,187 192,179
191,187 193,179
192,187 194,179
192,187 195,179
193,187 196,179
194,187 197,179
194,187 198,179
195,187 199,179
196,186 200,179
140,191 111,180
140,191 112,180
141,191 113,180
141,191 114,180
142,191 115,180
143,191 116,180
143,191 117,180
144,191 118,180
145,191 119,180
145,191 120,180
146,191 121,180
146,191 122,180
147,191 123,180
148,191 124,180
148,191 125,180
149,190 126,180
150,190 127,180
150,190 128,180
151,190 129,180
151,190 130,180
152,190 131,180
153,190 132,180
153,190 133,180
154,190 134,180
155,190 135,180
155,190 136,180
156,190 137,180
156,190 138,180
157,190 139,180
158,190 140,180
158,190 141,180
159,190 142,180
160,190 143,180
160,190 144,180
161,190 145,180
162,190 146,180
162,190 147,180
163,190 148,180
163,190 149,180
164,190 150,180
165,190 151,180
165,190 152,180
166,190 153,180
167,189 154,180
167,189 155,180
168,189 156,180
168,189 157,180
169,189 158,180
170,189 159,180
170,189 160,180
171,189 161,180
172,189 162,180
172,189 163,180
173,189 164,180
173,189 165,180
174,189 166,180
175,189 167,180
175,189 168,180
176,189 169,180
177,189 170,180
177,189 171,180
178,189 172,180
179,189 173,180
179,189 174,180
180,189 175,180
180,189 176,180
181,189 177,180
182,189 178,180
182,189 179,180
183,188 180,180
184,188 181,180
184,188 182,180
185,188 183,180
185,188 184,180
186,188 185,180
187,188 186,180
187,188 187,180
188,188 188,180
189,188 189,180
189,188 190,180
190,188 191,180
190,188 192,180
191,188 193,180
192,188 194,180
192,188 195,180
193,188 196,180
194,188 197,180
194,188 198,180
195,188 199,180
196,187 200,180
140,192 111,181
140,192 112,181
141,192 113,181
141,192 114,181
142,192 115,181
143,192 116,181
143,192 117,181
144,192 118,181
145,192 119,181
145,192 120,181
146,192 121,181
147,192 122,181
147,192 123,181
148,192 124,181
148,192 125,181
149,191 126,181
150,191 127,181
150,191 128,181
151,191 129,181
152,191 130,181
152,191 131,181
153,191 132,181
154,191 133,181
154,191 134,181
155,191 135,181
155,191 136,181
156,191 137,181
157,191 138,181
157,191 139,181
158,191 140,181
159,191 141,181
159,191 142,181
160,191 143,181
161,191 144,181
161,191 145,181
162,191 146,181
162,191 147,181
163,191 148,181
164,191 149,181
164,191 150,181
165,191 151,181
166,191 152,181
166,191 153,181
167,190 154,181
168,190 155,181
168,190 156,181
169,190 157,181
169,190 158,181
170,190 159,181
171,190 160,181
171,190 161,181
172,190 162,181
173,190 163,181
173,190 164,181
174,190 165,181
175,190 166,181
175,190 167,181
176,190 168,181
176,190 169,181
177,190 170,181
178,190 171,181
178,190 172,181
179,190 173,181
180,190 174,181
180,190 175,181
181,190 176,181
182,190 177,181
182,190 178,181
183,189 179,181
183,189 180,181
184,189 181,181
185,189 182,181
185,189 183,181
186,189 184,181
187,189 185,181
187,189 186,181
188,189 187,181
189,189 188,181
189,189 189,181
190,189 190,181
190,189 191,181
191,189 192,181
192,189 193,181
192,189 194,181
193,189 195,181
194,189 196,181
194,189 197,181
195,189 198,181
196,188 199,181
140,193 112,182
140,193 113,182
141,193 114,182
141,193 115,182
142,193 116,182
143,193 117,182
143,193 118,182
144,193 119,182
145,193 120,182
145,193 121,182
146,193 122,182
147,193 123,182
147,193 124,182
148,193 125,182
149,192 126,182
149,192 127,182
150,192 128,182
150,192 129,182
151,192 130,182
152,192 131,182
152,192 132,182
153,192 133,182
154,192 134,182
154,192 135,182
155,192 136,182
156,192 137,182
156,192 138,182
157,192 139,182
158,192 140,182
158,192 141,182
159,192 142,182
159,192 143,182
160,192 144,182
161,192 145,182
161,192 146,182
162,192 147,182
163,192 148,182
163,192 149,182
164,192 150,182
165,192 151,182
165,192 152,182
166,192 153,182
167,191 154,182
167,191 155,182
168,191 156,182
168,191 157,182
169,191 158,182
170,191 159,182
170,191 160,182
171,191 161,182
172,191 162,182
172,191 163,182
173,191 164,182
174,191 165,182
174,191 166,182
175,191 167,182
176,191 168,182
176,191 169,182
177,191 170,182
177,191 171,182
178,191 172,182
179,191 173,182
179,191 174,182
180,191 175,182
181,191 176,182
181,191 177,182
182,191 178,182
183,190 179,182
183,190 180,182
184,190 181,182
185,190 182,182
185,190 183,182
186,190 184,182
186,190 185,182
187,190 186,182
188,190 187,182
188,190 188,182
189,190 189,182
190,190 190,182
190,190 191,182
191,190 192,182
192,190 193,182
192,190 194,182
193,190 195,182
194,190 196,182
194,190 197,182
195,190 198,182
196,189 199,182
140,194 113,183
140,194 114,183
141,194 115,183
141,194 116,183
142,194 117,183
143,194 118,183
143,194 119,183
144,194 120,183
145,194 121,183
145,194 122,183
146,194 123,183
147,194 124,183
147,194 125,183
148,194 126,183
149,193 127,183
149,193 128,183
150,193 129,183
151,193 130,183
151,193 131,183
152,193 132,183
153,193 133,183
153,193 134,183
154,193 135,183
155,193 136,183
155,193 137,183
156,193 138,183
157,193 139,183
157,193 140,183
158,193 141,183
159,193 142,183
159,193 143,183
160,193 144,183
161,193 145,183
161,193 146,183
162,193 147,183
163,193 148,183
163,193 149,183
164,193 150,183
165,193 151,183
165,193 152,183
166,193 153,183
167,192 154,183
167,192 155,183
168,192 156,183
168,192 157,183
169,192 158,183
170,192 159,183
170,192 160,183
171,192 161,183
172,192 162,183
172,192 163,183
173,192 164,183
174,192 165,183
174,192 166,183
175,192 167,183
176,192 168,183
176,192 169,183
177,192 170,183
178,192 171,183
178,192 172,183
179,192 173,183
180,192 174,183
180,192 175,183
181,192 176,183
182,192 177,183
182,192 178,183
183,191 179,183
184,191 180,183
184,191 181,183
185,191 182,183
186,191 183,183
186,191 184,183
187,191 185,183
188,191 186,183
188,191 187,183
189,191 188,183
190,191 189,183
190,191 190,183
191,191 191,183
192,191 192,183
192,191 193,183
193,191 194,183
194,191 195,183
194,191 196,183
195,191 197,183
196,190 198,183
140,194 114,184
140,194 115,184
141,194 116,184
142,194 117,184
142,194 118,184
143,194 119,184
144,194 120,184
144,194 121,184
145,194 122,184
146,194 123,184
146,194 124,184
147,194 125,184
148,194 126,184
148,194 127,184
149,193 128,184
150,193 129,184
150,193 130,184
151,193 131,184
152,193 132,184
152,193 133,184
153,193 134,184
154,193 135,184
154,193 136,184
155,193 137,184
156,193 138,184
156,193 139,184
157,193 140,184
158,193 141,184
158,193 142,184
159,193 143,184
160,193 144,184
160,193 145,184
161,193 146,184
162,193 147,184
162,193 148,184
163,193 149,184
164,193 150,184
164,193 151,184
165,193 152,184
166,193 153,184
166,193 154,184
167,192 155,184
168,192 156,184
168,192 157,184
169,192 158,184
170,192 159,184
170,192 160,184
171,192 161,184
172,192 162,184
172,192 163,184
173,192 164,184
174,192 165,184
174,192 166,184
175,192 167,184
176,192 168,184
176,192 169,184
177,192 170,184
178,192 171,184
178,192 172,184
179,192 173,184
180,192 174,184
180,192 175,184
181,192 176,184
182,192 177,184
182,192 178,184
183,191 179,184
184,191 180,184
184,191 181,184
185,191 182,184
186,191 183,184
186,191 184,184
187,191 185,184
188,191 186,184
188,191 187,184
189,191 188,184
190,191 189,184
190,191 190,184
191,191 191,184
192,191 192,184
192,191 193,184
193,191 194,184
194,191 195,184
194,191 196,184
195,191 197,184
196,190 198,184
140,195 114,185
140,195 115,185
141,195 116,185
142,195 117,185
142,195 118,185
143,195 119,185
144,195 120,185
144,195 121,185
145,195 122,185
146,195 123,185
146,195 124,185
147,195 125,185
148,195 126,185
148,195 127,185
149,194 128,185
150,194 129,185
150,194 130,185
151,194 131,185
152,194 132,185
152,194 133,185
153,194 134,185
154,194 135,185
154,194 136,185
155,194 137,185
156,194 138,185
156,194 139,185
157,194 140,185
158,194 141,185
158,194 142,185
159,194 143,185
160,194 144,185
160,194 145,185
161,194 146,185
162,194 147,185
162,194 148,185
163,194 149,185
164,194 150,185
164,194 151,185
165,194 152,185
166,194 153,185
166,194 154,185
167,193 155,185
168,193 156,185
169,193 157,185
169,193 158,185
170,193 159,185
171,193 160,185
171,193 161,185
172,193 162,185
173,193 163,185
173,193 164,185
174,193 165,185
175,193 166,185
175,193 167,185
176,193 168,185
177,193 169,185
177,193 170,185
178,193 171,185
179,193 172,185
179,193 173,185
180,193 174,185
181,193 175,185
181,193 176,185
182,193 177,185
183,192 178,185
183,192 179,185
184,192 180,185
185,192 181,185
185,192 182,185
186,192 183,185
187,192 184,185
187,192 185,185
188,192 186,185
189,192 187,185
189,192 188,185
190,192 189,185
191,192 190,185
191,192 191,185
192,192 192,185
193,192 193,185
193,192 194,185
194,192 195,185
195,192 196,185
195,192 197,185
140,196 115,186
140,196 116,186
141,196 117,186
142,196 118,186
142,196 119,186
143,196 120,186
144,196 121,186
144,196 122,186
145,196 123,186
146,196 124,186
146,196 125,186
147,196 126,186
148,196 127,186
148,196 128,186
149,195 129,186
150,195 130,186
150,195 131,186
151,195 132,186
152,195 133,186
152,195 134,186
153,195 135,186
154,195 136,186
155,195 137,186
155,195 138,186
156,195 139,186
157,195 140,186
157,195 141,186
158,195 142,186
159,195 143,186
159,195 144,186
160,195 145,186
161,195 146,186
161,195 147,186
162,195 148,186
163,195 149,186
163,195 150,186
164,195 151,186
165,195 152,186
165,195 153,186
166,195 154,186
167,194 155,186
168,194 156,186
168,194 157,186
169,194 158,186
170,194 159,186
170,194 160,186
171,194 161,186
172,194 162,186
172,194 163,186
173,194 164,186
174,194 165,186
174,194 166,186
175,194 167,186
176,194 168,186
176,194 169,186
177,194 170,186
178,194 171,186
178,194 172,186
179,194 173,186
180,194 174,186
180,194 175,186
181,194 176,186
182,194 177,186
183,193 178,186
183,193 179,186
184,193 180,186
185,193 181,186
185,193 182,186
186,193 183,186
187,193 184,186
187,193 185,186
188,193 186,186
189,193 187,186
189,193 188,186
190,193 189,186
191,193 190,186
191,193 191,186
192,193 192,186
193,193 193,186
193,193 194,186
194,193 195,186
195,193 196,186
196,192 197,186
140,197 115,187
140,197 116,187
141,197 117,187
142,197 118,187
142,197 119,187
143,197 120,187
144,197 121,187
144,197 122,187
145,197 123,187
146,197 124,187
146,197 125,187
147,197 126,187
148,197 127,187
148,197 128,187
149,196 129,187
150,196 130,187
151,196 131,187
151,196 132,187
152,196 133,187
153,196 134,187
153,196 135,187
154,196 136,187
155,196 137,187
155,196 138,187
156,196 139,187
157,196 140,187
157,196 141,187
158,196 142,187
159,196 143,187
160,196 144,187
160,196 145,187
161,196 146,187
162,196 147,187
162,196 148,187
163,196 149,187
164,196 150,187
164,196 151,187
165,196 152,187
166,196 153,187
166,196 154,187
167,195 155,187
168,195 156,187
169,195 157,187
169,195 158,187
170,195 159,187
171,195 160,187
171,195 161,187
172,195 162,187
173,195 163,187
173,195 164,187
174,195 165,187
175,195 166,187
175,195 167,187
176,195 168,187
177,195 169,187
178,195 170,187
178,195 171,187
179,195 172,187
180,195 173,187
180,195 174,187
181,195 175,187
182,195 176,187
182,195 177,187
183,194 178,187
184,194 179,187
184,194 180,187
185,194 181,187
186,194 182,187
187,194 183,187
187,194 184,187
188,194 185,187
189,194 186,187
189,194 187,187
190,194 188,187
191,194 189,187
191,194 190,187
192,194 191,187
193,194 192,187
193,194 193,187
194,194 194,187
195,194 195,187
196,193 196,187
140,198 116,188
140,198 117,188
141,198 118,188
142,198 119,188
142,198 120,188
143,198 121,188
144,198 122,188
144,198 123,188
145,198 124,188
146,198 125,188
147,198 126,188
147,198 127,188
148,198 128,188
149,197 129,188
149,197 130,188
150,197 131,188
151,197 132,188
152,197 133,188
152,197 134,188
153,197 135,188
154,197 136,188
154,197 137,188
155,197 138,188
156,197 139,188
157,197 140,188
157,197 141,188
158,197 142,188
159,197 143,188
159,197 144,188
160,197 145,188
161,197 146,188
161,197 147,188
162,197 148,188
163,197 149,188
164,197 150,188
164,197 151,188
165,197 152,188
166,197 153,188
166,197 154,188
167,196 155,188
168,196 156,188
169,196 157,188
169,196 158,188
170,196 159,188
171,196 160,188
171,196 161,188
172,196 162,188
173,196 163,188
174,196 164,188
174,196 165,188
175,196 166,188
176,196 167,188
176,196 168,188
177,196 169,188
178,196 170,188
178,196 171,188
179,196 172,188
180,196 173,188
181,196 174,188
181,196 175,188
182,196 176,188
183,195 177,188
183,195 178,188
184,195 179,188
185,195 180,188
186,195 181,188
186,195 182,188
187,195 183,188
188,195 184,188
188,195 185,188
189,195 186,188
190,195 187,188
191,195 188,188
191,195 189,188
192,195 190,188
193,195 191,188
193,195 192,188
194,195 193,188
195,195 194,188
196,194 195,188
140,199 116,189
140,199 117,189
141,199 118,189
142,199 119,189
142,199 120,189
143,199 121,189
144,199 122,189
144,199 123,189
145,199 124,189
146,199 125,189
147,199 126,189
147,199 127,189
148,199 128,189
149,198 129,189
149,198 130,189
150,198 131,189
151,198 132,189
152,198 133,189
152,198 134,189
153,198 135,189
154,198 136,189
154,198 137,189
155,198 138,189
156,198 139,189
157,198 140,189
157,198 141,189
158,198 142,189
159,198 143,189
159,198 144,189
160,198 145,189
161,198 146,189
161,198 147,189
162,198 148,189
163,198 149,189
164,198 150,189
164,198 151,189
165,198 152,189
166,198 153,189
166,198 154,189
167,197 155,189
168,197 156,189
169,197 157,189
169,197 158,189
170,197 159,189
171,197 160,189
171,197 161,189
172,197 162,189
173,197 163,189
174,197 164,189
174,197 165,189
175,197 166,189
176,197 167,189
176,197 168,189
177,197 169,189
178,197 170,189
178,197 171,189
179,197 172,189
180,197 173,189
181,197 174,189
181,197 175,189
182,197 176,189
183,196 177,189
183,196 178,189
184,196 179,189
185,196 180,189
186,196 181,189
186,196 182,189
187,196 183,189
188,196 184,189
188,196 185,189
189,196 186,189
190,196 187,189
191,196 188,189
191,196 189,189
192,196 190,189
193,196 191,189
193,196 192,189
194,196 193,189
195,196 194,189
196,195 195,189
140,200 117,190
140,200 118,190
141,200 119,190
142,200 120,190
142,200 121,190
143,200 122,190
144,200 123,190
145,200 124,190
145,200 125,190
146,200 126,190
147,200 127,190
147,200 128,190
148,200 129,190
149,199 130,190
150,199 131,190
150,199 132,190
151,199 133,190
152,199 134,190
152,199 135,190
153,199 136,190
154,199 137,190
155,199 138,190
155,199 139,190
156,199 140,190
157,199 141,190
157,199 142,190
158,199 143,190
159,199 144,190
160,199 145,190
160,199 146,190
161,199 147,190
162,199 148,190
162,199 149,190
163,199 150,190
164,199 151,190
165,199 152,190
165,199 153,190
166,199 154,190
167,198 155,190
167,198 156,190
168,198 157,190
169,198 158,190
170,198 159,190
170,198 160,190
171,198 161,190
172,198 162,190
172,198 163,190
173,198 164,190
174,198 165,190
175,198 166,190
175,198 167,190
176,198 168,190
177,198 169,190
177,198 170,190
178,198 171,190
179,198 172,190
180,198 173,190
180,198 174,190
181,198 175,190
182,198 176,190
182,198 177,190
183,197 178,190
184,197 179,190
185,197 180,190
185,197 181,190
186,197 182,190
187,197 183,190
187,197 184,190
188,197 185,190
189,197 186,190
190,197 187,190
190,197 188,190
191,197 189,190
192,197 190,190
192,197 191,190
193,197 192,190
194,197 193,190
195,197 194,190
140,201 117,191
140,201 118,191
141,201 119,191
142,201 120,191
142,201 121,191
143,201 122,191
144,201 123,191
145,201 124,191
145,201 125,191
146,201 126,191
147,201 127,191
147,201 128,191
148,201 129,191
149,200 130,191
150,200 131,191
150,200 132,191
151,200 133,191
152,200 134,191
153,200 135,191
153,200 136,191
154,200 137,191
155,200 138,191
155,200 139,191
156,200 140,191
157,200 141,191
158,200 142,191
158,200 143,191
159,200 144,191
160,200 145,191
160,200 146,191
161,200 147,191
162,200 148,191
163,200 149,191
163,200 150,191
164,200 151,191
165,200 152,191
166,200 153,191
166,200 154,191
167,199 155,191
168,199 156,191
168,199 157,191
169,199 158,191
170,199 159,191
171,199 160,191
171,199 161,191
172,199 162,191
173,199 163,191
174,199 164,191
174,199 165,191
175,199 166,191
176,199 167,191
176,199 168,191
177,199 169,191
178,199 170,191
179,199 171,191
179,199 172,191
180,199 173,191
181,199 174,191
181,199 175,191
182,199 176,191
183,198 177,191
184,198 178,191
184,198 179,191
185,198 180,191
186,198 181,191
187,198 182,191
187,198 183,191
188,198 184,191
189,198 185,191
189,198 186,191
190,198 187,191
191,198 188,191
192,198 189,191
192,198 190,191
193,198 191,191
194,198 192,191
195,198 193,191
140,202 118,192
140,202 119,192
141,202 120,192
142,202 121,192
142,202 122,192
143,202 123,192
144,202 124,192
145,202 125,192
145,202 126,192
146,202 127,192
147,202 128,192
147,202 129,192
148,202 130,192
149,201 131,192
150,201 132,192
150,201 133,192
151,201 134,192
152,201 135,192
152,201 136,192
153,201 137,192
154,201 138,192
155,201 139,192
155,201 140,192
156,201 141,192
157,201 142,192
158,201 143,192
158,201 144,192
159,201 145,192
160,201 146,192
160,201 147,192
161,201 148,192
162,201 149,192
163,201 150,192
163,201 151,192
164,201 152,192
165,201 153,192
165,201 154,192
166,201 155,192
167,200 156,192
168,200 157,192
168,200 158,192
169,200 159,192
170,200 160,192
170,200 161,192
171,200 162,192
172,200 163,192
173,200 164,192
173,200 165,192
174,200 166,192
175,200 167,192
176,200 168,192
176,200 169,192
177,200 170,192
178,200 171,192
178,200 172,192
179,200 173,192
180,200 174,192
181,200 175,192
181,200 176,192
182,200 177,192
183,199 178,192
183,199 179,192
184,199 180,192
185,199 181,192
186,199 182,192
186,199 183,192
187,199 184,192
188,199 185,192
188,199 186,192
189,199 187,192
190,199 188,192
191,199 189,192
191,199 190,192
192,199 191,192
193,199 192,192
194,199 193,192
140,203 118,193
140,203 119,193
141,203 120,193
142,203 121,193
142,203 122,193
143,203 123,193
144,203 124,193
145,203 125,193
145,203 126,193
146,203 127,193
147,203 128,193
148,203 129,193
148,203 130,193
149,202 131,193
150,202 132,193
150,202 133,193
151,202 134,193
152,202 135,193
153,202 136,193
153,202 137,193
154,202 138,193
155,202 139,193
156,202 140,193
156,202 141,193
157,202 142,193
158,202 143,193
158,202 144,193
159,202 145,193
160,202 146,193
161,202 147,193
161,202 148,193
162,202 149,193
163,202 150,193
164,202 151,193
164,202 152,193
165,202 153,193
166,202 154,193
167,201 155,193
167,201 156,193
168,201 157,193
169,201 158,193
169,201 159,193
170,201 160,193
171,201 161,193
172,201 162,193
172,201 163,193
173,201 164,193
174,201 165,193
175,201 166,193
175,201 167,193
176,201 168,193
177,201 169,193
177,201 170,193
178,201 171,193
179,201 172,193
180,201 173,193
180,201 174,193
181,201 175,193
182,201 176,193
183,200 177,193
183,200 178,193
184,200 179,193
185,200 180,193
185,200 181,193
186,200 182,193
187,200 183,193
188,200 184,193
188,200 185,193
189,200 186,193
190,200 187,193
191,200 188,193
191,200 189,193
192,200 190,193
193,200 191,193
194,200 192,193
140,204 119,194
140,204 120,194
141,204 121,194
142,204 122,194
143,204 123,194
143,204 124,194
144,204 125,194
145,204 126,194
146,204 127,194
146,204 128,194
147,204 129,194
148,204 130,194
149,203 131,194
149,203 132,194
150,203 133,194
151,203 134,194
152,203 135,194
152,203 136,194
153,203 137,194
154,203 138,194
155,203 139,194
155,203 140,194
156,203 141,194
157,203 142,194
158,203 143,194
158,203 144,194
159,203 145,194
160,203 146,194
161,203 147,194
161,203 148,194
162,203 149,194
163,203 150,194
164,203 151,194
164,203 152,194
165,203 153,194
166,203 154,194
167,202 155,194
167,202 156,194
168,202 157,194
169,202 158,194
170,202 159,194
170,202 160,194
171,202 161,194
172,202 162,194
173,202 163,194
173,202 164,194
174,202 165,194
175,202 166,194
176,202 167,194
176,202 168,194
177,202 169,194
178,202 170,194
179,202 171,194
179,202 172,194
180,202 173,194
181,202 174,194
182,202 175,194
182,202 176,194
183,201 177,194
184,201 178,194
185,201 179,194
185,201 180,194
186,201 181,194
187,201 182,194
188,201 183,194
188,201 184,194
189,201 185,194
190,201 186,194
191,201 187,194
191,201 188,194
192,201 189,194
193,201 190,194
194,201 191,194
140,204 119,195
140,204 120,195
141,204 121,195
142,204 122,195
143,204 123,195
143,204 124,195
144,204 125,195
145,204 126,195
146,204 127,195
146,204 128,195
147,204 129,195
148,204 130,195
149,203 131,195
149,203 132,195
150,203 133,195
151,203 134,195
152,203 135,195
152,203 136,195
153,203 137,195
154,203 138,195
155,203 139,195
155,203 140,195
156,203 141,195
157,203 142,195
158,203 143,195
159,203 144,195
159,203 145,195
160,203 146,195
161,203 147,195
162,203 148,195
162,203 149,195
163,203 150,195
164,203 151,195
165,203 152,195
165,203 153,195
166,203 154,195
167,202 155,195
168,202 156,195
168,202 157,195
169,202 158,195
170,202 159,195
171,202 160,195
171,202 161,195
172,202 162,195
173,202 163,195
174,202 164,195
174,202 165,195
175,202 166,195
176,202 167,195
177,202 168,195
178,202 169,195
178,202 170,195
179,202 171,195
180,202 172,195
181,202 173,195
181,202 174,195
182,202 175,195
183,201 176,195
184,201 177,195
184,201 178,195
185,201 179,195
186,201 180,195
187,201 181,195
187,201 182,195
188,201 183,195
189,201 184,195
190,201 185,195
190,201 186,195
191,201 187,195
192,201 188,195
193,201 189,195
194,201 190,195
140,205 120,196
140,205 121,196
141,205 122,196
142,205 123,196
143,205 124,196
143,205 125,196
144,205 126,196
145,205 127,196
146,205 128,196
146,205 129,196
147,205 130,196
148,205 131,196
149,204 132,196
149,204 133,196
150,204 134,196
151,204 135,196
152,204 136,196
153,204 137,196
153,204 138,196
154,204 139,196
155,204 140,196
156,204 141,196
156,204 142,196
157,204 143,196
158,204 144,196
159,204 145,196
159,204 146,196
160,204 147,196
161,204 148,196
162,204 149,196
163,204 150,196
163,204 151,196
164,204 152,196
165,204 153,196
166,204 154,196
166,204 155,196
167,203 156,196
168,203 157,196
169,203 158,196
169,203 159,196
170,203 160,196
171,203 161,196
172,203 162,196
173,203 163,196
173,203 164,196
174,203 165,196
175,203 166,196
176,203 167,196
176,203 168,196
177,203 169,196
178,203 170,196
179,203 171,196
179,203 172,196
180,203 173,196
181,203 174,196
182,203 175,196
183,202 176,196
183,202 177,196
184,202 178,196
185,202 179,196
186,202 180,196
186,202 181,196
187,202 182,196
188,202 183,196
189,202 184,196
189,202 185,196
190,202 186,196
191,202 187,196
192,202 188,196
193,202 189,196
140,206 120,197
140,206 121,197
141,206 122,197
142,206 123,197
143,206 124,197
143,206 125,197
144,206 126,197
145,206 127,197
146,206 128,197
147,206 129,197
147,206 130,197
148,206 131,197
149,205 132,197
150,205 133,197
150,205 134,197
151,205 135,197
152,205 136,197
153,205 137,197
154,205 138,197
154,205 139,197
155,205 140,197
156,205 141,197
157,205 142,197
157,205 143,197
158,205 144,197
159,205 145,197
160,205 146,197
161,205 147,197
161,205 148,197
162,205 149,197
163,205 150,197
164,205 151,197
164,205 152,197
165,205 153,197
166,205 154,197
167,204 155,197
168,204 156,197
168,204 157,197
169,204 158,197
170,204 159,197
171,204 160,197
171,204 161,197
172,204 162,197
173,204 163,197
174,204 164,197
175,204 165,197
175,204 166,197
176,204 167,197
177,204 168,197
178,204 169,197
178,204 170,197
179,204 171,197
180,204 172,197
181,204 173,197
182,204 174,197
182,204 175,197
183,203 176,197
184,203 177,197
185,203 178,197
185,203 179,197
186,203 180,197
187,203 181,197
188,203 182,197
189,203 183,197
189,203 184,197
190,203 185,197
191,203 186,197
192,203 187,197
193,203 188,197
140,207 120,198
140,207 121,198
141,207 122,198
142,207 123,198
143,207 124,198
143,207 125,198
144,207 126,198
145,207 127,198
146,207 128,198
146,207 129,198
147,207 130,198
148,207 131,198
149,206 132,198
150,206 133,198
150,206 134,198
151,206 135,198
152,206 136,198
153,206 137,198
153,206 138,198
154,206 139,198
155,206 140,198
156,206 141,198
157,206 142,198
157,206 143,198
158,206 144,198
159,206 145,198
160,206 146,198
160,206 147,198
161,206 148,198
162,206 149,198
163,206 150,198
164,206 151,198
164,206 152,198
165,206 153,198
166,206 154,198
167,205 155,198
167,205 156,198
168,205 157,198
169,205 158,198
170,205 159,198
171,205 160,198
171,205 161,198
172,205 162,198
173,205 163,198
174,205 164,198
174,205 165,198
175,205 166,198
176,205 167,198
177,205 168,198
178,205 169,198
178,205 170,198
179,205 171,198
180,205 172,198
181,205 173,198
181,205 174,198
182,205 175,198
183,204 176,198
184,204 177,198
185,204 178,198
185,204 179,198
186,204 180,198
187,204 181,198
188,204 182,198
188,204 183,198
189,204 184,198
190,204 185,198
191,204 186,198
192,204 187,198
140,208 121,199
140,208 122,199
141,208 123,199
142,208 124,199
143,208 125,199
143,208 126,199
144,208 127,199
145,208 128,199
146,208 129,199
147,208 130,199
147,208 131,199
148,208 132,199
149,207 133,199
150,207 134,199
151,207 135,199
151,207 136,199
152,207 137,199
153,207 138,199
154,207 139,199
154,207 140,199
155,207 141,199
156,207 142,199
157,207 143,199
158,207 144,199
158,207 145,199
159,207 146,199
160,207 147,199
161,207 148,199
162,207 149,199
162,207 150,199
163,207 151,199
164,207 152,199
165,207 153,199
166,207 154,199
166,207 155,199
167,206 156,199
168,206 157,199
169,206 158,199
169,206 159,199
170,206 160,199
171,206 161,199
172,206 162,199
173,206 163,199
173,206 164,199
174,206 165,199
175,206 166,199
176,206 167,199
177,206 168,199
177,206 169,199
178,206 170,199
179,206 171,199
180,206 172,199
180,206 173,199
181,206 174,199
182,206 175,199
183,205 176,199
184,205 177,199
184,205 178,199
185,205 179,199
186,205 180,199
187,205 181,199
188,205 182,199
188,205 183,199
189,205 184,199
190,205 185,199
191,205 186,199
192,205 187,199
140,209 121,200
140,209 122,200
141,209 123,200
142,209 124,200
143,209 125,200
143,209 126,200
144,209 127,200
145,209 128,200
146,209 129,200
147,209 130,200
147,209 131,200
148,209 132,200
149,208 133,200
150,208 134,200
150,208 135,200
151,208 136,200
152,208 137,200
153,208 138,200
154,208 139,200
154,208 140,200
155,208 141,200
156,208 142,200
157,208 143,200
158,208 144,200
158,208 145,200
159,208 146,200
160,208 147,200
161,208 148,200
161,208 149,200
162,208 150,200
163,208 151,200
164,208 152,200
165,208 153,200
165,208 154,200
166,208 155,200
167,207 156,200
168,207 157,200
169,207 158,200
169,207 159,200
170,207 160,200
171,207 161,200
172,207 162,200
172,207 163,200
173,207 164,200
174,207 165,200
175,207 166,200
176,207 167,200
176,207 168,200
177,207 169,200
178,207 170,200
179,207 171,200
180,207 172,200
180,207 173,200
181,207 174,200
182,207 175,200
183,206 176,200
183,206 177,200
184,206 178,200
185,206 179,200
186,206 180,200
187,206 181,200
187,206 182,200
188,206 183,200
189,206 184,200
190,206 185,200
191,206 186,200
140,210 121,201
140,210 122,201
141,210 123,201
142,210 124,201
143,210 125,201
143,210 126,201
144,210 127,201
145,210 128,201
146,210 129,201
147,210 130,201
147,210 131,201
148,210 132,201
149,209 133,201
150,209 134,201
150,209 135,201
151,209 136,201
152,209 137,201
153,209 138,201
154,209 139,201
154,209 140,201
155,209 141,201
156,209 142,201
157,209 143,201
157,209 144,201
158,209 145,201
159,209 146,201
160,209 147,201
161,209 148,201
161,209 149,201
162,209 150,201
163,209 151,201
164,209 152,201
165,209 153,201
165,209 154,201
166,209 155,201
167,208 156,201
168,208 157,201
168,208 158,201
169,208 159,201
170,208 160,201
171,208 161,201
172,208 162,201
172,208 163,201
173,208 164,201
174,208 165,201
175,208 166,201
175,208 167,201
176,208 168,201
177,208 169,201
178,208 170,201
179,208 171,201
179,208 172,201
180,208 173,201
181,208 174,201
182,208 175,201
182,208 176,201
183,207 177,201
184,207 178,201
185,207 179,201
186,207 180,201
186,207 181,201
187,207 182,201
188,207 183,201
189,207 184,201
190,207 185,201
139,210 122,202
139,210 123,202
140,211 124,202
141,211 125,202
142,211 126,202
143,211 127,202
143,211 128,202
144,211 129,202
145,211 130,202
146,211 131,202
147,211 132,202
148,211 133,202
148,211 134,202
149,210 135,202
150,210 136,202
151,210 137,202
152,210 138,202
152,210 139,202
153,210 140,202
154,210 141,202
155,210 142,202
156,210 143,202
157,210 144,202
157,210 145,202
158,210 146,202
159,210 147,202
160,210 148,202
161,210 149,202
162,210 150,202
162,210 151,202
163,210 152,202
164,210 153,202
165,210 154,202
166,210 155,202
166,210 156,202
167,209 157,202
168,209 158,202
169,209 159,202
170,209 160,202
171,209 161,202
171,209 162,202
172,209 163,202
173,209 164,202
174,209 165,202
175,209 166,202
176,209 167,202
176,209 168,202
177,209 169,202
178,209 170,202
179,209 171,202
180,209 172,202
180,209 173,202
181,209 174,202
182,209 175,202
183,208 176,202
184,208 177,202
185,208 178,202
185,208 179,202
186,208 180,202
187,208 181,202
188,208 182,202
189,208 183,202
190,208 184,202
139,211 122,203
139,211 123,203
140,212 124,203
141,212 125,203
142,212 126,203
143,212 127,203
143,212 128,203
144,212 129,203
145,212 130,203
146,212 131,203
147,212 132,203
148,212 133,203
148,212 134,203
149,211 135,203
150,211 136,203
151,211 137,203
152,211 138,203
152,211 139,203
153,211 140,203
154,211 141,203
155,211 142,203
156,211 143,203
157,211 144,203
157,211 145,203
158,211 146,203
159,211 147,203
160,211 148,203
161,211 149,203
161,211 150,203
162,211 151,203
163,211 152,203
164,211 153,203
165,211 154,203
166,211 155,203
166,211 156,203
167,210 157,203
168,210 158,203
169,210 159,203
170,210 160,203
170,210 161,203
171,210 162,203
172,210 163,203
173,210 164,203
174,210 165,203
175,210 166,203
175,210 167,203
176,210 168,203
177,210 169,203
178,210 170,203
179,210 171,203
179,210 172,203
180,210 173,203
181,210 174,203
182,210 175,203
183,209 176,203
184,209 177,203
184,209 178,203
185,209 179,203
186,209 180,203
187,209 181,203
188,209 182,203
189,209 183,203
139,212 122,204
139,212 123,204
140,213 124,204
141,213 125,204
142,213 126,204
143,213 127,204
143,213 128,204
144,213 129,204
145,213 130,204
146,213 131,204
147,213 132,204
147,213 133,204
148,213 134,204
149,212 135,204
150,212 136,204
151,212 137,204
152,212 138,204
152,212 139,204
153,212 140,204
154,212 141,204
155,212 142,204
156,212 143,204
156,212 144,204
157,212 145,204
158,212 146,204
159,212 147,204
160,212 148,204
161,212 149,204
161,212 150,204
162,212 151,204
163,212 152,204
164,212 153,204
165,212 154,204
165,212 155,204
166,212 156,204
167,211 157,204
168,211 158,204
169,211 159,204
170,211 160,204
170,211 161,204
171,211 162,204
172,211 163,204
173,211 164,204
174,211 165,204
174,211 166,204
175,211 167,204
176,211 168,204
177,211 169,204
178,211 170,204
179,211 171,204
179,211 172,204
180,211 173,204
181,211 174,204
182,211 175,204
183,210 176,204
183,210 177,204
184,210 178,204
185,210 179,204
186,210 180,204
187,210 181,204
188,210 182,204
139,213 122,205
139,213 123,205
140,214 124,205
141,214 125,205
142,214 126,205
143,214 127,205
143,214 128,205
144,214 129,205
145,214 130,205
146,214 131,205
147,214 132,205
147,214 133,205
148,214 134,205
149,213 135,205
150,213 136,205
151,213 137,205
152,213 138,205
152,213 139,205
153,213 140,205
154,213 141,205
155,213 142,205
156,213 143,205
156,213 144,205
157,213 145,205
158,213 146,205
159,213 147,205
160,213 148,205
160,213 149,205
161,213 150,205
162,213 151,205
163,213 152,205
164,213 153,205
165,213 154,205
165,213 155,205
166,213 156,205
167,212 157,205
168,212 158,205
169,212 159,205
169,212 160,205
170,212 161,205
171,212 162,205
172,212 163,205
173,212 164,205
173,212 165,205
174,212 166,205
175,212 167,205
176,212 168,205
177,212 169,205
178,212 170,205
178,212 171,205
179,212 172,205
180,212 173,205
181,212 174,205
182,212 175,205
182,212 176,205
183,211 177,205
184,211 178,205
185,211 179,205
186,211 180,205
187,211 181,205
139,213 122,206
139,213 123,206
140,214 124,206
141,214 125,206
142,214 126,206
143,214 127,206
144,214 128,206
144,214 129,206
145,214 130,206
146,214 131,206
147,214 132,206
148,214 133,206
149,213 134,206
149,213 135,206
150,213 136,206
151,213 137,206
152,213 138,206
153,213 139,206
154,213 140,206
155,213 141,206
155,213 142,206
156,213 143,206
157,213 144,206
158,213 145,206
159,213 146,206
160,213 147,206
160,213 148,206
161,213 149,206
162,213 150,206
163,213 151,206
164,213 152,206
165,213 153,206
165,213 154,206
166,213 155,206
167,212 156,206
168,212 157,206
169,212 158,206
170,212 159,206
171,212 160,206
171,212 161,206
172,212 162,206
173,212 163,206
174,212 164,206
175,212 165,206
176,212 166,206
176,212 167,206
177,212 168,206
178,212 169,206
179,212 170,206
180,212 171,206
181,212 172,206
181,212 173,206
182,212 174,206
183,211 175,206
184,211 176,206
185,211 177,206
186,211 178,206
187,211 179,206
138,213 122,207
138,213 123,207
139,214 124,207
140,215 125,207
141,215 126,207
142,215 127,207
143,215 128,207
144,215 129,207
144,215 130,207
145,215 131,207
146,215 132,207
147,215 133,207
148,215 134,207
149,214 135,207
150,214 136,207
150,214 137,207
151,214 138,207
152,214 139,207
153,214 140,207
154,214 141,207
155,214 142,207
156,214 143,207
156,214 144,207
157,214 145,207
158,214 146,207
159,214 147,207
160,214 148,207
161,214 149,207
162,214 150,207
162,214 151,207
163,214 152,207
164,214 153,207
165,214 154,207
166,214 155,207
167,213 156,207
168,213 157,207
168,213 158,207
169,213 159,207
170,213 160,207
171,213 161,207
172,213 162,207
173,213 163,207
174,213 164,207
174,213 165,207
175,213 166,207
176,213 167,207
177,213 168,207
178,213 169,207
179,213 170,207
180,213 171,207
180,213 172,207
181,213 173,207
182,213 174,207
183,212 175,207
184,212 176,207
185,212 177,207
186,212 178,207
138,214 123,208
138,214 124,208
139,215 125,208
140,216 126,208
141,216 127,208
142,216 128,208
143,216 129,208
144,216 130,208
145,216 131,208
145,216 132,208
146,216 133,208
147,216 134,208
148,216 135,208
149,215 136,208
150,215 137,208
151,215 138,208
152,215 139,208
153,215 140,208
153,215 141,208
154,215 142,208
155,215 143,208
156,215 144,208
157,215 145,208
158,215 146,208
159,215 147,208
160,215 148,208
161,215 149,208
161,215 150,208
162,215 151,208
163,215 152,208
164,215 153,208
165,215 154,208
166,215 155,208
167,214 156,208
168,214 157,208
169,214 158,208
169,214 159,208
170,214 160,208
171,214 161,208
172,214 162,208
173,214 163,208
174,214 164,208
175,214 165,208
176,214 166,208
177,214 167,208
177,214 168,208
178,214 169,208
179,214 170,208
180,214 171,208
181,214 172,208
182,214 173,208
183,213 174,208
184,213 175,208
185,213 176,208
138,215 123,209
138,215 124,209
139,216 125,209
140,217 126,209
141,217 127,209
142,217 128,209
143,217 129,209
144,217 130,209
145,217 131,209
145,217 132,209
146,217 133,209
147,217 134,209
148,217 135,209
149,216 136,209
150,216 137,209
151,216 138,209
152,216 139,209
153,216 140,209
153,216 141,209
154,216 142,209
155,216 143,209
156,216 144,209
157,216 145,209
158,216 146,209
159,216 147,209
160,216 148,209
161,216 149,209
161,216 150,209
162,216 151,209
163,216 152,209
164,216 153,209
165,216 154,209
166,216 155,209
167,215 156,209
168,215 157,209
168,215 158,209
169,215 159,209
170,215 160,209
171,215 161,209
172,215 162,209
173,215 163,209
174,215 164,209
175,215 165,209
176,215 166,209
176,215 167,209
177,215 168,209
178,215 169,209
179,215 170,209
180,215 171,209
181,215 172,209
182,215 173,209
183,214 174,209
184,214 175,209
137,215 123,210
137,215 124,210
138,216 125,210
139,217 126,210
140,218 127,210
141,218 128,210
142,218 129,210
143,218 130,210
144,218 131,210
145,218 132,210
146,218 133,210
147,218 134,210
148,218 135,210
148,218 136,210
149,217 137,210
150,217 138,210
151,217 139,210
152,217 140,210
153,217 141,210
154,217 142,210
155,217 143,210
156,217 144,210
157,217 145,210
158,217 146,210
159,217 147,210
160,217 148,210
160,217 149,210
161,217 150,210
162,217 151,210
163,217 152,210
164,217 153,210
165,217 154,210
166,217 155,210
167,216 156,210
168,216 157,210
169,216 158,210
170,216 159,210
171,216 160,210
171,216 161,210
172,216 162,210
173,216 163,210
174,216 164,210
175,216 165,210
176,216 166,210
177,216 167,210
178,216 168,210
179,216 169,210
180,216 170,210
181,216 171,210
182,216 172,210
183,215 173,210
137,216 123,211
137,216 124,211
138,217 125,211
139,218 126,211
140,219 127,211
141,219 128,211
142,219 129,211
143,219 130,211
144,219 131,211
145,219 132,211
145,219 133,211
146,219 134,211
147,219 135,211
148,219 136,211
149,218 137,211
150,218 138,211
151,218 139,211
152,218 140,211
153,218 141,211
154,218 142,211
154,218 143,211
155,218 144,211
156,218 145,211
157,218 146,211
158,218 147,211
159,218 148,211
160,218 149,211
161,218 150,211
162,218 151,211
163,218 152,211
163,218 153,211
164,218 154,211
165,218 155,211
166,218 156,211
167,217 157,211
168,217 158,211
169,217 159,211
170,217 160,211
171,217 161,211
172,217 162,211
172,217 163,211
173,217 164,211
174,217 165,211
175,217 166,211
176,217 167,211
177,217 168,211
178,217 169,211
179,217 170,211
180,217 171,211
181,217 172,211
137,217 123,212
137,217 124,212
138,218 125,212
139,219 126,212
140,220 127,212
141,220 128,212
142,220 129,212
143,220 130,212
144,220 131,212
145,220 132,212
146,220 133,212
147,220 134,212
147,220 135,212
148,220 136,212
149,219 137,212
150,219 138,212
151,219 139,212
152,219 140,212
153,219 141,212
154,219 142,212
155,219 143,212
156,219 144,212
157,219 145,212
158,219 146,212
158,219 147,212
159,219 148,212
160,219 149,212
161,219 150,212
162,219 151,212
163,219 152,212
164,219 153,212
165,219 154,212
166,219 155,212
167,218 156,212
168,218 157,212
168,218 158,212
169,218 159,212
170,218 160,212
171,218 161,212
172,218 162,212
173,218 163,212
174,218 164,212
175,218 165,212
176,218 166,212
177,218 167,212
178,218 168,212
179,218 169,212
136,217 123,213
136,217 124,213
137,218 125,213
138,219 126,213
139,220 127,213
140,221 128,213
141,221 129,213
142,221 130,213
143,221 131,213
144,221 132,213
145,221 133,213
146,221 134,213
147,221 135,213
148,221 136,213
149,220 137,213
150,220 138,213
151,220 139,213
152,220 140,213
153,220 141,213
154,220 142,213
155,220 143,213
156,220 144,213
157,220 145,213
158,220 146,213
159,220 147,213
160,220 148,213
161,220 149,213
162,220 150,213
163,220 151,213
164,220 152,213
165,220 153,213
166,220 154,213
167,219 155,213
168,219 156,213
169,219 157,213
170,219 158,213
171,219 159,213
172,219 160,213
173,219 161,213
174,219 162,213
175,219 163,213
176,219 164,213
177,219 165,213
178,219 166,213
136,218 122,213
136,218 123,214
137,219 124,214
138,220 125,214
139,221 126,214
141,222 127,214
142,222 128,214
143,222 129,214
144,222 130,214
145,222 131,214
146,222 132,214
147,222 133,214
148,222 134,214
149,221 135,214
150,221 136,214
150,221 137,214
151,221 138,214
152,221 139,214
153,221 140,214
154,221 141,214
155,221 142,214
156,221 143,214
157,221 144,214
158,221 145,214
159,221 146,214
160,221 147,214
161,221 148,214
162,221 149,214
163,221 150,214
163,221 151,214
164,221 152,214
165,221 153,214
166,221 154,214
167,220 155,214
168,220 156,214
169,220 157,214
170,220 158,214
171,220 159,214
172,220 160,214
173,220 161,214
174,220 162,214
175,220 163,214
176,220 164,214
135,218 122,214
135,218 123,215
136,219 124,215
137,220 125,215
138,221 126,215
145,223 127,215
146,223 128,215
147,223 129,215
147,223 130,215
148,223 131,215
149,222 132,215
150,222 133,215
151,222 134,215
152,222 135,215
153,222 136,215
154,222 137,215
154,222 138,215
155,222 139,215
156,222 140,215
157,222 141,215
158,222 142,215
159,222 143,215
160,222 144,215
160,222 145,215
161,222 146,215
162,222 147,215
163,222 148,215
164,222 149,215
165,222 150,215
166,222 151,215
167,221 152,215
167,221 153,215
168,221 154,215
169,221 155,215
170,221 156,215
171,221 157,215
172,221 158,215
173,221 159,215
174,221 160,215
135,219 122,215
135,219 124,216
136,220 125,216
149,223 126,216
150,223 127,216
150,223 128,216
151,223 129,216
152,223 130,216
153,223 131,216
153,223 132,216
154,223 133,216
155,223 134,216
156,223 135,216
156,223 136,216
157,223 137,216
158,223 138,216
159,223 139,216
159,223 140,216
160,223 141,216
161,223 142,216
162,223 143,216
162,223 144,216
163,223 145,216
164,223 146,216
165,223 147,216
165,223 148,216
166,223 149,216
167,222 150,216
168,222 151,216
168,222 152,216
169,222 153,216
170,222 154,216
171,222 155,216
172,222 156,216
135,220 129,217
134,219 129,217
149,224 130,217
150,224 131,217
151,224 132,217
152,224 133,217
153,224 134,217
154,224 135,217
155,224 136,217
156,224 137,217
157,224 138,217
158,224 139,217
159,224 140,217
160,224 141,217
161,224 142,217
162,224 143,217
163,224 144,217
164,224 145,217
165,224 146,217
166,224 147,217
167,223 148,217
168,223 149,217
169,223 150,217
