219,227 224,218
220,226 224,218
221,225 224,217
221,224 224,216
222,223 224,215
223,222 224,214
223,221 224,213
224,220 225,212
225,219 225,211
225,218 225,211
226,217 225,210
226,216 225,209
226,215 226,208
226,214 226,207
226,213 226,206
226,212 227,205
226,211 227,204
220,227 224,218
221,226 224,218
222,225 224,217
222,224 224,216
223,223 224,215
224,222 224,214
224,221 224,213
225,220 225,212
226,219 225,211
226,218 225,211
227,217 225,210
227,216 225,209
227,215 226,208
227,214 226,207
227,213 226,206
227,212 227,205
227,211 227,204
221,227 224,218
222,226 224,218
223,225 224,217
223,224 224,216
224,223 224,215
225,222 224,214
225,221 224,213
226,220 225,212
227,219 225,211
227,218 225,211
228,217 225,210
228,216 225,209
228,215 226,208
228,214 226,207
228,213 226,206
228,212 227,205
228,211 227,204
222,227 224,218
223,226 224,218
224,225 224,217
224,224 224,216
225,223 224,215
226,222 224,214
226,221 224,213
227,220 225,212
228,219 225,211
228,218 225,211
229,217 225,210
229,216 225,209
229,215 226,208
229,214 226,207
229,213 226,206
229,212 227,205
229,211 227,204
223,227 224,218
224,226 224,218
225,225 224,217
225,224 224,216
226,223 224,215
227,222 224,214
227,221 224,214
228,220 224,213
229,219 225,212
229,218 225,211
230,217 225,210
230,216 225,209
230,215 225,209
230,214 226,208
230,213 226,207
230,212 226,206
230,211 227,205
229,210 227,204
224,227 224,218
225,226 224,218
226,225 224,217
226,224 224,216
227,223 224,215
228,222 224,214
228,221 224,214
229,220 224,213
230,219 225,212
230,218 225,211
231,217 225,210
231,216 225,209
231,215 225,209
231,214 226,208
231,213 226,207
231,212 226,206
231,211 227,205
230,210 227,204
226,226 224,218
227,225 224,218
227,224 224,217
228,223 224,216
229,222 224,215
229,221 224,214
230,220 224,213
231,219 225,212
231,218 225,211
232,217 225,211
232,216 225,210
232,215 225,209
232,214 226,208
232,213 226,207
232,212 226,206
232,211 227,205
231,210 227,204
228,225 224,218
228,224 224,218
229,223 224,217
230,222 224,216
230,221 224,215
231,220 224,214
232,219 224,213
232,218 225,212
233,217 225,211
233,216 225,210
233,215 225,209
233,214 226,208
233,213 226,207
233,212 226,206
233,211 227,205
232,210 227,204
229,225 224,218
229,224 224,218
230,223 224,217
231,222 224,216
231,221 224,215
232,220 224,214
233,219 224,213
233,218 225,212
234,217 225,211
234,216 225,210
234,215 225,209
234,214 226,208
234,213 226,207
234,212 226,206
234,211 227,205
233,210 227,204
230,224 224,218
231,223 224,218
232,222 224,217
232,221 224,216
233,220 224,215
234,219 224,214
234,218 224,213
235,217 225,212
235,216 225,211
235,215 225,210
235,214 225,209
235,213 226,208
235,212 226,207
235,211 226,206
234,210 227,205
233,209 227,204
231,224 224,218
232,223 224,218
233,222 224,217
233,221 224,216
234,220 224,215
235,219 224,214
235,218 224,213
236,217 225,212
236,216 225,211
236,215 225,210
236,214 225,209
236,213 226,208
236,212 226,207
236,211 226,206
235,210 227,205
234,209 227,204
232,224 224,218
233,223 224,218
234,222 224,217
234,221 224,216
235,220 224,215
236,219 224,214
236,218 224,213
237,217 225,212
237,216 225,211
237,215 225,210
237,214 225,209
237,213 226,208
237,212 226,207
237,211 226,206
236,210 227,205
235,209 227,204
234,223 224,218
235,222 224,217
235,221 224,216
236,220 224,215
237,219 224,214
237,218 224,213
238,217 225,212
238,216 225,211
238,215 225,210
238,214 225,209
238,213 226,208
238,212 226,207
238,211 226,206
237,210 227,205
236,209 227,204
236,222 224,218
236,221 224,217
237,220 224,216
238,219 224,215
238,218 224,214
239,217 224,213
239,216 225,212
239,215 225,211
239,214 225,210
239,213 225,209
239,212 226,208
239,211 226,207
238,210 226,206
237,209 227,205
236,208 227,204
237,221 224,218
237,221 224,217
238,220 224,216
239,219 224,215
239,218 224,214
240,217 224,213
240,216 225,212
240,215 225,211
240,214 225,210
240,213 225,209
240,212 226,208
240,211 226,207
239,210 226,206
238,209 227,205
237,208 227,204
238,221 224,218
238,221 224,217
239,220 224,216
240,219 224,215
240,218 224,214
241,217 224,213
241,216 225,212
241,215 225,211
241,214 225,210
241,213 225,209
241,212 226,208
241,211 226,207
240,210 226,206
239,209 227,205
238,208 227,204
241,219 224,218
241,219 224,217
241,218 224,216
242,217 224,215
242,216 224,214
242,216 224,213
242,215 225,212
242,214 225,211
242,213 225,210
242,212 225,209
242,212 226,208
242,211 226,207
241,210 226,206
240,209 227,205
239,208 227,204
242,218 224,218
242,218 224,217
243,217 224,216
243,216 224,215
243,215 224,214
243,215 224,213
243,214 225,212
243,213 225,211
243,212 225,210
243,211 225,209
243,211 226,208
242,210 226,207
241,209 226,206
240,208 227,205
239,207 227,204
243,218 224,218
243,218 224,217
244,217 224,216
244,216 224,215
244,215 224,214
244,215 224,213
244,214 225,212
244,213 225,211
244,212 225,210
244,211 225,209
244,211 226,208
243,210 226,207
242,209 226,206
241,208 227,205
240,207 227,204
245,216 224,218
245,216 224,217
245,215 224,216
245,215 224,215
245,214 224,214
245,213 224,213
245,213 225,212
245,212 225,211
245,211 225,210
245,211 225,209
244,210 226,208
243,209 226,207
243,209 226,206
242,208 227,205
241,207 227,204
246,215 224,218
246,215 224,217
246,214 224,216
246,214 224,215
246,213 224,214
246,213 224,213
246,212 225,212
246,211 225,211
246,211 225,210
245,210 225,209
245,210 226,208
244,209 226,207
244,209 226,206
243,208 227,205
242,207 227,204
247,215 224,218
247,215 224,217
247,214 224,216
247,214 224,215
247,213 224,214
247,212 224,213
247,212 225,212
247,211 225,211
246,210 225,210
246,210 225,209
245,209 226,208
244,208 226,207
244,208 226,206
243,207 227,205
242,206 227,204
248,214 224,218
248,214 224,217
248,213 224,216
248,213 224,215
248,212 224,214
248,212 224,213
248,211 225,212
247,210 225,211
247,210 225,210
246,209 225,209
246,209 226,208
245,208 226,207
245,208 226,206
244,207 227,205
243,206 227,204
249,213 224,218
249,213 224,217
249,212 224,216
249,212 224,215
249,211 224,214
249,211 224,213
248,210 225,212
248,210 225,211
247,209 225,210
247,209 225,209
246,208 226,208
246,208 226,207
245,207 226,206
245,207 227,205
244,206 227,204
250,212 224,218
250,212 224,217
250,211 224,216
250,211 224,215
249,210 224,214
249,210 224,213
248,209 225,212
248,209 225,211
247,208 225,210
247,208 225,209
246,207 226,208
246,207 226,207
245,206 226,206
245,206 227,205
244,205 227,204
251,211 224,218
251,211 224,217
251,211 224,216
250,210 224,215
250,210 224,214
249,209 224,213
249,209 225,212
248,208 225,211
248,208 225,210
248,208 225,209
247,207 226,208
247,207 226,207
246,206 226,206
246,206 227,205
245,205 227,204
251,210 224,218
251,210 224,217
251,210 224,216
250,209 224,215
250,209 224,214
250,209 224,213
249,208 225,212
249,208 225,211
249,208 225,210
248,207 225,209
248,207 226,208
248,207 226,207
247,206 226,206
247,206 227,205
246,205 227,204
252,210 224,218
252,210 224,217
252,210 224,216
251,209 224,215
251,209 224,214
250,208 224,213
250,208 225,212
249,207 225,211
249,207 225,210
249,207 225,209
248,206 226,208
248,206 226,207
247,205 226,206
247,205 227,205
246,204 227,204
252,209 224,218
252,209 224,217
252,209 224,216
251,208 224,215
251,208 224,214
251,208 224,213
250,207 225,212
250,207 225,211
250,207 225,210
249,206 225,209
249,206 226,208
249,206 226,207
248,205 226,206
248,205 227,205
247,204 227,204
253,209 224,218
253,209 224,217
253,209 224,216
252,208 224,215
252,208 224,214
252,208 224,213
251,207 225,212
251,207 225,211
251,207 225,210
250,206 225,209
250,206 226,208
250,206 226,207
249,205 226,206
249,205 227,205
248,204 227,204
253,208 224,218
253,208 224,217
253,208 224,216
252,207 224,215
252,207 224,214
252,207 224,213
251,206 225,212
251,206 225,211
251,206 225,210
250,205 225,209
250,205 226,208
250,205 226,207
249,204 226,206
249,204 227,205
248,203 227,204
254,208 224,218
254,208 224,217
254,208 224,216
253,207 224,215
253,207 224,214
253,207 224,213
252,206 225,212
252,206 225,211
252,206 225,210
251,205 225,209
251,205 226,208
251,205 226,207
250,204 226,206
250,204 227,205
249,203 227,204
254,207 224,218
254,207 224,217
254,207 224,216
253,206 224,215
253,206 224,214
253,206 224,213
252,205 225,212
252,205 225,211
252,205 225,210
251,204 225,209
251,204 226,208
251,204 226,207
250,203 226,206
250,203 227,205
249,202 227,204
255,207 224,218
255,207 224,217
255,207 224,216
254,206 224,215
254,206 224,214
254,206 224,213
253,205 225,212
253,205 225,211
253,205 225,210
252,204 225,209
252,204 226,208
252,204 226,207
251,203 226,206
251,203 227,205
250,202 227,204
255,206 224,218
255,206 224,217
255,206 224,216
255,206 224,215
254,205 224,214
254,205 224,213
254,205 225,212
253,204 225,211
253,204 225,210
253,204 225,209
253,204 226,208
252,203 226,207
252,203 226,206
252,203 227,205
251,202 227,204
256,206 224,218
256,206 224,217
256,206 224,216
255,205 224,215
255,205 224,214
255,205 224,213
254,204 225,212
254,204 225,211
254,204 225,210
253,203 225,209
253,203 226,208
253,203 226,207
252,202 226,206
252,202 227,205
251,201 227,204
256,205 224,218
256,205 224,217
256,205 224,216
256,205 224,215
255,204 224,214
255,204 224,213
255,204 225,212
254,203 225,211
254,203 225,210
254,203 225,209
254,203 226,208
253,202 226,207
253,202 226,206
253,202 227,205
252,201 227,204
256,204 224,218
256,204 224,217
256,204 224,216
256,204 224,215
255,203 224,214
255,203 224,213
255,203 225,212
254,202 225,211
254,202 225,210
254,202 225,209
254,202 226,208
253,201 226,207
253,201 226,206
253,201 227,205
252,200 227,204
257,204 224,218
257,204 224,217
257,204 224,216
257,204 224,215
256,203 224,214
256,203 224,213
256,203 225,212
255,202 225,211
255,202 225,210
255,202 225,209
255,202 226,208
254,201 226,207
254,201 226,206
254,201 227,205
253,200 227,204
257,203 224,218
257,203 224,217
257,203 224,216
257,203 224,215
256,202 224,214
256,202 224,213
256,202 225,212
255,201 225,211
255,201 225,210
255,201 225,209
255,201 226,208
254,200 226,207
254,200 226,206
254,200 227,205
253,199 227,204
258,203 224,218
258,203 224,217
258,203 224,216
258,203 224,215
257,202 224,214
257,202 224,213
257,202 225,212
256,201 225,211
256,201 225,210
256,201 225,209
256,201 226,208
255,200 226,207
255,200 226,206
255,200 227,205
254,199 227,204
258,202 224,218
258,202 224,217
258,202 224,216
258,202 224,215
257,201 224,214
257,201 224,213
257,201 225,212
256,200 225,211
256,200 225,210
256,200 225,209
256,200 226,208
255,199 226,207
255,199 226,206
255,199 227,205
254,198 227,204
258,201 224,218
258,201 224,217
258,201 224,216
258,201 224,215
258,201 224,214
257,200 224,213
257,200 225,212
257,200 225,211
257,200 225,210
257,200 225,209
256,199 226,208
256,199 226,207
256,199 226,206
256,199 227,205
255,198 227,204
259,201 224,218
259,201 224,217
259,201 224,216
259,201 224,215
258,200 224,214
258,200 224,213
258,200 225,212
257,199 225,211
257,199 225,210
257,199 225,209
257,199 226,208
256,198 226,207
256,198 226,206
256,198 227,205
255,197 227,204
259,200 224,218
259,200 224,217
259,200 224,216
259,200 224,215
259,200 224,214
258,199 224,213
258,199 225,212
258,199 225,211
258,199 225,210
258,199 225,209
257,198 226,208
257,198 226,207
257,198 226,206
257,198 227,205
256,197 227,204
260,200 224,218
260,200 224,217
260,200 224,216
260,200 224,215
259,199 224,214
259,199 224,213
259,199 225,212
258,198 225,211
258,198 225,210
258,198 225,209
258,198 226,208
257,197 226,207
257,197 226,206
257,197 227,205
256,196 227,204
260,199 224,218
260,199 224,217
260,199 224,216
260,199 224,215
260,199 224,214
259,198 224,213
259,198 225,212
259,198 225,211
259,198 225,210
259,198 225,209
258,197 226,208
258,197 226,207
258,197 226,206
258,197 227,205
257,196 227,204
260,198 224,218
260,198 224,217
260,198 224,216
260,198 224,215
260,198 224,214
259,197 224,213
259,197 225,212
259,197 225,211
259,197 225,210
259,197 225,209
258,196 226,208
258,196 226,207
258,196 226,206
258,196 227,205
257,195 227,204
261,198 224,218
261,198 224,217
261,198 224,216
261,198 224,215
260,197 224,214
260,197 224,213
260,197 225,212
259,196 225,211
259,196 225,210
259,196 225,209
259,196 226,208
258,195 226,207
258,195 226,206
258,195 227,205
257,194 227,204
261,197 224,218
261,197 224,217
261,197 224,216
260,196 224,215
260,196 224,214
260,196 224,213
259,195 225,212
259,195 225,211
259,195 225,210
258,194 225,209
258,194 226,208
258,194 226,207
257,193 226,206
257,193 227,205
256,194 227,204
262,197 224,218
262,197 224,217
262,197 224,216
261,196 224,215
261,196 224,214
260,195 224,213
260,195 225,212
259,194 225,211
259,194 225,210
259,194 225,209
258,193 226,208
258,193 226,207
257,192 226,206
257,192 227,205
256,193 227,204
263,197 224,218
263,197 224,217
262,196 224,216
262,196 224,215
261,195 224,214
261,195 224,213
260,194 225,212
259,193 225,211
259,193 225,210
258,192 225,209
258,192 226,208
257,191 226,207
257,191 226,206
256,192 227,205
255,193 227,204
263,196 224,218
263,196 224,217
262,195 224,216
262,195 224,215
261,194 224,214
261,194 224,213
260,193 225,212
259,192 225,211
259,192 225,210
258,191 225,209
258,191 226,208
257,190 226,207
257,190 226,206
256,191 227,205
255,192 227,204
263,195 224,218
263,195 224,217
262,194 224,216
262,194 224,215
261,193 224,214
260,192 224,213
260,192 225,212
259,191 225,211
258,190 225,210
258,190 225,209
257,189 226,208
256,190 226,207
256,190 226,206
255,191 227,205
254,192 227,204
264,195 224,218
264,195 224,217
263,194 224,216
262,193 224,215
261,192 224,214
261,192 224,213
260,191 225,212
259,190 225,211
258,189 225,210
257,188 225,209
257,188 226,208
256,189 226,207
255,190 226,206
254,191 227,205
253,192 227,204
264,194 224,218
264,194 224,217
263,193 224,216
262,192 224,215
261,191 224,214
260,190 224,213
259,189 225,212
258,188 225,211
258,188 225,210
257,187 225,209
256,188 226,208
255,189 226,207
254,190 226,206
253,191 227,205
252,192 227,204
264,193 224,218
264,193 224,217
263,192 224,216
262,191 224,215
261,190 224,214
260,189 224,213
259,188 225,212
258,187 225,211
257,186 225,210
256,187 225,209
255,188 226,208
254,189 226,207
253,190 226,206
252,191 227,205
251,192 227,204
265,193 224,218
264,192 224,218
263,191 224,217
262,190 224,216
261,189 224,215
260,188 224,214
259,187 224,213
258,186 225,212
257,185 225,211
256,186 225,210
255,187 225,209
254,188 226,208
253,189 226,207
252,190 226,206
251,191 227,205
250,192 227,204
265,192 224,218
264,191 224,218
263,190 224,217
262,189 224,216
261,188 224,215
260,187 224,214
259,186 224,213
258,185 225,212
257,184 225,211
256,185 225,210
255,186 225,209
254,187 226,208
253,188 226,207
252,189 226,206
251,190 227,205
250,191 227,204
266,192 224,218
265,191 224,218
264,190 224,217
263,189 224,216
262,188 224,215
261,187 224,214
260,186 224,214
259,185 224,213
258,184 225,212
257,183 225,211
256,184 225,210
255,185 225,209
254,186 225,209
253,187 226,208
252,188 226,207
251,189 226,206
250,190 227,205
249,191 227,204
267,192 224,218
266,191 224,218
265,190 224,217
264,189 224,216
263,188 224,215
262,187 224,215
261,186 224,214
260,185 224,213
259,184 225,212
258,183 225,211
257,182 225,211
256,183 225,210
255,184 225,209
254,185 226,208
253,186 226,208
252,187 226,207
251,188 226,206
250,189 227,205
249,190 227,204
267,191 224,218
266,190 224,218
265,189 224,217
264,188 224,216
263,187 224,215
262,186 224,215
261,185 224,214
260,184 224,213
259,183 225,212
258,182 225,211
257,181 225,211
256,182 225,210
255,183 225,209
254,184 226,208
253,185 226,208
252,186 226,207
251,187 226,206
250,188 227,205
249,189 227,204
268,191 224,218
267,190 224,218
266,189 224,217
265,188 224,216
264,187 224,216
263,186 224,215
262,185 224,214
261,184 224,213
260,183 224,213
259,182 225,212
258,181 225,211
257,180 225,210
256,181 225,210
255,182 225,209
254,183 226,208
253,184 226,207
252,185 226,207
251,186 226,206
250,187 227,205
249,188 227,204
269,191 224,218
268,190 224,218
267,189 224,217
266,188 224,216
265,187 224,216
264,186 224,215
263,185 224,214
262,184 224,214
261,183 224,213
260,182 225,212
259,181 225,211
258,180 225,211
257,179 225,210
256,180 225,209
255,181 225,209
254,182 226,208
253,183 226,207
252,184 226,207
251,185 226,206
250,186 227,205
249,187 227,204
269,190 224,218
268,189 224,218
267,188 224,217
266,187 224,216
265,186 224,216
264,185 224,215
263,184 224,214
262,183 224,214
261,182 224,213
260,181 225,212
259,180 225,211
258,179 225,211
257,178 225,210
256,179 225,209
255,180 225,209
254,181 226,208
253,182 226,207
252,183 226,207
251,184 226,206
250,185 227,205
249,186 227,204
270,190 224,218
269,189 224,218
268,188 224,217
267,187 224,216
266,186 224,216
265,185 224,215
264,184 224,214
263,183 224,214
262,182 224,213
261,181 225,212
260,180 225,211
259,179 225,211
258,178 225,210
257,177 225,209
256,178 225,209
255,179 226,208
254,180 226,207
253,181 226,207
252,182 226,206
251,183 227,205
250,184 227,204
270,189 224,218
269,188 224,218
268,187 224,217
267,186 224,216
266,185 224,216
265,184 224,215
264,183 224,214
263,182 224,213
262,181 224,213
261,180 225,212
260,179 225,211
259,178 225,210
258,177 225,210
257,176 225,209
256,177 226,208
255,178 226,207
254,179 226,207
253,180 226,206
252,181 227,205
251,182 227,204
270,188 224,218
269,187 224,218
268,186 224,217
267,185 224,216
266,184 224,216
265,183 224,215
264,182 224,214
263,181 224,214
262,180 224,213
261,179 225,212
260,178 225,211
259,177 225,211
258,176 225,210
257,175 225,209
256,176 225,209
255,177 226,208
254,178 226,207
253,179 226,207
252,180 226,206
251,181 227,205
250,182 227,204
271,188 224,218
270,187 224,218
269,186 224,217
268,185 224,216
267,184 224,216
266,183 224,215
265,182 224,214
264,181 224,214
263,180 224,213
262,179 225,212
261,178 225,212
260,177 225,211
259,176 225,210
258,175 225,210
257,174 225,209
256,175 226,208
255,176 226,208
254,177 226,207
253,178 226,206
252,179 226,206
251,180 227,205
250,181 227,204
271,187 224,218
270,186 224,218
269,185 224,217
268,184 224,217
267,183 224,216
266,182 224,215
265,181 224,215
264,180 224,214
263,179 224,213
262,178 224,213
261,177 225,212
260,176 225,211
259,175 225,211
258,174 225,210
257,173 225,210
256,174 225,209
255,175 226,208
254,176 226,208
253,177 226,207
252,178 226,206
251,179 226,206
250,180 227,205
249,181 227,204
271,186 224,218
270,185 224,218
269,184 224,217
268,183 224,217
267,182 224,216
266,181 224,215
265,180 224,215
264,179 224,214
263,178 224,213
262,177 224,213
261,176 225,212
260,175 225,211
259,174 225,211
258,173 225,210
257,172 225,210
256,173 225,209
255,174 226,208
254,175 226,208
253,176 226,207
252,177 226,206
251,178 226,206
250,179 227,205
249,180 227,204
272,186 224,218
271,185 224,218
270,184 224,217
269,183 224,217
268,182 224,216
267,181 224,215
266,180 224,215
265,179 224,214
264,178 224,214
263,177 224,213
262,176 225,212
261,175 225,212
260,174 225,211
259,173 225,211
258,172 225,210
257,171 225,209
256,172 225,209
255,173 226,208
254,174 226,208
253,175 226,207
252,176 226,206
251,177 226,206
250,178 227,205
249,179 227,204
272,185 224,218
271,184 224,218
270,183 224,217
269,182 224,217
268,181 224,216
267,180 224,215
266,179 224,215
265,178 224,214
264,177 224,214
263,176 224,213
262,175 225,212
261,174 225,212
260,173 225,211
259,172 225,211
258,171 225,210
257,170 225,209
256,171 225,209
255,172 226,208
254,173 226,208
253,174 226,207
252,175 226,206
251,176 226,206
250,177 227,205
249,178 227,204
273,185 224,218
272,184 224,218
271,183 224,217
270,182 224,217
269,181 224,216
268,180 224,215
267,179 224,215
266,178 224,214
265,177 224,213
264,176 224,213
263,175 225,212
262,174 225,211
261,173 225,211
260,172 225,210
259,171 225,210
258,170 225,209
257,169 226,208
256,170 226,208
255,171 226,207
254,172 226,206
253,173 226,206
252,174 227,205
249,177 227,204
274,185 224,218
273,184 224,218
272,183 224,217
271,182 224,217
270,181 224,216
269,180 224,215
268,179 224,215
267,178 224,214
266,177 224,214
265,176 224,213
264,175 225,212
263,174 225,212
262,173 225,211
261,172 225,211
260,171 225,210
259,170 225,209
258,169 225,209
257,168 226,208
256,169 226,208
255,170 226,207
254,171 226,206
253,172 226,206
252,173 227,205
249,176 227,204
275,185 224,218
274,184 224,218
273,183 224,217
272,182 224,217
271,181 224,216
270,180 224,216
269,179 224,215
268,178 224,214
267,177 224,214
266,176 224,213
265,175 224,213
264,174 225,212
263,173 225,211
262,172 225,211
261,171 225,210
260,170 225,210
259,169 225,209
258,168 225,209
257,167 226,208
256,168 226,207
255,169 226,207
254,170 226,206
253,171 226,206
252,172 227,205
251,173 227,204
276,185 224,218
275,184 224,218
274,183 224,217
273,182 224,217
272,181 224,216
271,180 224,216
270,179 224,215
269,178 224,215
268,177 224,214
267,176 224,213
266,175 224,213
265,174 225,212
264,173 225,212
263,172 225,211
262,171 225,211
261,170 225,210
260,169 225,210
259,168 225,209
258,167 226,208
257,166 226,208
256,167 226,207
255,168 226,207
254,169 226,206
253,170 226,206
252,171 227,205
251,172 227,204
277,185 224,218
276,184 224,218
275,183 224,217
274,182 224,217
273,181 224,216
272,180 224,216
271,179 224,215
270,178 224,215
269,177 224,214
268,176 224,213
267,175 224,213
266,174 225,212
265,173 225,212
264,172 225,211
263,171 225,211
262,170 225,210
261,169 225,210
260,168 225,209
259,167 226,208
258,166 226,208
257,165 226,207
256,166 226,207
255,167 226,206
254,168 226,206
253,169 227,205
252,170 227,204
277,184 224,218
276,183 224,218
275,182 224,217
274,181 224,217
273,180 224,216
272,179 224,216
271,178 224,215
270,177 224,215
269,176 224,214
268,175 224,214
267,174 224,213
266,173 224,213
265,172 225,212
264,171 225,211
263,170 225,211
262,169 225,210
261,168 225,210
260,167 225,209
259,166 225,209
258,165 226,208
257,164 226,208
256,165 226,207
255,166 226,207
254,167 226,206
253,168 226,206
252,169 227,205
251,170 227,204
278,184 224,218
277,183 224,218
276,182 224,217
275,181 224,217
274,180 224,216
273,179 224,216
272,178 224,215
271,177 224,215
270,176 224,214
269,175 224,214
268,174 224,213
267,173 224,213
266,172 225,212
265,171 225,212
264,170 225,211
263,169 225,211
262,168 225,210
261,167 225,210
260,166 225,209
259,165 225,209
258,164 226,208
257,163 226,208
256,164 226,207
255,165 226,207
254,166 226,206
253,167 226,206
252,168 227,205
251,169 227,204
278,183 224,218
277,182 224,218
276,181 224,217
275,180 224,217
274,179 224,216
273,178 224,216
272,177 224,215
271,176 224,215
270,175 224,214
269,174 224,214
268,173 224,213
267,172 224,213
266,171 225,212
265,170 225,212
264,169 225,211
263,168 225,211
262,167 225,210
261,166 225,210
260,165 225,209
259,164 225,209
258,163 226,208
257,162 226,208
256,163 226,207
255,164 226,207
254,165 226,206
253,166 226,206
252,167 227,205
251,168 227,204
279,183 224,218
278,182 224,218
277,181 224,217
276,180 224,217
275,179 224,216
274,178 224,216
273,177 224,215
272,176 224,215
271,175 224,214
270,174 224,214
269,173 224,213
268,172 224,213
267,171 225,212
266,170 225,212
265,169 225,211
264,168 225,211
263,167 225,210
262,166 225,210
261,165 225,209
260,164 225,209
259,163 226,208
258,162 226,208
257,161 226,207
256,162 226,207
255,163 226,206
254,164 226,206
253,165 227,205
252,166 227,204
279,182 224,218
278,181 224,218
277,180 224,217
276,179 224,217
275,178 224,216
274,177 224,216
273,176 224,215
272,175 224,215
271,174 224,214
270,173 224,214
269,172 224,213
268,171 224,213
267,170 225,212
266,169 225,211
265,168 225,211
264,167 225,210
263,166 225,210
262,165 225,209
261,164 225,209
260,163 226,208
259,162 226,208
258,161 226,207
257,160 226,207
256,161 226,206
255,162 226,206
253,164 227,205
252,165 227,204
279,181 224,218
278,180 224,218
277,179 224,217
276,178 224,217
275,177 224,216
274,176 224,215
273,175 224,215
272,174 224,214
269,171 224,214
268,170 224,213
267,169 225,212
266,168 225,212
265,167 225,211
264,166 225,211
263,165 225,210
262,164 225,209
261,163 225,209
260,162 226,208
259,161 226,208
258,160 226,207
257,159 226,206
256,160 226,206
255,161 227,205
253,163 227,204
279,180 224,218
278,179 224,218
277,178 224,217
276,177 224,217
275,176 224,216
274,175 224,215
273,174 224,215
272,173 224,214
268,169 224,213
267,168 224,213
266,167 225,212
265,166 225,211
264,165 225,211
263,164 225,210
262,163 225,210
261,162 225,209
260,161 226,208
259,160 226,208
258,159 226,207
257,158 226,206
256,159 226,206
255,160 227,205
252,163 227,204
278,178 224,218
277,177 224,218
276,176 224,217
275,175 224,216
274,174 224,216
273,173 224,215
268,168 224,214
267,167 224,214
266,166 224,213
265,165 225,212
264,164 225,211
263,163 225,211
262,162 225,210
261,161 225,209
260,160 225,209
259,159 226,208
258,158 226,207
257,157 226,207
256,158 226,206
255,159 227,205
252,162 227,204
276,175 224,218
275,174 224,218
274,173 224,217
273,172 224,216
268,167 224,215
267,166 224,214
266,165 224,214
265,164 224,213
264,163 225,212
263,162 225,211
262,161 225,210
261,160 225,209
260,159 225,209
259,158 226,208
258,157 226,207
257,156 226,206
256,157 227,205
255,158 227,204
276,174 224,218
273,171 224,218
268,166 224,217
267,165 224,216
266,164 224,215
265,163 224,214
264,162 224,213
263,161 225,212
262,160 225,211
261,159 225,211
260,158 225,210
259,157 225,209
258,156 226,208
257,155 226,207
256,156 226,206
255,157 227,205
254,158 227,204
276,173 224,218
269,166 224,218
268,165 224,217
267,164 224,216
266,163 224,215
265,162 224,214
264,161 224,213
263,160 225,212
262,159 225,211
261,158 225,211
260,157 225,210
259,156 225,209
258,155 226,208
257,154 226,207
256,155 226,206
255,156 227,205
254,157 227,204
270,166 224,218
269,165 224,218
268,164 224,217
267,163 224,216
266,162 224,215
265,161 224,214
264,160 224,214
263,159 224,213
262,158 225,212
261,157 225,211
260,156 225,210
259,155 225,209
258,154 225,209
257,153 226,208
256,154 226,207
255,155 226,206
254,156 227,205
253,157 227,204
270,165 224,218
269,164 224,218
268,163 224,217
267,162 224,216
266,161 224,215
265,160 224,214
264,159 224,214
263,158 224,213
262,157 225,212
261,156 225,211
260,155 225,210
259,154 225,209
258,153 225,209
257,152 226,208
256,153 226,207
255,154 226,206
254,155 227,205
253,156 227,204
271,165 224,218
270,164 224,218
269,163 224,217
268,162 224,216
267,161 224,215
266,160 224,215
265,159 224,214
264,158 224,213
263,157 225,212
262,156 225,211
261,155 225,211
260,154 225,210
259,153 225,209
258,152 226,208
257,151 226,208
256,152 226,207
255,153 226,206
254,154 227,205
253,155 227,204
271,164 224,218
270,163 224,218
269,162 224,217
268,161 224,216
267,160 224,215
266,159 224,215
265,158 224,214
264,157 224,213
263,156 225,212
262,155 225,211
261,154 225,211
260,153 225,210
259,152 225,209
258,151 226,208
257,150 226,208
256,151 226,207
255,152 226,206
254,153 227,205
253,154 227,204
271,163 224,218
270,162 224,218
269,161 224,217
268,160 224,216
267,159 224,215
266,158 224,215
265,157 224,214
264,156 224,213
263,155 225,212
262,154 225,211
261,153 225,211
260,152 225,210
259,151 225,209
258,150 226,208
257,149 226,208
256,150 226,207
255,151 226,206
254,152 227,205
253,153 227,204
271,162 224,218
270,161 224,218
269,160 224,217
268,159 224,216
267,158 224,215
266,157 224,214
265,156 224,213
264,155 225,212
263,154 225,211
262,153 225,211
261,152 225,210
260,151 225,209
259,150 226,208
258,149 226,207
257,148 226,206
256,149 227,205
255,150 227,204
272,162 224,218
271,161 224,218
270,160 224,217
269,159 224,216
268,158 224,215
267,157 224,214
266,156 224,214
265,155 224,213
264,154 225,212
263,153 225,211
262,152 225,210
261,151 225,209
260,150 225,209
259,149 226,208
258,148 226,207
257,147 226,206
256,148 227,205
255,149 227,204
272,161 224,218
271,160 224,218
270,159 224,217
269,158 224,216
268,157 224,215
267,156 224,214
266,155 224,214
265,154 224,213
264,153 225,212
263,152 225,211
262,151 225,210
261,150 225,209
260,149 225,209
259,148 226,208
258,147 226,207
257,146 226,206
256,147 227,205
255,148 227,204
271,159 224,218
271,159 224,217
266,154 224,216
265,153 224,215
264,152 224,214
263,151 224,213
262,150 225,212
261,149 225,211
261,149 225,210
260,148 225,209
259,147 226,208
258,146 226,207
257,145 226,206
256,146 227,205
255,147 227,204
267,154 224,218
267,154 224,217
266,153 224,216
265,152 224,215
264,151 224,214
263,150 224,213
262,149 225,212
261,148 225,211
261,148 225,210
260,147 225,209
259,146 226,208
258,145 226,207
257,144 226,206
256,145 227,205
255,146 227,204
267,153 224,218
267,153 224,217
266,152 224,216
265,151 224,215
264,150 224,214
263,149 224,213
262,148 225,212
261,147 225,211
261,147 225,210
260,146 225,209
259,145 226,208
258,144 226,207
257,143 226,206
256,144 227,205
255,145 227,204
268,153 224,218
268,153 224,217
267,152 224,216
266,151 224,215
265,150 224,214
264,149 224,213
263,148 225,212
262,147 225,211
262,147 225,210
261,146 225,209
260,145 226,208
259,144 226,207
258,143 226,206
256,143 227,205
255,144 227,204
268,152 224,218
268,152 224,217
267,151 224,216
267,151 224,215
266,150 224,214
266,150 224,213
265,149 225,212
262,146 225,211
262,146 225,210
261,145 225,209
261,145 226,208
260,144 226,207
260,144 226,206
259,143 227,205
258,142 227,204
269,152 224,218
269,152 224,217
268,151 224,216
267,150 224,215
267,150 224,214
266,149 224,213
265,148 225,212
263,146 225,211
263,146 225,210
262,145 225,209
261,144 226,208
261,144 226,207
260,143 226,206
259,142 227,205
258,141 227,204
269,151 224,218
269,151 224,217
268,150 224,216
267,149 224,215
267,149 224,214
266,148 224,213
265,147 225,212
263,145 225,211
263,145 225,210
262,144 225,209
261,143 226,208
261,143 226,207
260,142 226,206
259,141 227,205
258,140 227,204
267,148 224,218
267,148 224,217
267,148 224,216
266,147 224,215
266,147 224,214
263,144 224,213
263,144 225,212
262,143 225,211
262,143 225,210
262,143 225,209
261,142 226,208
261,142 226,207
259,140 226,206
259,140 227,205
258,139 227,204
257,139 224,218
257,139 224,217
257,139 224,216
257,139 224,215
257,139 224,214
257,139 224,213
257,139 225,212
257,139 225,211
257,139 225,210
257,139 225,209
257,139 226,208
257,139 226,207
257,139 226,206
257,139 227,205
257,139 227,204
