132,151 95,148
132,151 96,148
132,151 97,148
133,151 98,148
133,151 99,148
134,151 100,148
134,151 101,148
135,151 102,148
135,151 103,148
136,151 104,148
136,151 105,148
137,151 106,148
137,151 107,148
138,151 108,148
138,151 109,148
139,151 110,148
139,151 111,148
140,151 112,148
140,151 113,148
141,151 114,148
141,151 115,148
142,151 116,148
142,151 117,148
143,151 118,148
143,151 119,148
144,151 120,148
144,151 121,148
145,151 122,148
145,151 123,148
146,151 124,147
146,151 125,147
147,151 126,147
147,151 127,147
148,151 128,147
148,151 129,147
149,151 130,147
149,151 131,147
150,151 132,147
150,151 133,147
150,151 134,147
151,151 135,147
151,151 136,147
152,151 137,147
152,151 138,147
153,151 139,147
153,151 140,147
154,151 141,147
154,151 142,147
155,151 143,147
155,151 144,147
156,151 145,147
156,151 146,147
157,151 147,147
157,151 148,147
158,151 149,147
158,151 150,147
159,151 151,147
159,151 152,147
160,150 153,147
160,150 154,147
161,150 155,147
161,150 156,147
162,150 157,147
162,150 158,147
163,150 159,147
163,150 160,147
164,150 161,147
164,150 162,147
165,150 163,147
165,150 164,147
166,150 165,147
166,150 166,147
167,150 167,147
167,150 168,147
168,150 169,147
168,150 170,147
168,150 171,147
169,150 172,147
169,150 173,147
170,150 174,147
170,150 175,147
171,150 176,147
171,150 177,147
172,150 178,147
172,150 179,146
173,150 180,146
173,150 181,146
174,150 182,146
174,150 183,146
175,150 184,146
175,150 185,146
176,150 186,146
176,150 187,146
177,150 188,146
177,150 189,146
178,150 190,146
178,150 191,146
179,150 192,146
179,150 193,146
180,150 194,146
180,150 195,146
181,150 196,146
181,150 197,146
182,150 198,146
182,150 199,146
183,150 200,146
183,150 201,146
184,150 202,146
184,150 203,146
185,150 204,146
185,150 205,146
186,150 206,146
132,152 95,148
132,152 96,148
132,152 97,148
133,152 98,148
133,152 99,148
134,152 100,148
134,152 101,148
135,152 102,148
135,152 103,148
136,152 104,148
136,152 105,148
137,152 106,148
137,152 107,148
138,152 108,148
138,152 109,148
139,152 110,148
139,152 111,148
140,152 112,148
140,152 113,148
141,152 114,148
141,152 115,148
142,152 116,148
142,152 117,148
143,152 118,148
143,152 119,148
144,152 120,148
144,152 121,148
145,152 122,148
145,152 123,148
146,152 124,147
146,152 125,147
147,152 126,147
147,152 127,147
148,152 128,147
148,152 129,147
149,152 130,147
149,152 131,147
150,152 132,147
150,152 133,147
150,152 134,147
151,152 135,147
151,152 136,147
152,152 137,147
152,152 138,147
153,152 139,147
153,152 140,147
154,152 141,147
154,152 142,147
155,152 143,147
155,152 144,147
156,152 145,147
156,152 146,147
157,152 147,147
157,152 148,147
158,152 149,147
158,152 150,147
159,152 151,147
159,152 152,147
160,151 153,147
160,151 154,147
161,151 155,147
161,151 156,147
162,151 157,147
162,151 158,147
163,151 159,147
163,151 160,147
164,151 161,147
164,151 162,147
165,151 163,147
165,151 164,147
166,151 165,147
166,151 166,147
167,151 167,147
167,151 168,147
168,151 169,147
168,151 170,147
168,151 171,147
169,151 172,147
169,151 173,147
170,151 174,147
170,151 175,147
171,151 176,147
171,151 177,147
172,151 178,147
172,151 179,146
173,151 180,146
173,151 181,146
174,151 182,146
174,151 183,146
175,151 184,146
175,151 185,146
176,151 186,146
176,151 187,146
177,151 188,146
177,151 189,146
178,151 190,146
178,151 191,146
179,151 192,146
179,151 193,146
180,151 194,146
180,151 195,146
181,151 196,146
181,151 197,146
182,151 198,146
182,151 199,146
183,151 200,146
183,151 201,146
184,151 202,146
184,151 203,146
185,151 204,146
185,151 205,146
186,151 206,146
131,152 95,149
131,152 96,149
132,153 97,149
132,153 98,149
133,153 99,149
133,153 100,149
134,153 101,149
134,153 102,149
135,153 103,149
135,153 104,149
136,153 105,149
136,153 106,149
137,153 107,149
137,153 108,149
138,153 109,149
138,153 110,149
139,153 111,149
139,153 112,149
140,153 113,149
140,153 114,149
141,153 115,149
141,153 116,149
142,153 117,149
142,153 118,149
143,153 119,149
143,153 120,149
144,153 121,149
144,153 122,149
145,153 123,149
145,153 124,148
146,153 125,148
146,153 126,148
147,153 127,148
147,153 128,148
148,153 129,148
148,153 130,148
149,153 131,148
149,153 132,148
150,153 133,148
150,153 134,148
151,153 135,148
151,153 136,148
152,153 137,148
152,153 138,148
153,153 139,148
153,153 140,148
154,153 141,148
154,153 142,148
155,153 143,148
155,153 144,148
156,153 145,148
156,153 146,148
157,153 147,148
157,153 148,148
158,153 149,148
158,153 150,148
159,153 151,148
159,153 152,148
160,152 153,148
160,152 154,148
161,152 155,148
161,152 156,148
162,152 157,148
162,152 158,148
163,152 159,148
163,152 160,148
164,152 161,148
164,152 162,148
165,152 163,148
165,152 164,148
166,152 165,148
166,152 166,148
167,152 167,148
167,152 168,148
168,152 169,148
168,152 170,148
169,152 171,148
169,152 172,148
170,152 173,148
170,152 174,148
171,152 175,148
171,152 176,148
172,152 177,148
172,152 178,148
173,152 179,147
173,152 180,147
174,152 181,147
174,152 182,147
175,152 183,147
175,152 184,147
176,152 185,147
176,152 186,147
177,152 187,147
177,152 188,147
178,152 189,147
178,152 190,147
179,152 191,147
179,152 192,147
180,152 193,147
180,152 194,147
181,152 195,147
181,152 196,147
182,152 197,147
182,152 198,147
183,152 199,147
183,152 200,147
184,152 201,147
184,152 202,147
185,152 203,147
185,152 204,147
186,152 205,147
186,152 206,147
131,153 96,150
131,153 97,150
132,154 98,150
132,154 99,150
133,154 100,150
133,154 101,150
134,154 102,150
134,154 103,150
135,154 104,150
135,154 105,150
136,154 106,150
136,154 107,150
137,154 108,150
137,154 109,150
138,154 110,150
138,154 111,150
139,154 112,150
139,154 113,150
140,154 114,150
140,154 115,150
141,154 116,150
141,154 117,150
142,154 118,150
142,154 119,150
143,154 120,150
143,154 121,150
144,154 122,150
144,154 123,150
145,154 124,149
145,154 125,149
146,154 126,149
146,154 127,149
147,154 128,149
147,154 129,149
148,154 130,149
148,154 131,149
149,154 132,149
149,154 133,149
150,154 134,149
150,154 135,149
151,154 136,149
151,154 137,149
152,154 138,149
152,154 139,149
153,154 140,149
153,154 141,149
154,154 142,149
154,154 143,149
155,154 144,149
155,154 145,149
156,154 146,149
156,154 147,149
157,154 148,149
157,154 149,149
158,154 150,149
158,154 151,149
159,154 152,149
160,153 153,149
160,153 154,149
161,153 155,149
161,153 156,149
162,153 157,149
162,153 158,149
163,153 159,149
163,153 160,149
164,153 161,149
164,153 162,149
165,153 163,149
165,153 164,149
166,153 165,149
166,153 166,149
167,153 167,149
167,153 168,149
168,153 169,149
168,153 170,149
169,153 171,149
169,153 172,149
170,153 173,149
170,153 174,149
171,153 175,149
171,153 176,149
172,153 177,149
172,153 178,149
173,153 179,148
173,153 180,148
174,153 181,148
174,153 182,148
175,153 183,148
175,153 184,148
176,153 185,148
176,153 186,148
177,153 187,148
177,153 188,148
178,153 189,148
178,153 190,148
179,153 191,148
179,153 192,148
180,153 193,148
180,153 194,148
181,153 195,148
181,153 196,148
182,153 197,148
182,153 198,148
183,153 199,148
183,153 200,148
184,153 201,148
184,153 202,148
185,153 203,148
185,153 204,148
186,153 205,148
186,153 206,148
131,154 96,150
131,154 97,150
132,155 98,150
132,155 99,150
133,155 100,150
133,155 101,150
134,155 102,150
134,155 103,150
135,155 104,150
135,155 105,150
136,155 106,150
136,155 107,150
137,155 108,150
137,155 109,150
138,155 110,150
138,155 111,150
139,155 112,150
139,155 113,150
140,155 114,150
140,155 115,150
141,155 116,150
141,155 117,150
142,155 118,150
142,155 119,150
143,155 120,150
143,155 121,150
144,155 122,150
144,155 123,150
145,155 124,149
145,155 125,149
146,155 126,149
146,155 127,149
147,155 128,149
147,155 129,149
148,155 130,149
148,155 131,149
149,155 132,149
149,155 133,149
150,155 134,149
150,155 135,149
151,155 136,149
151,155 137,149
152,155 138,149
152,155 139,149
153,155 140,149
153,155 141,149
154,155 142,149
154,155 143,149
155,155 144,149
155,155 145,149
156,155 146,149
156,155 147,149
157,155 148,149
157,155 149,149
158,155 150,149
158,155 151,149
159,155 152,149
160,154 153,149
160,154 154,149
161,154 155,149
161,154 156,149
162,154 157,149
162,154 158,149
163,154 159,149
163,154 160,149
164,154 161,149
164,154 162,149
165,154 163,149
165,154 164,149
166,154 165,149
166,154 166,149
167,154 167,149
167,154 168,149
168,154 169,149
168,154 170,149
169,154 171,149
169,154 172,149
170,154 173,149
170,154 174,149
171,154 175,149
171,154 176,149
172,154 177,149
172,154 178,149
173,154 179,148
173,154 180,148
174,154 181,148
174,154 182,148
175,154 183,148
175,154 184,148
176,154 185,148
176,154 186,148
177,154 187,148
177,154 188,148
178,154 189,148
178,154 190,148
179,154 191,148
179,154 192,148
180,154 193,148
180,154 194,148
181,154 195,148
181,154 196,148
182,154 197,148
182,154 198,148
183,154 199,148
183,154 200,148
184,154 201,148
184,154 202,148
185,154 203,148
185,154 204,148
186,154 205,148
186,154 206,148
130,154 96,151
130,154 97,151
131,155 98,151
131,155 99,151
132,156 100,151
132,156 101,151
133,156 102,151
133,156 103,151
134,156 104,151
134,156 105,151
135,156 106,151
135,156 107,151
136,156 108,151
136,156 109,151
137,156 110,151
137,156 111,151
138,156 112,151
138,156 113,151
139,156 114,151
139,156 115,151
140,156 116,151
140,156 117,151
141,156 118,151
141,156 119,151
142,156 120,151
142,156 121,151
143,156 122,151
143,156 123,151
144,156 124,150
145,156 125,150
145,156 126,150
146,156 127,150
146,156 128,150
147,156 129,150
147,156 130,150
148,156 131,150
148,156 132,150
149,156 133,150
149,156 134,150
150,156 135,150
150,156 136,150
151,156 137,150
151,156 138,150
152,156 139,150
152,156 140,150
153,156 141,150
153,156 142,150
154,156 143,150
154,156 144,150
155,156 145,150
155,156 146,150
156,156 147,150
156,156 148,150
157,156 149,150
157,156 150,150
158,156 151,150
159,156 152,150
159,156 153,150
160,155 154,150
160,155 155,150
161,155 156,150
161,155 157,150
162,155 158,150
162,155 159,150
163,155 160,150
163,155 161,150
164,155 162,150
164,155 163,150
165,155 164,150
165,155 165,150
166,155 166,150
166,155 167,150
167,155 168,150
167,155 169,150
168,155 170,150
168,155 171,150
169,155 172,150
169,155 173,150
170,155 174,150
170,155 175,150
171,155 176,150
171,155 177,150
172,155 178,150
173,155 179,149
173,155 180,149
174,155 181,149
174,155 182,149
175,155 183,149
175,155 184,149
176,155 185,149
176,155 186,149
177,155 187,149
177,155 188,149
178,155 189,149
178,155 190,149
179,155 191,149
179,155 192,149
180,155 193,149
180,155 194,149
181,155 195,149
181,155 196,149
182,155 197,149
182,155 198,149
183,155 199,149
183,155 200,149
184,155 201,149
184,155 202,149
185,155 203,149
185,155 204,149
186,155 205,149
187,154 206,149
130,155 96,152
130,155 97,152
131,156 98,152
131,156 99,152
132,157 100,152
132,157 101,152
133,157 102,152
133,157 103,152
134,157 104,152
134,157 105,152
135,157 106,152
135,157 107,152
136,157 108,152
136,157 109,152
137,157 110,152
137,157 111,152
138,157 112,152
138,157 113,152
139,157 114,152
139,157 115,152
140,157 116,152
140,157 117,152
141,157 118,152
141,157 119,152
142,157 120,152
142,157 121,152
143,157 122,152
143,157 123,152
144,157 124,151
145,157 125,151
145,157 126,151
146,157 127,151
146,157 128,151
147,157 129,151
147,157 130,151
148,157 131,151
148,157 132,151
149,157 133,151
149,157 134,151
150,157 135,151
150,157 136,151
151,157 137,151
151,157 138,151
152,157 139,151
152,157 140,151
153,157 141,151
153,157 142,151
154,157 143,151
154,157 144,151
155,157 145,151
155,157 146,151
156,157 147,151
156,157 148,151
157,157 149,151
157,157 150,151
158,157 151,151
159,157 152,151
159,157 153,151
160,156 154,151
160,156 155,151
161,156 156,151
161,156 157,151
162,156 158,151
162,156 159,151
163,156 160,151
163,156 161,151
164,156 162,151
164,156 163,151
165,156 164,151
165,156 165,151
166,156 166,151
166,156 167,151
167,156 168,151
167,156 169,151
168,156 170,151
168,156 171,151
169,156 172,151
169,156 173,151
170,156 174,151
170,156 175,151
171,156 176,151
171,156 177,151
172,156 178,151
173,156 179,150
173,156 180,150
174,156 181,150
174,156 182,150
175,156 183,150
175,156 184,150
176,156 185,150
176,156 186,150
177,156 187,150
177,156 188,150
178,156 189,150
178,156 190,150
179,156 191,150
179,156 192,150
180,156 193,150
180,156 194,150
181,156 195,150
181,156 196,150
182,156 197,150
182,156 198,150
183,156 199,150
183,156 200,150
184,156 201,150
184,156 202,150
185,156 203,150
185,156 204,150
186,156 205,150
187,155 206,150
130,156 96,152
130,156 97,152
131,157 98,152
131,157 99,152
132,158 100,152
132,158 101,152
133,158 102,152
133,158 103,152
134,158 104,152
134,158 105,152
135,158 106,152
135,158 107,152
136,158 108,152
136,158 109,152
137,158 110,152
137,158 111,152
138,158 112,152
138,158 113,152
139,158 114,152
140,158 115,152
140,158 116,152
141,158 117,152
141,158 118,152
142,158 119,152
142,158 120,152
143,158 121,152
143,158 122,152
144,158 123,152
144,158 124,151
145,158 125,151
145,158 126,151
146,158 127,151
146,158 128,151
147,158 129,151
147,158 130,151
148,158 131,151
148,158 132,151
149,158 133,151
150,158 134,151
150,158 135,151
151,158 136,151
151,158 137,151
152,158 138,151
152,158 139,151
153,158 140,151
153,158 141,151
154,158 142,151
154,158 143,151
155,158 144,151
155,158 145,151
156,158 146,151
156,158 147,151
157,158 148,151
157,158 149,151
158,158 150,151
158,158 151,151
159,158 152,151
160,157 153,151
160,157 154,151
161,157 155,151
161,157 156,151
162,157 157,151
162,157 158,151
163,157 159,151
163,157 160,151
164,157 161,151
164,157 162,151
165,157 163,151
165,157 164,151
166,157 165,151
166,157 166,151
167,157 167,151
167,157 168,151
168,157 169,151
169,157 170,151
169,157 171,151
170,157 172,151
170,157 173,151
171,157 174,151
171,157 175,151
172,157 176,151
172,157 177,151
173,157 178,151
173,157 179,150
174,157 180,150
174,157 181,150
175,157 182,150
175,157 183,150
176,157 184,150
176,157 185,150
177,157 186,150
177,157 187,150
178,157 188,150
179,157 189,150
179,157 190,150
180,157 191,150
180,157 192,150
181,157 193,150
181,157 194,150
182,157 195,150
182,157 196,150
183,157 197,150
183,157 198,150
184,157 199,150
184,157 200,150
185,157 201,150
185,157 202,150
186,157 203,150
186,157 204,150
187,156 205,150
187,156 206,150
129,156 97,153
129,156 98,153
130,157 99,153
130,157 100,153
131,158 101,153
131,158 102,153
132,159 103,153
132,159 104,153
133,159 105,153
133,159 106,153
134,159 107,153
134,159 108,153
135,159 109,153
136,159 110,153
136,159 111,153
137,159 112,153
137,159 113,153
138,159 114,153
138,159 115,153
139,159 116,153
139,159 117,153
140,159 118,153
140,159 119,153
141,159 120,153
141,159 121,153
142,159 122,153
143,159 123,153
143,159 124,152
144,159 125,152
144,159 126,152
145,159 127,152
145,159 128,152
146,159 129,152
146,159 130,152
147,159 131,152
147,159 132,152
148,159 133,152
149,159 134,152
149,159 135,152
150,159 136,152
150,159 137,152
151,159 138,152
151,159 139,152
152,159 140,152
152,159 141,152
153,159 142,152
153,159 143,152
154,159 144,152
154,159 145,152
155,159 146,152
156,159 147,152
156,159 148,152
157,159 149,152
157,159 150,152
158,159 151,152
158,159 152,152
159,159 153,152
159,159 154,152
160,158 155,152
160,158 156,152
161,158 157,152
162,158 158,152
162,158 159,152
163,158 160,152
163,158 161,152
164,158 162,152
164,158 163,152
165,158 164,152
165,158 165,152
166,158 166,152
166,158 167,152
167,158 168,152
167,158 169,152
168,158 170,152
169,158 171,152
169,158 172,152
170,158 173,152
170,158 174,152
171,158 175,152
171,158 176,152
172,158 177,152
172,158 178,152
173,158 179,151
173,158 180,151
174,158 181,151
175,158 182,151
175,158 183,151
176,158 184,151
176,158 185,151
177,158 186,151
177,158 187,151
178,158 188,151
178,158 189,151
179,158 190,151
179,158 191,151
180,158 192,151
180,158 193,151
181,158 194,151
182,158 195,151
182,158 196,151
183,158 197,151
183,158 198,151
184,158 199,151
184,158 200,151
185,158 201,151
185,158 202,151
186,158 203,151
186,158 204,151
187,157 205,151
188,156 206,151
129,157 97,154
129,157 98,154
130,158 99,154
130,158 100,154
131,159 101,154
131,159 102,154
132,160 103,154
132,160 104,154
133,160 105,154
133,160 106,154
134,160 107,154
134,160 108,154
135,160 109,154
136,160 110,154
136,160 111,154
137,160 112,154
137,160 113,154
138,160 114,154
138,160 115,154
139,160 116,154
139,160 117,154
140,160 118,154
140,160 119,154
141,160 120,154
141,160 121,154
142,160 122,154
143,160 123,154
143,160 124,153
144,160 125,153
144,160 126,153
145,160 127,153
145,160 128,153
146,160 129,153
146,160 130,153
147,160 131,153
147,160 132,153
148,160 133,153
149,160 134,153
149,160 135,153
150,160 136,153
150,160 137,153
151,160 138,153
151,160 139,153
152,160 140,153
152,160 141,153
153,160 142,153
153,160 143,153
154,160 144,153
154,160 145,153
155,160 146,153
156,160 147,153
156,160 148,153
157,160 149,153
157,160 150,153
158,160 151,153
158,160 152,153
159,160 153,153
159,160 154,153
160,159 155,153
160,159 156,153
161,159 157,153
162,159 158,153
162,159 159,153
163,159 160,153
163,159 161,153
164,159 162,153
164,159 163,153
165,159 164,153
165,159 165,153
166,159 166,153
166,159 167,153
167,159 168,153
167,159 169,153
168,159 170,153
169,159 171,153
169,159 172,153
170,159 173,153
170,159 174,153
171,159 175,153
171,159 176,153
172,159 177,153
172,159 178,153
173,159 179,152
173,159 180,152
174,159 181,152
175,159 182,152
175,159 183,152
176,159 184,152
176,159 185,152
177,159 186,152
177,159 187,152
178,159 188,152
178,159 189,152
179,159 190,152
179,159 191,152
180,159 192,152
180,159 193,152
181,159 194,152
182,159 195,152
182,159 196,152
183,159 197,152
183,159 198,152
184,159 199,152
184,159 200,152
185,159 201,152
185,159 202,152
186,159 203,152
186,159 204,152
187,158 205,152
188,157 206,152
129,158 97,154
129,158 98,154
130,159 99,154
130,159 100,154
131,160 101,154
131,160 102,154
132,161 103,154
132,161 104,154
133,161 105,154
133,161 106,154
134,161 107,154
135,161 108,154
135,161 109,154
136,161 110,154
136,161 111,154
137,161 112,154
137,161 113,154
138,161 114,154
138,161 115,154
139,161 116,154
140,161 117,154
140,161 118,154
141,161 119,154
141,161 120,154
142,161 121,154
142,161 122,154
143,161 123,154
143,161 124,153
144,161 125,153
144,161 126,153
145,161 127,153
146,161 128,153
146,161 129,153
147,161 130,153
147,161 131,153
148,161 132,153
148,161 133,153
149,161 134,153
149,161 135,153
150,161 136,153
151,161 137,153
151,161 138,153
152,161 139,153
152,161 140,153
153,161 141,153
153,161 142,153
154,161 143,153
154,161 144,153
155,161 145,153
155,161 146,153
156,161 147,153
157,161 148,153
157,161 149,153
158,161 150,153
158,161 151,153
159,161 152,153
159,161 153,153
160,160 154,153
160,160 155,153
161,160 156,153
162,160 157,153
162,160 158,153
163,160 159,153
163,160 160,153
164,160 161,153
164,160 162,153
165,160 163,153
165,160 164,153
166,160 165,153
166,160 166,153
167,160 167,153
168,160 168,153
168,160 169,153
169,160 170,153
169,160 171,153
170,160 172,153
170,160 173,153
171,160 174,153
171,160 175,153
172,160 176,153
173,160 177,153
173,160 178,153
174,160 179,152
174,160 180,152
175,160 181,152
175,160 182,152
176,160 183,152
176,160 184,152
177,160 185,152
177,160 186,152
178,160 187,152
179,160 188,152
179,160 189,152
180,160 190,152
180,160 191,152
181,160 192,152
181,160 193,152
182,160 194,152
182,160 195,152
183,160 196,152
184,160 197,152
184,160 198,152
185,160 199,152
185,160 200,152
186,160 201,152
186,160 202,152
187,159 203,152
187,159 204,152
188,158 205,152
189,157 206,152
128,158 97,155
128,158 98,155
129,159 99,155
129,159 100,155
130,160 101,155
130,160 102,155
131,161 103,155
131,161 104,155
132,162 105,155
133,162 106,155
133,162 107,155
134,162 108,155
134,162 109,155
135,162 110,155
135,162 111,155
136,162 112,155
136,162 113,155
137,162 114,155
138,162 115,155
138,162 116,155
139,162 117,155
139,162 118,155
140,162 119,155
140,162 120,155
141,162 121,155
141,162 122,155
142,162 123,155
143,162 124,154
143,162 125,154
144,162 126,154
144,162 127,154
145,162 128,154
145,162 129,154
146,162 130,154
147,162 131,154
147,162 132,154
148,162 133,154
148,162 134,154
149,162 135,154
149,162 136,154
150,162 137,154
150,162 138,154
151,162 139,154
152,162 140,154
152,162 141,154
153,162 142,154
153,162 143,154
154,162 144,154
154,162 145,154
155,162 146,154
155,162 147,154
156,162 148,154
157,162 149,154
157,162 150,154
158,162 151,154
158,162 152,154
159,162 153,154
159,162 154,154
160,161 155,154
161,161 156,154
161,161 157,154
162,161 158,154
162,161 159,154
163,161 160,154
163,161 161,154
164,161 162,154
164,161 163,154
165,161 164,154
166,161 165,154
166,161 166,154
167,161 167,154
167,161 168,154
168,161 169,154
168,161 170,154
169,161 171,154
169,161 172,154
170,161 173,154
171,161 174,154
171,161 175,154
172,161 176,154
172,161 177,154
173,161 178,154
173,161 179,153
174,161 180,153
175,161 181,153
175,161 182,153
176,161 183,153
176,161 184,153
177,161 185,153
177,161 186,153
178,161 187,153
178,161 188,153
179,161 189,153
180,161 190,153
180,161 191,153
181,161 192,153
181,161 193,153
182,161 194,153
182,161 195,153
183,161 196,153
183,161 197,153
184,161 198,153
185,161 199,153
185,161 200,153
186,161 201,153
186,161 202,153
187,160 203,153
187,160 204,153
188,159 205,153
189,158 206,153
128,159 97,156
128,159 98,156
129,160 99,156
129,160 100,156
130,161 101,156
130,161 102,156
131,162 103,156
131,162 104,156
132,163 105,156
133,163 106,156
133,163 107,156
134,163 108,156
134,163 109,156
135,163 110,156
135,163 111,156
136,163 112,156
136,163 113,156
137,163 114,156
138,163 115,156
138,163 116,156
139,163 117,156
139,163 118,156
140,163 119,156
140,163 120,156
141,163 121,156
141,163 122,156
142,163 123,156
143,163 124,155
143,163 125,155
144,163 126,155
144,163 127,155
145,163 128,155
145,163 129,155
146,163 130,155
147,163 131,155
147,163 132,155
148,163 133,155
148,163 134,155
149,163 135,155
149,163 136,155
150,163 137,155
150,163 138,155
151,163 139,155
152,163 140,155
152,163 141,155
153,163 142,155
153,163 143,155
154,163 144,155
154,163 145,155
155,163 146,155
155,163 147,155
156,163 148,155
157,163 149,155
157,163 150,155
158,163 151,155
158,163 152,155
159,163 153,155
159,163 154,155
160,162 155,155
161,162 156,155
161,162 157,155
162,162 158,155
162,162 159,155
163,162 160,155
163,162 161,155
164,162 162,155
164,162 163,155
165,162 164,155
166,162 165,155
166,162 166,155
167,162 167,155
167,162 168,155
168,162 169,155
168,162 170,155
169,162 171,155
169,162 172,155
170,162 173,155
171,162 174,155
171,162 175,155
172,162 176,155
172,162 177,155
173,162 178,155
173,162 179,154
174,162 180,154
175,162 181,154
175,162 182,154
176,162 183,154
176,162 184,154
177,162 185,154
177,162 186,154
178,162 187,154
178,162 188,154
179,162 189,154
180,162 190,154
180,162 191,154
181,162 192,154
181,162 193,154
182,162 194,154
182,162 195,154
183,162 196,154
183,162 197,154
184,162 198,154
185,162 199,154
185,162 200,154
186,162 201,154
186,162 202,154
187,161 203,154
187,161 204,154
188,160 205,154
189,159 206,154
128,160 97,156
128,160 98,156
129,161 99,156
129,161 100,156
130,162 101,156
130,162 102,156
131,163 103,156
131,163 104,156
132,164 105,156
133,164 106,156
133,164 107,156
134,164 108,156
134,164 109,156
135,164 110,156
135,164 111,156
136,164 112,156
137,164 113,156
137,164 114,156
138,164 115,156
138,164 116,156
139,164 117,156
139,164 118,156
140,164 119,156
141,164 120,156
141,164 121,156
142,164 122,156
142,164 123,156
143,164 124,155
143,164 125,155
144,164 126,155
145,164 127,155
145,164 128,155
146,164 129,155
146,164 130,155
147,164 131,155
147,164 132,155
148,164 133,155
149,164 134,155
149,164 135,155
150,164 136,155
150,164 137,155
151,164 138,155
151,164 139,155
152,164 140,155
153,164 141,155
153,164 142,155
154,164 143,155
154,164 144,155
155,164 145,155
155,164 146,155
156,164 147,155
157,164 148,155
157,164 149,155
158,164 150,155
158,164 151,155
159,164 152,155
159,164 153,155
160,163 154,155
160,163 155,155
161,163 156,155
162,163 157,155
162,163 158,155
163,163 159,155
163,163 160,155
164,163 161,155
164,163 162,155
165,163 163,155
166,163 164,155
166,163 165,155
167,163 166,155
167,163 167,155
168,163 168,155
168,163 169,155
169,163 170,155
170,163 171,155
170,163 172,155
171,163 173,155
171,163 174,155
172,163 175,155
172,163 176,155
173,163 177,155
174,163 178,155
174,163 179,154
175,163 180,154
175,163 181,154
176,163 182,154
176,163 183,154
177,163 184,154
178,163 185,154
178,163 186,154
179,163 187,154
179,163 188,154
180,163 189,154
180,163 190,154
181,163 191,154
182,163 192,154
182,163 193,154
183,163 194,154
183,163 195,154
184,163 196,154
184,163 197,154
185,163 198,154
186,163 199,154
186,163 200,154
187,162 201,154
187,162 202,154
188,161 203,154
188,161 204,154
189,160 205,154
190,159 206,154
127,160 97,157
127,160 98,157
128,161 99,157
128,161 100,157
129,162 101,157
129,162 102,157
130,163 103,157
131,164 104,157
131,164 105,157
132,165 106,157
132,165 107,157
133,165 108,157
133,165 109,157
134,165 110,157
135,165 111,157
135,165 112,157
136,165 113,157
136,165 114,157
137,165 115,157
137,165 116,157
138,165 117,157
139,165 118,157
139,165 119,157
140,165 120,157
140,165 121,157
141,165 122,157
142,165 123,157
142,165 124,156
143,165 125,156
143,165 126,156
144,165 127,156
144,165 128,156
145,165 129,156
146,165 130,156
146,165 131,156
147,165 132,156
147,165 133,156
148,165 134,156
148,165 135,156
149,165 136,156
150,165 137,156
150,165 138,156
151,165 139,156
151,165 140,156
152,165 141,156
153,165 142,156
153,165 143,156
154,165 144,156
154,165 145,156
155,165 146,156
155,165 147,156
156,165 148,156
157,165 149,156
157,165 150,156
158,165 151,156
158,165 152,156
159,165 153,156
159,165 154,156
160,164 155,156
161,164 156,156
161,164 157,156
162,164 158,156
162,164 159,156
163,164 160,156
163,164 161,156
164,164 162,156
165,164 163,156
165,164 164,156
166,164 165,156
166,164 166,156
167,164 167,156
168,164 168,156
168,164 169,156
169,164 170,156
169,164 171,156
170,164 172,156
170,164 173,156
171,164 174,156
172,164 175,156
172,164 176,156
173,164 177,156
173,164 178,156
174,164 179,155
174,164 180,155
175,164 181,155
176,164 182,155
176,164 183,155
177,164 184,155
177,164 185,155
178,164 186,155
179,164 187,155
179,164 188,155
180,164 189,155
180,164 190,155
181,164 191,155
181,164 192,155
182,164 193,155
183,164 194,155
183,164 195,155
184,164 196,155
184,164 197,155
185,164 198,155
185,164 199,155
186,164 200,155
187,163 201,155
187,163 202,155
188,162 203,155
188,162 204,155
189,161 205,155
190,160 206,155
127,161 97,158
127,161 98,158
128,162 99,158
128,162 100,158
129,163 101,158
129,163 102,158
130,164 103,158
131,165 104,158
131,165 105,158
132,166 106,158
132,166 107,158
133,166 108,158
134,166 109,158
134,166 110,158
135,166 111,158
135,166 112,158
136,166 113,158
136,166 114,158
137,166 115,158
138,166 116,158
138,166 117,158
139,166 118,158
139,166 119,158
140,166 120,158
141,166 121,158
141,166 122,158
142,166 123,158
142,166 124,157
143,166 125,157
144,166 126,157
144,166 127,157
145,166 128,157
145,166 129,157
146,166 130,157
146,166 131,157
147,166 132,157
148,166 133,157
148,166 134,157
149,166 135,157
149,166 136,157
150,166 137,157
151,166 138,157
151,166 139,157
152,166 140,157
152,166 141,157
153,166 142,157
154,166 143,157
154,166 144,157
155,166 145,157
155,166 146,157
156,166 147,157
156,166 148,157
157,166 149,157
158,166 150,157
158,166 151,157
159,166 152,157
159,166 153,157
160,165 154,157
161,165 155,157
161,165 156,157
162,165 157,157
162,165 158,157
163,165 159,157
163,165 160,157
164,165 161,157
165,165 162,157
165,165 163,157
166,165 164,157
166,165 165,157
167,165 166,157
168,165 167,157
168,165 168,157
169,165 169,157
169,165 170,157
170,165 171,157
171,165 172,157
171,165 173,157
172,165 174,157
172,165 175,157
173,165 176,157
173,165 177,157
174,165 178,157
175,165 179,156
175,165 180,156
176,165 181,156
176,165 182,156
177,165 183,156
178,165 184,156
178,165 185,156
179,165 186,156
179,165 187,156
180,165 188,156
181,165 189,156
181,165 190,156
182,165 191,156
182,165 192,156
183,165 193,156
183,165 194,156
184,165 195,156
185,165 196,156
185,165 197,156
186,165 198,156
186,165 199,156
187,164 200,156
188,163 201,156
188,163 202,156
189,162 203,156
189,162 204,156
190,161 205,156
191,160 206,156
127,162 97,158
127,162 98,158
128,163 99,158
128,163 100,158
129,164 101,158
129,164 102,158
130,165 103,158
131,166 104,158
131,166 105,158
132,167 106,158
132,167 107,158
133,167 108,158
134,167 109,158
134,167 110,158
135,167 111,158
135,167 112,158
136,167 113,158
136,167 114,158
137,167 115,158
138,167 116,158
138,167 117,158
139,167 118,158
139,167 119,158
140,167 120,158
141,167 121,158
141,167 122,158
142,167 123,158
142,167 124,157
143,167 125,157
144,167 126,157
144,167 127,157
145,167 128,157
145,167 129,157
146,167 130,157
146,167 131,157
147,167 132,157
148,167 133,157
148,167 134,157
149,167 135,157
149,167 136,157
150,167 137,157
151,167 138,157
151,167 139,157
152,167 140,157
152,167 141,157
153,167 142,157
154,167 143,157
154,167 144,157
155,167 145,157
155,167 146,157
156,167 147,157
156,167 148,157
157,167 149,157
158,167 150,157
158,167 151,157
159,167 152,157
159,167 153,157
160,166 154,157
161,166 155,157
161,166 156,157
162,166 157,157
162,166 158,157
163,166 159,157
163,166 160,157
164,166 161,157
165,166 162,157
165,166 163,157
166,166 164,157
166,166 165,157
167,166 166,157
168,166 167,157
168,166 168,157
169,166 169,157
169,166 170,157
170,166 171,157
171,166 172,157
171,166 173,157
172,166 174,157
172,166 175,157
173,166 176,157
173,166 177,157
174,166 178,157
175,166 179,156
175,166 180,156
176,166 181,156
176,166 182,156
177,166 183,156
178,166 184,156
178,166 185,156
179,166 186,156
179,166 187,156
180,166 188,156
181,166 189,156
181,166 190,156
182,166 191,156
182,166 192,156
183,166 193,156
183,166 194,156
184,166 195,156
185,166 196,156
185,166 197,156
186,166 198,156
186,166 199,156
187,165 200,156
188,164 201,156
188,164 202,156
189,163 203,156
189,163 204,156
190,162 205,156
191,161 206,156
126,162 97,159
126,162 98,159
127,163 99,159
127,163 100,159
128,164 101,159
128,164 102,159
129,165 103,159
130,166 104,159
130,166 105,159
131,167 106,159
131,167 107,159
132,168 108,159
133,168 109,159
133,168 110,159
134,168 111,159
134,168 112,159
135,168 113,159
136,168 114,159
136,168 115,159
137,168 116,159
137,168 117,159
138,168 118,159
139,168 119,159
139,168 120,159
140,168 121,159
140,168 122,159
141,168 123,159
142,168 124,158
142,168 125,158
143,168 126,158
143,168 127,158
144,168 128,158
145,168 129,158
145,168 130,158
146,168 131,158
146,168 132,158
147,168 133,158
148,168 134,158
148,168 135,158
149,168 136,158
149,168 137,158
150,168 138,158
151,168 139,158
151,168 140,158
152,168 141,158
152,168 142,158
153,168 143,158
154,168 144,158
154,168 145,158
155,168 146,158
155,168 147,158
156,168 148,158
157,168 149,158
157,168 150,158
158,168 151,158
158,168 152,158
159,168 153,158
159,168 154,158
160,167 155,158
161,167 156,158
161,167 157,158
162,167 158,158
162,167 159,158
163,167 160,158
164,167 161,158
164,167 162,158
165,167 163,158
165,167 164,158
166,167 165,158
167,167 166,158
167,167 167,158
168,167 168,158
168,167 169,158
169,167 170,158
170,167 171,158
170,167 172,158
171,167 173,158
171,167 174,158
172,167 175,158
173,167 176,158
173,167 177,158
174,167 178,158
174,167 179,157
175,167 180,157
176,167 181,157
176,167 182,157
177,167 183,157
177,167 184,157
178,167 185,157
179,167 186,157
179,167 187,157
180,167 188,157
180,167 189,157
181,167 190,157
182,167 191,157
182,167 192,157
183,167 193,157
183,167 194,157
184,167 195,157
185,167 196,157
185,167 197,157
186,167 198,157
186,167 199,157
187,166 200,157
188,165 201,157
188,165 202,157
189,164 203,157
189,164 204,157
190,163 205,157
191,162 206,157
126,163 97,160
126,163 98,160
127,164 99,160
127,164 100,160
128,165 101,160
128,165 102,160
129,166 103,160
130,167 104,160
130,167 105,160
131,168 106,160
131,168 107,160
132,169 108,160
133,169 109,160
133,169 110,160
134,169 111,160
134,169 112,160
135,169 113,160
136,169 114,160
136,169 115,160
137,169 116,160
137,169 117,160
138,169 118,160
139,169 119,160
139,169 120,160
140,169 121,160
140,169 122,160
141,169 123,160
142,169 124,159
142,169 125,159
143,169 126,159
143,169 127,159
144,169 128,159
145,169 129,159
145,169 130,159
146,169 131,159
146,169 132,159
147,169 133,159
148,169 134,159
148,169 135,159
149,169 136,159
149,169 137,159
150,169 138,159
151,169 139,159
151,169 140,159
152,169 141,159
152,169 142,159
153,169 143,159
154,169 144,159
154,169 145,159
155,169 146,159
155,169 147,159
156,169 148,159
157,169 149,159
157,169 150,159
158,169 151,159
158,169 152,159
159,169 153,159
159,169 154,159
160,168 155,159
161,168 156,159
161,168 157,159
162,168 158,159
162,168 159,159
163,168 160,159
164,168 161,159
164,168 162,159
165,168 163,159
165,168 164,159
166,168 165,159
167,168 166,159
167,168 167,159
168,168 168,159
168,168 169,159
169,168 170,159
170,168 171,159
170,168 172,159
171,168 173,159
171,168 174,159
172,168 175,159
173,168 176,159
173,168 177,159
174,168 178,159
174,168 179,158
175,168 180,158
176,168 181,158
176,168 182,158
177,168 183,158
177,168 184,158
178,168 185,158
179,168 186,158
179,168 187,158
180,168 188,158
180,168 189,158
181,168 190,158
182,168 191,158
182,168 192,158
183,168 193,158
183,168 194,158
184,168 195,158
185,168 196,158
185,168 197,158
186,168 198,158
186,168 199,158
187,167 200,158
188,166 201,158
188,166 202,158
189,165 203,158
189,165 204,158
190,164 205,158
191,163 206,158
126,164 97,160
126,164 98,160
127,165 99,160
127,165 100,160
128,166 101,160
129,167 102,160
129,167 103,160
130,168 104,160
130,168 105,160
131,169 106,160
132,170 107,160
132,170 108,160
133,170 109,160
133,170 110,160
134,170 111,160
135,170 112,160
135,170 113,160
136,170 114,160
136,170 115,160
137,170 116,160
138,170 117,160
138,170 118,160
139,170 119,160
139,170 120,160
140,170 121,160
141,170 122,160
141,170 123,160
142,170 124,159
142,170 125,159
143,170 126,159
144,170 127,159
144,170 128,159
145,170 129,159
145,170 130,159
146,170 131,159
147,170 132,159
147,170 133,159
148,170 134,159
149,170 135,159
149,170 136,159
150,170 137,159
150,170 138,159
151,170 139,159
152,170 140,159
152,170 141,159
153,170 142,159
153,170 143,159
154,170 144,159
155,170 145,159
155,170 146,159
156,170 147,159
156,170 148,159
157,170 149,159
158,170 150,159
158,170 151,159
159,170 152,159
159,170 153,159
160,169 154,159
161,169 155,159
161,169 156,159
162,169 157,159
162,169 158,159
163,169 159,159
164,169 160,159
164,169 161,159
165,169 162,159
165,169 163,159
166,169 164,159
167,169 165,159
167,169 166,159
168,169 167,159
168,169 168,159
169,169 169,159
170,169 170,159
170,169 171,159
171,169 172,159
172,169 173,159
172,169 174,159
173,169 175,159
173,169 176,159
174,169 177,159
175,169 178,159
175,169 179,158
176,169 180,158
176,169 181,158
177,169 182,158
178,169 183,158
178,169 184,158
179,169 185,158
179,169 186,158
180,169 187,158
181,169 188,158
181,169 189,158
182,169 190,158
182,169 191,158
183,169 192,158
184,169 193,158
184,169 194,158
185,169 195,158
185,169 196,158
186,169 197,158
187,168 198,158
187,168 199,158
188,167 200,158
188,167 201,158
189,166 202,158
190,165 203,158
190,165 204,158
191,164 205,158
192,163 206,158
125,164 97,161
125,164 98,161
126,165 99,161
126,165 100,161
127,166 101,161
128,167 102,161
128,167 103,161
129,168 104,161
129,168 105,161
130,169 106,161
131,170 107,161
131,170 108,161
132,171 109,161
132,171 110,161
133,171 111,161
134,171 112,161
134,171 113,161
135,171 114,161
136,171 115,161
136,171 116,161
137,171 117,161
137,171 118,161
138,171 119,161
139,171 120,161
139,171 121,161
140,171 122,161
140,171 123,161
141,171 124,160
142,171 125,160
142,171 126,160
143,171 127,160
144,171 128,160
144,171 129,160
145,171 130,160
145,171 131,160
146,171 132,160
147,171 133,160
147,171 134,160
148,171 135,160
148,171 136,160
149,171 137,160
150,171 138,160
150,171 139,160
151,171 140,160
152,171 141,160
152,171 142,160
153,171 143,160
153,171 144,160
154,171 145,160
155,171 146,160
155,171 147,160
156,171 148,160
156,171 149,160
157,171 150,160
158,171 151,160
158,171 152,160
159,171 153,160
160,170 154,160
160,170 155,160
161,170 156,160
161,170 157,160
162,170 158,160
163,170 159,160
163,170 160,160
164,170 161,160
164,170 162,160
165,170 163,160
166,170 164,160
166,170 165,160
167,170 166,160
168,170 167,160
168,170 168,160
169,170 169,160
169,170 170,160
170,170 171,160
171,170 172,160
171,170 173,160
172,170 174,160
172,170 175,160
173,170 176,160
174,170 177,160
174,170 178,160
175,170 179,159
176,170 180,159
176,170 181,159
177,170 182,159
177,170 183,159
178,170 184,159
179,170 185,159
179,170 186,159
180,170 187,159
180,170 188,159
181,170 189,159
182,170 190,159
182,170 191,159
183,170 192,159
184,170 193,159
184,170 194,159
185,170 195,159
185,170 196,159
186,170 197,159
187,169 198,159
187,169 199,159
188,168 200,159
188,168 201,159
189,167 202,159
190,166 203,159
190,166 204,159
191,165 205,159
192,164 206,159
125,165 97,162
125,165 98,162
126,166 99,162
126,166 100,162
127,167 101,162
128,168 102,162
128,168 103,162
129,169 104,162
129,169 105,162
130,170 106,162
131,171 107,162
131,171 108,162
132,172 109,162
132,172 110,162
133,172 111,162
134,172 112,162
134,172 113,162
135,172 114,162
136,172 115,162
136,172 116,162
137,172 117,162
137,172 118,162
138,172 119,162
139,172 120,162
139,172 121,162
140,172 122,162
140,172 123,162
141,172 124,161
142,172 125,161
142,172 126,161
143,172 127,161
144,172 128,161
144,172 129,161
145,172 130,161
145,172 131,161
146,172 132,161
147,172 133,161
147,172 134,161
148,172 135,161
148,172 136,161
149,172 137,161
150,172 138,161
150,172 139,161
151,172 140,161
152,172 141,161
152,172 142,161
153,172 143,161
153,172 144,161
154,172 145,161
155,172 146,161
155,172 147,161
156,172 148,161
156,172 149,161
157,172 150,161
158,172 151,161
158,172 152,161
159,172 153,161
160,171 154,161
160,171 155,161
161,171 156,161
161,171 157,161
162,171 158,161
163,171 159,161
163,171 160,161
164,171 161,161
164,171 162,161
165,171 163,161
166,171 164,161
166,171 165,161
167,171 166,161
168,171 167,161
168,171 168,161
169,171 169,161
169,171 170,161
170,171 171,161
171,171 172,161
171,171 173,161
172,171 174,161
172,171 175,161
173,171 176,161
174,171 177,161
174,171 178,161
175,171 179,160
176,171 180,160
176,171 181,160
177,171 182,160
177,171 183,160
178,171 184,160
179,171 185,160
179,171 186,160
180,171 187,160
180,171 188,160
181,171 189,160
182,171 190,160
182,171 191,160
183,171 192,160
184,171 193,160
184,171 194,160
185,171 195,160
185,171 196,160
186,171 197,160
187,170 198,160
187,170 199,160
188,169 200,160
188,169 201,160
189,168 202,160
190,167 203,160
190,167 204,160
191,166 205,160
192,165 206,160
125,166 97,163
125,166 98,163
126,167 99,163
126,167 100,163
127,168 101,163
128,169 102,163
128,169 103,163
129,170 104,163
130,171 105,163
130,171 106,163
131,172 107,163
131,172 108,163
132,173 109,163
133,173 110,163
133,173 111,163
134,173 112,163
135,173 113,163
135,173 114,163
136,173 115,163
136,173 116,163
137,173 117,163
138,173 118,163
138,173 119,163
139,173 120,163
140,173 121,163
140,173 122,163
141,173 123,163
142,173 124,162
142,173 125,162
143,173 126,162
143,173 127,162
144,173 128,162
145,173 129,162
145,173 130,162
146,173 131,162
147,173 132,162
147,173 133,162
148,173 134,162
148,173 135,162
149,173 136,162
150,173 137,162
150,173 138,162
151,173 139,162
152,173 140,162
152,173 141,162
153,173 142,162
153,173 143,162
154,173 144,162
155,173 145,162
155,173 146,162
156,173 147,162
157,173 148,162
157,173 149,162
158,173 150,162
159,173 151,162
159,173 152,162
160,172 153,162
160,172 154,162
161,172 155,162
162,172 156,162
162,172 157,162
163,172 158,162
164,172 159,162
164,172 160,162
165,172 161,162
165,172 162,162
166,172 163,162
167,172 164,162
167,172 165,162
168,172 166,162
169,172 167,162
169,172 168,162
170,172 169,162
170,172 170,162
171,172 171,162
172,172 172,162
172,172 173,162
173,172 174,162
174,172 175,162
174,172 176,162
175,172 177,162
176,172 178,162
176,172 179,161
177,172 180,161
177,172 181,161
178,172 182,161
179,172 183,161
179,172 184,161
180,172 185,161
181,172 186,161
181,172 187,161
182,172 188,161
182,172 189,161
183,172 190,161
184,172 191,161
184,172 192,161
185,172 193,161
186,172 194,161
186,172 195,161
187,171 196,161
187,171 197,161
188,170 198,161
189,169 199,161
189,169 200,161
190,168 201,161
191,167 202,161
191,167 203,161
192,166 204,161
193,165 205,161
124,166 97,163
124,166 98,163
125,167 99,163
125,167 100,163
126,168 101,163
127,169 102,163
127,169 103,163
128,170 104,163
129,171 105,163
129,171 106,163
130,172 107,163
131,173 108,163
131,173 109,163
132,174 110,163
132,174 111,163
133,174 112,163
134,174 113,163
134,174 114,163
135,174 115,163
136,174 116,163
136,174 117,163
137,174 118,163
138,174 119,163
138,174 120,163
139,174 121,163
139,174 122,163
140,174 123,163
141,174 124,162
141,174 125,162
142,174 126,162
143,174 127,162
143,174 128,162
144,174 129,162
145,174 130,162
145,174 131,162
146,174 132,162
147,174 133,162
147,174 134,162
148,174 135,162
148,174 136,162
149,174 137,162
150,174 138,162
150,174 139,162
151,174 140,162
152,174 141,162
152,174 142,162
153,174 143,162
154,174 144,162
154,174 145,162
155,174 146,162
155,174 147,162
156,174 148,162
157,174 149,162
157,174 150,162
158,174 151,162
159,174 152,162
159,174 153,162
160,173 154,162
161,173 155,162
161,173 156,162
162,173 157,162
162,173 158,162
163,173 159,162
164,173 160,162
164,173 161,162
165,173 162,162
166,173 163,162
166,173 164,162
167,173 165,162
168,173 166,162
168,173 167,162
169,173 168,162
170,173 169,162
170,173 170,162
171,173 171,162
171,173 172,162
172,173 173,162
173,173 174,162
173,173 175,162
174,173 176,162
175,173 177,162
175,173 178,162
176,173 179,161
177,173 180,161
177,173 181,161
178,173 182,161
178,173 183,161
179,173 184,161
180,173 185,161
180,173 186,161
181,173 187,161
182,173 188,161
182,173 189,161
183,173 190,161
184,173 191,161
184,173 192,161
185,173 193,161
185,173 194,161
186,173 195,161
187,172 196,161
187,172 197,161
188,171 198,161
189,170 199,161
189,170 200,161
190,169 201,161
191,168 202,161
191,168 203,161
192,167 204,161
193,166 205,161
124,167 96,163
124,167 97,164
125,168 98,164
125,168 99,164
126,169 100,164
127,170 101,164
127,170 102,164
128,171 103,164
129,172 104,164
129,172 105,164
130,173 106,164
130,173 107,164
131,174 108,164
132,175 109,164
132,175 110,164
133,175 111,164
134,175 112,164
134,175 113,164
135,175 114,164
136,175 115,164
136,175 116,164
137,175 117,164
137,175 118,164
138,175 119,164
139,175 120,164
139,175 121,164
140,175 122,164
141,175 123,164
141,175 124,163
142,175 125,163
142,175 126,163
143,175 127,163
144,175 128,163
144,175 129,163
145,175 130,163
146,175 131,163
146,175 132,163
147,175 133,163
148,175 134,163
148,175 135,163
149,175 136,163
149,175 137,163
150,175 138,163
151,175 139,163
151,175 140,163
152,175 141,163
153,175 142,163
153,175 143,163
154,175 144,163
155,175 145,163
155,175 146,163
156,175 147,163
156,175 148,163
157,175 149,163
158,175 150,163
158,175 151,163
159,175 152,163
160,174 153,163
160,174 154,163
161,174 155,163
161,174 156,163
162,174 157,163
163,174 158,163
163,174 159,163
164,174 160,163
165,174 161,163
165,174 162,163
166,174 163,163
167,174 164,163
167,174 165,163
168,174 166,163
168,174 167,163
169,174 168,163
170,174 169,163
170,174 170,163
171,174 171,163
172,174 172,163
172,174 173,163
173,174 174,163
174,174 175,163
174,174 176,163
175,174 177,163
175,174 178,163
176,174 179,162
177,174 180,162
177,174 181,162
178,174 182,162
179,174 183,162
179,174 184,162
180,174 185,162
180,174 186,162
181,174 187,162
182,174 188,162
182,174 189,162
183,174 190,162
184,174 191,162
184,174 192,162
185,174 193,162
186,174 194,162
186,174 195,162
187,173 196,162
187,173 197,162
188,172 198,162
189,171 199,162
189,171 200,162
190,170 201,162
191,169 202,162
191,169 203,162
192,168 204,162
193,167 205,162
124,168 96,164
124,168 97,165
125,169 98,165
125,169 99,165
126,170 100,165
127,171 101,165
127,171 102,165
128,172 103,165
129,173 104,165
129,173 105,165
130,174 106,165
130,174 107,165
131,175 108,165
132,176 109,165
132,176 110,165
133,176 111,165
134,176 112,165
134,176 113,165
135,176 114,165
136,176 115,165
136,176 116,165
137,176 117,165
137,176 118,165
138,176 119,165
139,176 120,165
139,176 121,165
140,176 122,165
141,176 123,165
141,176 124,164
142,176 125,164
142,176 126,164
143,176 127,164
144,176 128,164
144,176 129,164
145,176 130,164
146,176 131,164
146,176 132,164
147,176 133,164
148,176 134,164
148,176 135,164
149,176 136,164
149,176 137,164
150,176 138,164
151,176 139,164
151,176 140,164
152,176 141,164
153,176 142,164
153,176 143,164
154,176 144,164
155,176 145,164
155,176 146,164
156,176 147,164
156,176 148,164
157,176 149,164
158,176 150,164
158,176 151,164
159,176 152,164
160,175 153,164
160,175 154,164
161,175 155,164
161,175 156,164
162,175 157,164
163,175 158,164
163,175 159,164
164,175 160,164
165,175 161,164
165,175 162,164
166,175 163,164
167,175 164,164
167,175 165,164
168,175 166,164
168,175 167,164
169,175 168,164
170,175 169,164
170,175 170,164
171,175 171,164
172,175 172,164
172,175 173,164
173,175 174,164
174,175 175,164
174,175 176,164
175,175 177,164
175,175 178,164
176,175 179,163
177,175 180,163
177,175 181,163
178,175 182,163
179,175 183,163
179,175 184,163
180,175 185,163
180,175 186,163
181,175 187,163
182,175 188,163
182,175 189,163
183,175 190,163
184,175 191,163
184,175 192,163
185,175 193,163
186,175 194,163
186,175 195,163
187,174 196,163
187,174 197,163
188,173 198,163
189,172 199,163
189,172 200,163
190,171 201,163
191,170 202,163
191,170 203,163
192,169 204,163
193,168 205,163
124,169 96,164
124,169 97,165
125,170 98,165
125,170 99,165
126,171 100,165
127,172 101,165
127,172 102,165
128,173 103,165
129,174 104,165
129,174 105,165
130,175 106,165
130,175 107,165
131,176 108,165
132,177 109,165
132,177 110,165
133,177 111,165
134,177 112,165
134,177 113,165
135,177 114,165
136,177 115,165
136,177 116,165
137,177 117,165
137,177 118,165
138,177 119,165
139,177 120,165
139,177 121,165
140,177 122,165
141,177 123,165
141,177 124,164
142,177 125,164
142,177 126,164
143,177 127,164
144,177 128,164
144,177 129,164
145,177 130,164
146,177 131,164
146,177 132,164
147,177 133,164
148,177 134,164
148,177 135,164
149,177 136,164
149,177 137,164
150,177 138,164
151,177 139,164
151,177 140,164
152,177 141,164
153,177 142,164
153,177 143,164
154,177 144,164
155,177 145,164
155,177 146,164
156,177 147,164
156,177 148,164
157,177 149,164
158,177 150,164
158,177 151,164
159,177 152,164
160,176 153,164
160,176 154,164
161,176 155,164
161,176 156,164
162,176 157,164
163,176 158,164
163,176 159,164
164,176 160,164
165,176 161,164
165,176 162,164
166,176 163,164
167,176 164,164
167,176 165,164
168,176 166,164
168,176 167,164
169,176 168,164
170,176 169,164
170,176 170,164
171,176 171,164
172,176 172,164
172,176 173,164
173,176 174,164
174,176 175,164
174,176 176,164
175,176 177,164
175,176 178,164
176,176 179,163
177,176 180,163
177,176 181,163
178,176 182,163
179,176 183,163
179,176 184,163
180,176 185,163
180,176 186,163
181,176 187,163
182,176 188,163
182,176 189,163
183,176 190,163
184,176 191,163
184,176 192,163
185,176 193,163
186,176 194,163
186,176 195,163
187,175 196,163
187,175 197,163
188,174 198,163
189,173 199,163
189,173 200,163
190,172 201,163
191,171 202,163
191,171 203,163
192,170 204,163
193,169 205,163
123,169 96,165
123,169 97,166
124,170 98,166
124,170 99,166
125,171 100,166
126,172 101,166
126,172 102,166
127,173 103,166
128,174 104,166
128,174 105,166
129,175 106,166
130,176 107,166
130,176 108,166
131,177 109,166
132,178 110,166
132,178 111,166
133,178 112,166
134,178 113,166
134,178 114,166
135,178 115,166
136,178 116,166
136,178 117,166
137,178 118,166
137,178 119,166
138,178 120,166
139,178 121,166
139,178 122,166
140,178 123,166
141,178 124,165
141,178 125,165
142,178 126,165
143,178 127,165
143,178 128,165
144,178 129,165
145,178 130,165
145,178 131,165
146,178 132,165
147,178 133,165
147,178 134,165
148,178 135,165
149,178 136,165
149,178 137,165
150,178 138,165
151,178 139,165
151,178 140,165
152,178 141,165
152,178 142,165
153,178 143,165
154,178 144,165
154,178 145,165
155,178 146,165
156,178 147,165
156,178 148,165
157,178 149,165
158,178 150,165
158,178 151,165
159,178 152,165
160,177 153,165
160,177 154,165
161,177 155,165
162,177 156,165
162,177 157,165
163,177 158,165
164,177 159,165
164,177 160,165
165,177 161,165
165,177 162,165
166,177 163,165
167,177 164,165
167,177 165,165
168,177 166,165
169,177 167,165
169,177 168,165
170,177 169,165
171,177 170,165
171,177 171,165
172,177 172,165
173,177 173,165
173,177 174,165
174,177 175,165
175,177 176,165
175,177 177,165
176,177 178,165
177,177 179,164
177,177 180,164
178,177 181,164
179,177 182,164
179,177 183,164
180,177 184,164
180,177 185,164
181,177 186,164
182,177 187,164
182,177 188,164
183,177 189,164
184,177 190,164
184,177 191,164
185,177 192,164
186,177 193,164
186,177 194,164
187,176 195,164
188,175 196,164
188,175 197,164
189,174 198,164
190,173 199,164
190,173 200,164
191,172 201,164
192,171 202,164
192,171 203,164
193,170 204,164
194,169 205,164
123,170 96,166
123,170 97,167
124,171 98,167
124,171 99,167
125,172 100,167
126,173 101,167
126,173 102,167
127,174 103,167
128,175 104,167
128,175 105,167
129,176 106,167
130,177 107,167
130,177 108,167
131,178 109,167
132,179 110,167
132,179 111,167
133,179 112,167
134,179 113,167
134,179 114,167
135,179 115,167
136,179 116,167
136,179 117,167
137,179 118,167
137,179 119,167
138,179 120,167
139,179 121,167
139,179 122,167
140,179 123,167
141,179 124,166
141,179 125,166
142,179 126,166
143,179 127,166
143,179 128,166
144,179 129,166
145,179 130,166
145,179 131,166
146,179 132,166
147,179 133,166
147,179 134,166
148,179 135,166
149,179 136,166
149,179 137,166
150,179 138,166
151,179 139,166
151,179 140,166
152,179 141,166
152,179 142,166
153,179 143,166
154,179 144,166
154,179 145,166
155,179 146,166
156,179 147,166
156,179 148,166
157,179 149,166
158,179 150,166
158,179 151,166
159,179 152,166
160,178 153,166
160,178 154,166
161,178 155,166
162,178 156,166
162,178 157,166
163,178 158,166
164,178 159,166
164,178 160,166
165,178 161,166
165,178 162,166
166,178 163,166
167,178 164,166
167,178 165,166
168,178 166,166
169,178 167,166
169,178 168,166
170,178 169,166
171,178 170,166
171,178 171,166
172,178 172,166
173,178 173,166
173,178 174,166
174,178 175,166
175,178 176,166
175,178 177,166
176,178 178,166
177,178 179,165
177,178 180,165
178,178 181,165
179,178 182,165
179,178 183,165
180,178 184,165
180,178 185,165
181,178 186,165
182,178 187,165
182,178 188,165
183,178 189,165
184,178 190,165
184,178 191,165
185,178 192,165
186,178 193,165
186,178 194,165
187,177 195,165
188,176 196,165
188,176 197,165
189,175 198,165
190,174 199,165
190,174 200,165
191,173 201,165
192,172 202,165
192,172 203,165
193,171 204,165
194,170 205,165
123,171 96,166
123,171 97,167
124,172 98,167
124,172 99,167
125,173 100,167
126,174 101,167
126,174 102,167
127,175 103,167
128,176 104,167
128,176 105,167
129,177 106,167
130,178 107,167
130,178 108,167
131,179 109,167
132,180 110,167
132,180 111,167
133,180 112,167
134,180 113,167
134,180 114,167
135,180 115,167
136,180 116,167
136,180 117,167
137,180 118,167
137,180 119,167
138,180 120,167
139,180 121,167
139,180 122,167
140,180 123,167
141,180 124,166
141,180 125,166
142,180 126,166
143,180 127,166
143,180 128,166
144,180 129,166
145,180 130,166
145,180 131,166
146,180 132,166
147,180 133,166
147,180 134,166
148,180 135,166
149,180 136,166
149,180 137,166
150,180 138,166
151,180 139,166
151,180 140,166
152,180 141,166
152,180 142,166
153,180 143,166
154,180 144,166
154,180 145,166
155,180 146,166
156,180 147,166
156,180 148,166
157,180 149,166
158,180 150,166
158,180 151,166
159,180 152,166
160,179 153,166
160,179 154,166
161,179 155,166
162,179 156,166
162,179 157,166
163,179 158,166
164,179 159,166
164,179 160,166
165,179 161,166
165,179 162,166
166,179 163,166
167,179 164,166
167,179 165,166
168,179 166,166
169,179 167,166
169,179 168,166
170,179 169,166
171,179 170,166
171,179 171,166
172,179 172,166
173,179 173,166
173,179 174,166
174,179 175,166
175,179 176,166
175,179 177,166
176,179 178,166
177,179 179,165
177,179 180,165
178,179 181,165
179,179 182,165
179,179 183,165
180,179 184,165
180,179 185,165
181,179 186,165
182,179 187,165
182,179 188,165
183,179 189,165
184,179 190,165
184,179 191,165
185,179 192,165
186,179 193,165
186,179 194,165
187,178 195,165
188,177 196,165
188,177 197,165
189,176 198,165
190,175 199,165
190,175 200,165
191,174 201,165
192,173 202,165
192,173 203,165
193,172 204,165
194,171 205,165
122,171 95,166
122,171 96,167
123,172 97,168
123,172 98,168
124,173 99,168
125,174 100,168
125,174 101,168
126,175 102,168
127,176 103,168
127,176 104,168
128,177 105,168
129,178 106,168
129,178 107,168
130,179 108,168
131,180 109,168
131,180 110,168
132,181 111,168
133,181 112,168
133,181 113,168
134,181 114,168
135,181 115,168
135,181 116,168
136,181 117,168
137,181 118,168
137,181 119,168
138,181 120,168
139,181 121,168
139,181 122,168
140,181 123,168
141,181 124,167
141,181 125,167
142,181 126,167
143,181 127,167
143,181 128,167
144,181 129,167
145,181 130,167
145,181 131,167
146,181 132,167
147,181 133,167
147,181 134,167
148,181 135,167
149,181 136,167
149,181 137,167
150,181 138,167
151,181 139,167
151,181 140,167
152,181 141,167
153,181 142,167
153,181 143,167
154,181 144,167
155,181 145,167
155,181 146,167
156,181 147,167
157,181 148,167
157,181 149,167
158,181 150,167
158,181 151,167
159,181 152,167
160,180 153,167
160,180 154,167
161,180 155,167
162,180 156,167
162,180 157,167
163,180 158,167
164,180 159,167
164,180 160,167
165,180 161,167
166,180 162,167
166,180 163,167
167,180 164,167
168,180 165,167
168,180 166,167
169,180 167,167
170,180 168,167
170,180 169,167
171,180 170,167
172,180 171,167
172,180 172,167
173,180 173,167
174,180 174,167
174,180 175,167
175,180 176,167
176,180 177,167
176,180 178,167
177,180 179,166
178,180 180,166
178,180 181,166
179,180 182,166
180,180 183,166
180,180 184,166
181,180 185,166
182,180 186,166
182,180 187,166
183,180 188,166
184,180 189,166
184,180 190,166
185,180 191,166
186,180 192,166
186,180 193,166
187,179 194,166
188,178 195,166
188,178 196,166
189,177 197,166
190,176 198,166
190,176 199,166
191,175 200,166
192,174 201,166
192,174 202,166
193,173 203,166
194,172 204,166
122,172 95,167
122,172 96,168
123,173 97,169
123,173 98,169
124,174 99,169
125,175 100,169
125,175 101,169
126,176 102,169
126,176 103,169
127,177 104,169
128,178 105,169
128,178 106,169
129,179 107,169
130,180 108,169
130,180 109,169
131,181 110,169
131,181 111,169
133,182 112,169
134,182 113,169
134,182 114,169
135,182 115,169
136,182 116,169
136,182 117,169
137,182 118,169
137,182 119,169
138,182 120,169
139,182 121,169
139,182 122,169
140,182 123,169
141,182 124,168
141,182 125,168
142,182 126,168
142,182 127,168
143,182 128,168
144,182 129,168
144,182 130,168
145,182 131,168
146,182 132,168
146,182 133,168
147,182 134,168
147,182 135,168
148,182 136,168
149,182 137,168
149,182 138,168
150,182 139,168
151,182 140,168
151,182 141,168
152,182 142,168
152,182 143,168
153,182 144,168
154,182 145,168
154,182 146,168
155,182 147,168
156,182 148,168
156,182 149,168
157,182 150,168
157,182 151,168
158,182 152,168
159,182 153,168
159,182 154,168
160,181 155,168
161,181 156,168
161,181 157,168
162,181 158,168
162,181 159,168
163,181 160,168
164,181 161,168
164,181 162,168
165,181 163,168
166,181 164,168
166,181 165,168
167,181 166,168
167,181 167,168
168,181 168,168
169,181 169,168
169,181 170,168
170,181 171,168
171,181 172,168
171,181 173,168
172,181 174,168
172,181 175,168
173,181 176,168
174,181 177,168
174,181 178,168
175,181 179,167
176,181 180,167
176,181 181,167
177,181 182,167
177,181 183,167
178,181 184,167
179,181 185,167
179,181 186,167
180,181 187,167
181,181 188,167
181,181 189,167
182,181 190,167
182,181 191,167
187,180 192,167
188,179 193,167
188,179 194,167
189,178 195,167
190,177 196,167
190,177 197,167
191,176 198,167
191,176 199,167
192,175 200,167
193,174 201,167
193,174 202,167
194,173 203,167
195,172 204,167
122,173 95,167
122,173 96,168
122,173 97,169
123,174 98,169
123,174 99,169
123,174 100,169
124,175 101,169
124,175 102,169
124,175 103,169
125,176 104,169
125,176 105,169
125,176 106,169
126,177 107,169
126,177 108,169
126,177 109,169
127,178 110,169
127,178 111,169
127,178 112,169
128,179 113,169
128,179 114,169
128,179 115,169
129,180 116,169
129,180 117,169
129,180 118,169
130,181 119,169
130,181 120,169
130,181 121,169
135,183 122,169
135,183 123,169
135,183 124,168
136,183 125,168
136,183 126,168
136,183 127,168
137,183 128,168
137,183 129,168
137,183 130,168
138,183 131,168
138,183 132,168
138,183 133,168
139,183 134,168
139,183 135,168
139,183 136,168
140,183 137,168
140,183 138,168
140,183 139,168
141,183 140,168
141,183 141,168
141,183 142,168
142,183 143,168
142,183 144,168
142,183 145,168
143,183 146,168
143,183 147,168
143,183 148,168
144,183 149,168
144,183 150,168
145,183 151,168
145,183 152,168
145,183 153,168
146,183 154,168
146,183 155,168
146,183 156,168
147,183 157,168
147,183 158,168
147,183 159,168
148,183 160,168
148,183 161,168
148,183 162,168
160,182 163,168
160,182 164,168
160,182 165,168
161,182 166,168
161,182 167,168
161,182 168,168
162,182 169,168
162,182 170,168
162,182 171,168
163,182 172,168
163,182 173,168
163,182 174,168
164,182 175,168
164,182 176,168
164,182 177,168
165,182 178,168
165,182 179,167
165,182 180,167
166,182 181,167
166,182 182,167
166,182 183,167
188,180 184,167
188,180 185,167
188,180 186,167
189,179 187,167
189,179 188,167
189,179 189,167
190,178 190,167
190,178 191,167
190,178 192,167
191,177 193,167
191,177 194,167
191,177 195,167
192,176 196,167
192,176 197,167
192,176 198,167
193,175 199,167
193,175 200,167
193,175 201,167
194,174 202,167
194,174 203,167
195,173 204,167
122,174 95,168
122,174 96,169
122,174 97,170
122,174 98,170
122,174 99,170
122,174 100,170
122,174 101,170
122,174 102,170
123,175 103,170
123,175 104,170
123,175 105,170
123,175 106,170
123,175 107,170
123,175 108,170
123,175 109,170
123,175 110,170
124,176 111,170
124,176 112,170
124,176 113,170
124,176 114,170
124,176 115,170
124,176 116,170
124,176 117,170
124,176 118,170
125,177 119,170
125,177 120,170
125,177 121,170
125,177 122,170
125,177 123,170
125,177 124,169
125,177 125,169
125,177 126,169
126,178 127,169
126,178 128,169
126,178 129,169
126,178 130,169
126,178 131,169
126,178 132,169
126,178 133,169
127,179 134,169
127,179 135,169
127,179 136,169
127,179 137,169
127,179 138,169
127,179 139,169
127,179 140,169
127,179 141,169
128,180 142,169
128,180 143,169
128,180 144,169
128,180 145,169
128,180 146,169
128,180 147,169
128,180 148,169
128,180 149,169
129,181 150,169
129,181 151,169
129,181 152,169
129,181 153,169
129,181 154,169
129,181 155,169
129,181 156,169
129,181 157,169
189,180 158,169
189,180 159,169
189,180 160,169
189,180 161,169
189,180 162,169
189,180 163,169
189,180 164,169
189,180 165,169
190,179 166,169
190,179 167,169
190,179 168,169
190,179 169,169
190,179 170,169
190,179 171,169
190,179 172,169
191,178 173,169
191,178 174,169
191,178 175,169
191,178 176,169
191,178 177,169
191,178 178,169
191,178 179,168
191,178 180,168
192,177 181,168
192,177 182,168
192,177 183,168
192,177 184,168
192,177 185,168
192,177 186,168
192,177 187,168
192,177 188,168
193,176 189,168
193,176 190,168
193,176 191,168
193,176 192,168
193,176 193,168
193,176 194,168
193,176 195,168
193,176 196,168
194,175 197,168
194,175 198,168
194,175 199,168
194,175 200,168
194,175 201,168
194,175 202,168
194,175 203,168
195,174 204,168
121,174 94,168
121,174 95,169
121,174 96,170
121,174 97,171
121,174 98,171
121,174 99,171
121,174 100,171
121,174 101,171
121,174 102,171
121,174 103,171
122,175 104,171
122,175 105,171
122,175 106,171
122,175 107,171
122,175 108,171
122,175 109,171
122,175 110,171
122,175 111,171
122,175 112,171
123,176 113,171
123,176 114,171
123,176 115,171
123,176 116,171
123,176 117,171
123,176 118,171
123,176 119,171
123,176 120,171
123,176 121,171
124,177 122,171
124,177 123,171
124,177 124,170
124,177 125,170
124,177 126,170
124,177 127,170
124,177 128,170
124,177 129,170
124,177 130,170
125,178 131,170
125,178 132,170
125,178 133,170
125,178 134,170
125,178 135,170
125,178 136,170
125,178 137,170
125,178 138,170
125,178 139,170
126,179 140,170
126,179 141,170
126,179 142,170
126,179 143,170
126,179 144,170
126,179 145,170
126,179 146,170
126,179 147,170
126,179 148,170
127,180 149,170
127,180 150,170
127,180 151,170
127,180 152,170
127,180 153,170
127,180 154,170
127,180 155,170
127,180 156,170
127,180 157,170
190,180 158,170
190,180 159,170
190,180 160,170
190,180 161,170
190,180 162,170
190,180 163,170
190,180 164,170
190,180 165,170
190,180 166,170
191,179 167,170
191,179 168,170
191,179 169,170
191,179 170,170
191,179 171,170
191,179 172,170
191,179 173,170
191,179 174,170
191,179 175,170
192,178 176,170
192,178 177,170
192,178 178,170
192,178 179,169
192,178 180,169
192,178 181,169
192,178 182,169
192,178 183,169
192,178 184,169
193,177 185,169
193,177 186,169
193,177 187,169
193,177 188,169
193,177 189,169
193,177 190,169
193,177 191,169
193,177 192,169
193,177 193,169
194,176 194,169
194,176 195,169
194,176 196,169
194,176 197,169
194,176 198,169
194,176 199,169
194,176 200,169
194,176 201,169
194,176 202,169
195,175 203,169
121,175 94,168
121,175 95,169
121,175 96,170
121,175 97,171
121,175 98,171
121,175 99,171
121,175 100,171
121,175 101,171
121,175 102,171
121,175 103,171
121,175 104,171
122,176 105,171
122,176 106,171
122,176 107,171
122,176 108,171
122,176 109,171
122,176 110,171
122,176 111,171
122,176 112,171
122,176 113,171
122,176 114,171
122,176 115,171
123,177 116,171
123,177 117,171
123,177 118,171
123,177 119,171
123,177 120,171
123,177 121,171
123,177 122,171
123,177 123,171
123,177 124,170
123,177 125,170
123,177 126,170
124,178 127,170
124,178 128,170
124,178 129,170
124,178 130,170
124,178 131,170
124,178 132,170
124,178 133,170
124,178 134,170
124,178 135,170
124,178 136,170
124,178 137,170
125,179 138,170
125,179 139,170
125,179 140,170
125,179 141,170
125,179 142,170
125,179 143,170
125,179 144,170
125,179 145,170
125,179 146,170
125,179 147,170
125,179 148,170
126,180 149,170
126,180 150,170
126,180 151,170
126,180 152,170
126,180 153,170
126,180 154,170
126,180 155,170
126,180 156,170
126,180 157,170
126,180 158,170
126,180 159,170
191,180 160,170
191,180 161,170
191,180 162,170
191,180 163,170
191,180 164,170
191,180 165,170
191,180 166,170
191,180 167,170
191,180 168,170
191,180 169,170
191,180 170,170
192,179 171,170
192,179 172,170
192,179 173,170
192,179 174,170
192,179 175,170
192,179 176,170
192,179 177,170
192,179 178,170
192,179 179,169
192,179 180,169
192,179 181,169
193,178 182,169
193,178 183,169
193,178 184,169
193,178 185,169
193,178 186,169
193,178 187,169
193,178 188,169
193,178 189,169
193,178 190,169
193,178 191,169
193,178 192,169
194,177 193,169
194,177 194,169
194,177 195,169
194,177 196,169
194,177 197,169
194,177 198,169
194,177 199,169
194,177 200,169
194,177 201,169
194,177 202,169
195,176 203,169
121,176 94,169
121,176 95,170
121,176 96,171
121,176 124,171
121,176 125,171
121,176 126,171
121,176 127,171
121,176 128,171
121,176 129,171
121,176 130,171
122,177 131,171
122,177 132,171
122,177 133,171
122,177 134,171
122,177 135,171
122,177 136,171
122,177 137,171
122,177 138,171
122,177 139,171
123,178 140,171
123,178 141,171
123,178 142,171
123,178 143,171
123,178 144,171
123,178 145,171
123,178 146,171
123,178 147,171
123,178 148,171
124,179 149,171
124,179 150,171
124,179 151,171
124,179 152,171
124,179 153,171
124,179 154,171
124,179 155,171
124,179 156,171
124,179 157,171
125,180 158,171
125,180 159,171
125,180 160,171
125,180 161,171
125,180 162,171
125,180 163,171
125,180 164,171
125,180 165,171
125,180 166,171
192,180 167,171
192,180 168,171
192,180 169,171
192,180 170,171
192,180 171,171
192,180 172,171
192,180 173,171
192,180 174,171
192,180 175,171
193,179 176,171
193,179 177,171
193,179 178,171
193,179 179,170
193,179 180,170
193,179 181,170
193,179 182,170
193,179 183,170
193,179 184,170
194,178 185,170
194,178 186,170
194,178 187,170
194,178 188,170
194,178 189,170
194,178 190,170
194,178 191,170
194,178 192,170
194,178 193,170
195,177 194,170
195,177 195,170
195,177 196,170
195,177 197,170
195,177 198,170
195,177 199,170
195,177 200,170
195,177 201,170
195,177 202,170
196,176 203,170
121,177 93,169
121,177 94,170
121,177 95,171
121,177 179,171
122,178 180,171
122,178 181,171
122,178 182,171
122,178 183,171
123,179 184,171
123,179 185,171
123,179 186,171
123,179 187,171
124,180 188,171
124,180 189,171
124,180 190,171
124,180 191,171
193,180 192,171
193,180 193,171
193,180 194,171
193,180 195,171
194,179 196,171
194,179 197,171
194,179 198,171
194,179 199,171
195,178 200,171
195,178 201,171
195,178 202,171
196,177 203,171
121,178 93,169
121,178 94,170
121,178 95,171
121,178 179,171
121,178 180,171
121,178 181,171
122,179 182,171
122,179 183,171
122,179 184,171
122,179 185,171
122,179 186,171
123,180 187,171
123,180 188,171
123,180 189,171
123,180 190,171
123,180 191,171
123,180 192,171
194,180 193,171
194,180 194,171
194,180 195,171
194,180 196,171
194,180 197,171
195,179 198,171
195,179 199,171
195,179 200,171
195,179 201,171
195,179 202,171
196,178 203,171
120,178 93,170
121,179 93,170
122,180 93,170
195,180 93,170
196,179 94,171
120,179 93,171
121,180 93,171
196,180 92,170
120,180 92,171
