121,238 114,235
121,238 114,234
121,237 114,233
121,236 114,232
121,235 114,231
121,235 114,230
121,234 114,229
121,233 114,228
121,232 114,227
121,231 115,226
121,238 115,234
121,237 115,233
121,236 115,232
121,235 115,231
121,234 115,230
121,233 115,229
121,232 115,228
121,231 115,227
121,238 116,234
121,237 116,234
121,236 116,233
121,235 116,232
121,234 116,231
121,233 116,230
121,232 116,229
121,231 116,228
121,238 117,234
121,237 117,234
121,236 117,233
121,235 117,232
121,234 117,232
121,233 117,231
121,232 117,230
121,231 117,229
121,238 118,233
121,237 118,233
121,236 118,232
121,235 118,232
121,234 118,231
121,233 118,231
121,232 118,230
121,231 118,229
121,238 119,233
121,237 119,233
121,236 119,233
121,235 119,232
121,234 119,232
121,233 119,231
121,232 119,231
121,231 119,230
121,238 120,233
121,237 120,233
121,236 120,233
121,235 120,233
121,234 120,232
121,233 120,232
121,232 120,232
121,231 120,231
122,238 121,233
122,237 121,233
122,236 121,233
122,235 121,233
122,234 121,233
122,233 121,233
122,232 121,233
122,231 121,232
