185,134 202,94
186,135 202,94
187,135 202,94
188,136 202,94
189,137 202,95
190,137 202,95
191,138 202,95
192,138 203,96
193,139 203,96
194,139 203,96
195,139 204,97
196,139 204,97
197,140 204,97
198,140 205,98
199,140 205,98
200,140 205,98
201,140 205,98
202,140 206,99
203,140 206,99
204,140 206,99
205,140 207,99
206,140 207,99
207,140 207,99
208,140 208,100
209,140 208,100
210,140 208,100
211,140 209,100
212,140 209,100
213,141 209,100
214,142 210,101
215,143 210,101
216,144 210,101
217,144 210,101
218,145 211,101
219,146 211,101
220,147 211,101
221,148 212,102
222,148 212,102
223,149 212,102
224,150 213,103
225,151 213,103
226,152 213,103
227,152 214,104
228,153 214,104
229,154 214,104
230,154 215,104
185,133 202,94
186,134 202,94
187,134 202,94
188,135 202,94
189,136 202,95
190,136 202,95
191,137 202,95
192,137 203,96
193,138 203,96
194,138 203,96
195,138 204,97
196,138 204,97
197,139 204,97
198,139 205,98
199,139 205,98
200,139 205,98
201,139 205,98
202,139 206,99
203,139 206,99
204,139 206,99
205,139 207,99
206,139 207,99
207,139 207,99
208,139 208,100
209,139 208,100
210,139 208,100
211,139 209,100
212,139 209,100
213,140 209,100
214,141 210,101
215,142 210,101
216,143 210,101
217,143 210,101
218,144 211,101
219,145 211,101
220,146 211,101
221,147 212,102
222,147 212,102
223,148 212,102
224,149 213,103
225,150 213,103
226,151 213,103
227,151 214,104
228,152 214,104
229,153 214,104
230,153 215,104
186,133 202,94
187,133 202,94
188,134 202,94
189,135 202,94
190,135 202,95
191,136 202,95
192,136 202,95
193,137 203,96
194,137 203,96
195,137 203,96
196,137 204,97
197,138 204,97
198,138 204,97
199,138 205,98
200,138 205,98
201,138 205,98
202,138 205,98
203,138 206,99
204,138 206,99
205,138 206,99
206,138 207,99
207,138 207,99
208,138 207,99
209,138 208,100
210,138 208,100
211,138 208,100
212,138 209,100
213,139 209,100
214,140 209,100
215,141 210,101
216,142 210,101
217,142 210,101
218,143 210,101
219,144 211,101
220,145 211,101
221,146 211,101
222,146 212,102
223,147 212,102
224,148 212,102
225,149 213,103
226,150 213,103
227,150 213,103
228,151 214,104
229,152 214,104
230,152 214,104
231,153 215,104
186,132 202,94
187,132 202,94
188,133 202,94
189,134 202,94
190,134 202,95
191,135 202,95
192,135 202,95
193,136 203,96
194,136 203,96
195,136 203,96
196,136 204,97
197,137 204,97
198,137 204,97
199,137 205,98
200,137 205,98
201,137 205,98
202,137 205,98
203,137 206,99
204,137 206,99
205,137 206,99
206,137 207,99
207,137 207,99
208,137 207,99
209,137 208,100
210,137 208,100
211,137 208,100
212,137 209,100
213,138 209,100
214,139 209,100
215,140 210,101
216,141 210,101
217,141 210,101
218,142 210,101
219,143 211,101
220,144 211,101
221,145 211,101
222,145 212,102
223,146 212,102
224,147 212,102
225,148 213,103
226,149 213,103
227,149 213,103
228,150 214,104
229,151 214,104
230,151 214,104
231,152 215,104
186,131 202,94
187,131 202,94
188,132 202,94
189,133 202,94
190,133 202,95
191,134 202,95
192,134 202,95
193,135 203,96
194,135 203,96
195,135 203,96
196,135 204,97
197,136 204,97
198,136 204,97
199,136 204,97
200,136 205,98
201,136 205,98
202,136 205,98
203,136 206,99
204,136 206,99
205,136 206,99
206,136 207,99
207,136 207,99
208,136 207,99
209,136 208,100
210,136 208,100
211,136 208,100
212,136 208,100
213,137 209,100
214,138 209,100
215,139 209,100
216,140 210,101
217,140 210,101
218,141 210,101
219,142 211,101
220,143 211,101
221,144 211,101
222,144 211,101
223,145 212,102
224,146 212,102
225,147 212,102
226,148 213,103
227,148 213,103
228,149 213,103
229,150 214,104
230,150 214,104
231,151 214,104
232,152 215,104
187,130 202,94
188,131 202,94
189,132 202,94
190,132 202,94
191,133 202,95
192,133 202,95
193,134 202,95
194,134 203,96
195,134 203,96
196,134 203,96
197,135 204,97
198,135 204,97
199,135 204,97
200,135 205,98
201,135 205,98
202,135 205,98
203,135 205,98
204,135 206,99
205,135 206,99
206,135 206,99
207,135 207,99
208,135 207,99
209,135 207,99
210,135 208,100
211,135 208,100
212,135 208,100
213,136 209,100
214,137 209,100
215,138 209,100
216,139 210,101
217,139 210,101
218,140 210,101
219,141 210,101
220,142 211,101
221,143 211,101
222,143 211,101
223,144 212,102
224,145 212,102
225,146 212,102
226,147 213,103
227,147 213,103
228,148 213,103
229,149 214,104
230,149 214,104
231,150 214,104
232,151 215,104
188,130 203,94
189,131 203,94
190,131 203,94
191,132 203,94
192,132 203,95
193,133 203,95
194,133 203,95
195,133 204,96
196,133 204,96
197,134 204,96
198,134 205,97
199,134 205,97
200,134 205,97
201,134 206,98
202,134 206,98
203,134 206,98
204,134 207,98
205,134 207,98
206,134 207,98
207,134 208,99
208,134 208,99
209,134 208,99
210,134 209,99
211,134 209,99
212,134 209,99
213,135 209,99
214,136 210,100
215,137 210,100
216,138 210,100
217,138 211,100
218,139 211,100
219,140 211,100
220,141 212,101
221,142 212,101
222,142 212,101
223,143 213,102
224,144 213,102
225,145 213,102
226,146 214,103
227,146 214,103
228,147 214,103
229,148 215,103
230,148 215,103
231,149 215,103
232,150 216,104
188,129 203,94
189,130 203,94
190,130 203,94
191,131 203,94
192,131 203,95
193,132 203,95
194,132 203,95
195,132 204,96
196,132 204,96
197,133 204,96
198,133 205,97
199,133 205,97
200,133 205,97
201,133 206,98
202,133 206,98
203,133 206,98
204,133 206,98
205,133 207,98
206,133 207,98
207,133 207,98
208,133 208,99
209,133 208,99
210,133 208,99
211,133 209,99
212,133 209,99
213,134 209,99
214,135 210,100
215,136 210,100
216,137 210,100
217,137 211,100
218,138 211,100
219,139 211,100
220,140 211,100
221,141 212,101
222,141 212,101
223,142 212,101
224,143 213,102
225,144 213,102
226,145 213,102
227,145 214,103
228,146 214,103
229,147 214,103
230,147 215,103
231,148 215,103
232,149 215,103
233,150 216,104
188,128 203,94
189,129 203,94
190,129 203,94
191,130 203,94
192,130 203,95
193,131 203,95
194,131 203,95
195,131 204,96
196,131 204,96
197,132 204,96
198,132 205,97
199,132 205,97
200,132 205,97
201,132 206,98
202,132 206,98
203,132 206,98
204,132 206,98
205,132 207,98
206,132 207,98
207,132 207,98
208,132 208,99
209,132 208,99
210,132 208,99
211,132 209,99
212,132 209,99
213,133 209,99
214,134 210,100
215,135 210,100
216,136 210,100
217,136 211,100
218,137 211,100
219,138 211,100
220,139 211,100
221,140 212,101
222,140 212,101
223,141 212,101
224,142 213,102
225,143 213,102
226,144 213,102
227,144 214,103
228,145 214,103
229,146 214,103
230,146 215,103
231,147 215,103
232,148 215,103
233,149 216,104
189,128 203,94
190,128 203,94
191,129 203,94
192,129 203,94
193,130 203,95
194,130 203,95
195,130 203,95
196,130 204,96
197,131 204,96
198,131 204,96
199,131 205,97
200,131 205,97
201,131 205,97
202,131 206,98
203,131 206,98
204,131 206,98
205,131 206,98
206,131 207,98
207,131 207,98
208,131 207,98
209,131 208,99
210,131 208,99
211,131 208,99
212,131 209,99
213,132 209,99
214,133 209,99
215,134 210,100
216,135 210,100
217,135 210,100
218,136 211,100
219,137 211,100
220,138 211,100
221,139 211,100
222,139 212,101
223,140 212,101
224,141 212,101
225,142 213,102
226,143 213,102
227,143 213,102
228,144 214,103
229,145 214,103
230,145 214,103
231,146 215,103
232,147 215,103
233,148 215,103
234,149 216,104
189,127 203,94
190,127 203,94
191,128 203,94
192,128 203,94
193,129 203,95
194,129 203,95
195,129 203,95
196,129 204,96
197,130 204,96
198,130 204,96
199,130 205,97
200,130 205,97
201,130 205,97
202,130 206,98
203,130 206,98
204,130 206,98
205,130 206,98
206,130 207,98
207,130 207,98
208,130 207,98
209,130 208,99
210,130 208,99
211,130 208,99
212,130 209,99
213,131 209,99
214,132 209,99
215,133 210,100
216,134 210,100
217,134 210,100
218,135 211,100
219,136 211,100
220,137 211,100
221,138 211,100
222,138 212,101
223,139 212,101
224,140 212,101
225,141 213,102
226,142 213,102
227,142 213,102
228,143 214,103
229,144 214,103
230,144 214,103
231,145 215,103
232,146 215,103
233,147 215,103
234,148 216,104
190,126 203,94
191,127 203,94
192,127 203,94
193,128 203,94
194,128 203,95
195,128 203,95
196,128 203,95
197,129 204,96
198,129 204,96
199,129 204,96
200,129 205,97
201,129 205,97
202,129 205,97
203,129 206,98
204,129 206,98
205,129 206,98
206,129 206,98
207,129 207,98
208,129 207,98
209,129 207,98
210,129 208,99
211,129 208,99
212,129 208,99
213,130 209,99
214,131 209,99
215,132 209,99
216,133 210,100
217,133 210,100
218,134 210,100
219,135 211,100
220,136 211,100
221,137 211,100
222,137 211,100
223,138 212,101
224,139 212,101
225,140 212,101
226,141 213,102
227,141 213,102
228,142 213,102
229,143 214,103
230,143 214,103
231,144 214,103
232,145 215,103
233,146 215,103
234,147 215,103
235,148 216,104
191,126 203,93
192,126 203,93
193,127 203,93
194,127 203,93
195,127 204,94
196,127 204,94
197,128 204,94
198,128 204,95
199,128 204,95
200,128 204,95
201,128 205,96
202,128 205,96
203,128 205,96
204,128 206,97
205,128 206,97
206,128 206,97
207,128 207,97
208,128 207,97
209,128 207,97
210,128 208,98
211,128 208,98
212,128 208,98
213,129 209,98
214,130 209,98
215,131 209,98
216,132 209,98
217,132 210,99
218,133 210,99
219,134 210,99
220,135 211,99
221,136 211,99
222,136 211,99
223,137 212,100
224,138 212,100
225,139 212,100
226,140 213,101
227,140 213,101
228,141 213,101
229,142 214,102
230,142 214,102
231,143 214,102
232,144 215,102
233,145 215,102
234,146 215,102
235,147 216,103
191,125 203,93
192,125 203,93
193,126 203,93
194,126 203,93
195,126 204,94
196,126 204,94
197,127 204,94
198,127 204,95
199,127 204,95
200,127 204,95
201,127 205,96
202,127 205,96
203,127 205,96
204,127 206,97
205,127 206,97
206,127 206,97
207,127 207,97
208,127 207,97
209,127 207,97
210,127 208,98
211,127 208,98
212,127 208,98
213,128 209,98
214,129 209,98
215,130 209,98
216,131 209,98
217,131 210,99
218,132 210,99
219,133 210,99
220,134 211,99
221,135 211,99
222,135 211,99
223,136 212,100
224,137 212,100
225,138 212,100
226,139 213,101
227,139 213,101
228,140 213,101
229,141 214,102
230,141 214,102
231,142 214,102
232,143 215,102
233,144 215,102
234,145 215,102
235,146 216,103
192,124 203,93
193,125 203,93
194,125 203,93
195,125 203,93
196,125 204,94
197,126 204,94
198,126 204,94
199,126 204,95
200,126 204,95
201,126 204,95
202,126 205,96
203,126 205,96
204,126 205,96
205,126 206,97
206,126 206,97
207,126 206,97
208,126 207,97
209,126 207,97
210,126 207,97
211,126 208,98
212,126 208,98
213,127 208,98
214,128 209,98
215,129 209,98
216,130 209,98
217,130 209,98
218,131 210,99
219,132 210,99
220,133 210,99
221,134 211,99
222,134 211,99
223,135 211,99
224,136 212,100
225,137 212,100
226,138 212,100
227,138 213,101
228,139 213,101
229,140 213,101
230,140 214,102
231,141 214,102
232,142 214,102
233,143 215,102
234,144 215,102
235,145 215,102
236,146 216,103
193,124 203,93
194,124 203,93
195,124 203,93
196,124 203,93
197,125 204,94
198,125 204,94
199,125 204,94
200,125 204,95
201,125 204,95
202,125 204,95
203,125 205,96
204,125 205,96
205,125 205,96
206,125 206,97
207,125 206,97
208,125 206,97
209,125 207,97
210,125 207,97
211,125 207,97
212,125 208,98
213,126 208,98
214,127 208,98
215,128 209,98
216,129 209,98
217,129 209,98
218,130 210,99
219,131 210,99
220,132 210,99
221,133 211,99
222,133 211,99
223,134 211,99
224,135 212,100
225,136 212,100
226,137 212,100
227,137 213,101
228,138 213,101
229,139 213,101
230,139 214,102
231,140 214,102
232,141 214,102
233,142 215,102
234,143 215,102
235,144 215,102
236,145 216,103
194,123 203,93
195,123 203,93
196,123 203,93
197,124 203,93
198,124 204,94
199,124 204,94
200,124 204,94
201,124 204,95
202,124 204,95
203,124 204,95
204,124 205,96
205,124 205,96
206,124 205,96
207,124 206,97
208,124 206,97
209,124 206,97
210,124 207,97
211,124 207,97
212,124 207,97
213,125 208,98
214,126 208,98
215,127 208,98
216,128 209,98
217,128 209,98
218,129 209,98
219,130 210,99
220,131 210,99
221,132 210,99
222,132 211,99
223,133 211,99
224,134 211,99
225,135 212,100
226,136 212,100
227,136 212,100
228,137 213,101
229,138 213,101
230,138 213,101
231,139 214,102
232,140 214,102
233,141 214,102
234,142 215,102
235,143 215,102
236,144 215,102
237,145 216,103
196,122 203,93
197,123 203,93
198,123 203,93
199,123 204,94
200,123 204,94
201,123 204,94
202,123 204,95
203,123 204,95
204,123 204,95
205,123 205,96
206,123 205,96
207,123 205,96
208,123 206,97
209,123 206,97
210,123 206,97
211,123 207,97
212,123 207,97
213,124 207,97
214,125 208,98
215,126 208,98
216,127 208,98
217,127 209,98
218,128 209,98
219,129 209,98
220,130 210,99
221,131 210,99
222,131 210,99
223,132 211,99
224,133 211,99
225,134 211,99
226,135 212,100
227,135 212,100
228,136 212,100
229,137 213,101
230,137 213,101
231,138 213,101
232,139 214,102
233,140 214,102
234,141 214,102
235,142 215,102
236,143 215,102
237,144 216,103
197,122 203,92
198,122 203,92
199,122 203,92
200,122 204,93
201,122 204,93
202,122 204,93
203,122 205,94
204,122 205,94
205,122 205,94
206,122 205,95
207,122 205,95
208,122 206,96
209,122 206,96
210,122 206,96
211,122 207,96
212,122 207,96
213,123 207,96
214,124 208,97
215,125 208,97
216,126 208,97
217,126 209,97
218,127 209,97
219,128 210,98
220,129 210,98
221,130 210,98
222,130 211,98
223,131 211,98
224,132 211,98
225,133 212,99
226,134 212,99
227,134 212,99
228,135 213,100
229,136 213,100
230,136 214,101
231,137 214,101
232,138 214,101
233,139 215,101
234,140 215,101
235,141 215,101
236,142 216,102
237,143 216,102
238,144 217,103
198,121 203,92
199,121 203,92
200,121 203,92
201,121 204,93
202,121 204,93
203,121 204,93
204,121 205,94
205,121 205,94
206,121 205,95
207,121 205,95
208,121 205,95
209,121 206,96
210,121 206,96
211,121 206,96
212,121 207,96
213,122 207,96
214,123 208,97
215,124 208,97
216,125 208,97
217,125 209,97
218,126 209,97
219,127 209,97
220,128 210,98
221,129 210,98
222,129 211,98
223,130 211,98
224,131 211,98
225,132 212,99
226,133 212,99
227,133 212,99
228,134 213,100
229,135 213,100
230,135 214,101
231,136 214,101
232,137 214,101
233,138 215,101
234,139 215,101
235,140 215,101
236,141 216,102
237,142 216,102
238,143 217,103
201,120 203,92
202,120 203,92
203,120 203,92
204,120 204,93
205,120 204,93
206,120 204,93
207,120 205,94
208,120 205,94
209,120 205,95
210,120 205,95
211,120 205,95
212,120 206,96
213,121 206,96
214,122 207,96
215,123 207,96
216,124 207,96
217,124 208,97
218,125 208,97
219,126 209,97
220,127 209,97
221,128 209,97
222,128 210,98
223,129 210,98
224,130 211,98
225,131 211,98
226,132 211,98
227,132 212,99
228,133 212,99
229,134 213,100
230,134 213,100
231,135 213,100
232,136 214,101
233,137 214,101
234,138 215,101
235,139 215,101
236,140 215,101
237,141 216,102
238,142 216,102
239,143 217,103
204,119 203,92
205,119 203,92
206,119 203,92
207,119 204,93
208,119 204,93
209,119 205,94
210,119 205,94
211,119 205,95
212,119 205,95
213,120 205,95
214,121 206,96
215,122 206,96
216,123 207,96
217,123 207,96
218,124 208,97
219,125 208,97
220,126 208,97
221,127 209,97
222,127 209,97
223,128 210,98
224,129 210,98
225,130 211,98
226,131 211,98
227,131 211,98
228,132 212,99
229,133 212,99
230,133 213,100
231,134 213,100
232,135 214,101
233,136 214,101
234,137 214,101
235,138 215,101
236,139 215,101
237,140 216,102
238,141 216,102
239,142 217,103
207,118 203,92
208,118 203,92
209,118 203,92
210,118 204,93
211,118 204,93
212,118 205,94
213,119 205,94
214,120 205,95
215,121 205,95
216,122 206,96
217,122 206,96
218,123 207,96
219,124 207,96
220,125 208,97
221,126 208,97
222,126 209,97
223,127 209,97
224,128 209,97
225,129 210,98
226,130 210,98
227,130 211,98
228,131 211,98
229,132 212,99
230,132 212,99
231,133 213,100
232,134 213,100
233,135 214,101
234,136 214,101
235,137 215,101
236,138 215,101
237,139 216,102
238,140 216,102
239,141 217,103
211,117 203,92
212,117 203,92
213,118 204,93
214,119 204,93
215,120 205,94
216,121 205,94
217,121 205,95
218,122 205,95
219,123 206,96
220,124 206,96
221,125 207,96
222,125 207,96
223,126 208,97
224,127 208,97
225,128 209,97
226,129 209,97
227,129 210,98
228,130 210,98
229,131 211,98
230,131 211,98
231,132 212,99
232,133 212,99
233,134 213,100
234,135 213,100
235,136 214,101
236,137 214,101
237,138 215,101
238,139 215,101
239,140 216,102
240,141 217,103
212,116 204,92
213,117 204,92
214,118 204,92
215,119 205,93
216,120 205,93
217,120 206,94
218,121 206,94
219,122 207,95
220,123 207,95
221,124 208,96
222,124 208,96
223,125 209,96
224,126 209,96
225,127 210,97
226,128 210,97
227,128 210,97
228,129 211,97
229,130 211,97
230,130 212,98
231,131 212,98
232,132 213,99
233,133 213,99
234,134 214,100
235,135 214,100
236,136 215,100
237,137 215,100
238,138 216,101
239,139 216,101
240,140 217,102
212,115 204,92
213,116 204,92
214,117 204,92
215,118 205,93
216,119 205,93
217,119 206,94
218,120 206,94
219,121 207,95
220,122 207,95
221,123 208,96
222,123 208,96
223,124 208,96
224,125 209,96
225,126 209,96
226,127 210,97
227,127 210,97
228,128 211,97
229,129 211,97
230,129 212,98
231,130 212,98
232,131 212,98
233,132 213,99
234,133 213,99
235,134 214,100
236,135 214,100
237,136 215,100
238,137 215,100
239,138 216,101
240,139 216,101
241,140 217,102
213,115 204,92
214,116 204,92
215,117 204,92
216,118 205,93
217,118 205,93
218,119 206,94
219,120 206,94
220,121 207,95
221,122 207,95
222,122 208,96
223,123 208,96
224,124 209,96
225,125 209,96
226,126 210,97
227,126 210,97
228,127 210,97
229,128 211,97
230,128 211,97
231,129 212,98
232,130 212,98
233,131 213,99
234,132 213,99
235,133 214,100
236,134 214,100
237,135 215,100
238,136 215,100
239,137 216,101
240,138 216,101
241,139 217,102
213,114 204,92
214,115 204,92
215,116 204,92
216,117 205,93
217,117 205,93
218,118 206,94
219,119 206,94
220,120 207,95
221,121 207,95
222,121 208,96
223,122 208,96
224,123 208,96
225,124 209,96
226,125 209,96
227,125 210,97
228,126 210,97
229,127 211,97
230,127 211,97
231,128 212,98
232,129 212,98
233,130 212,98
234,131 213,99
235,132 213,99
236,133 214,100
237,134 214,100
238,135 215,100
239,136 215,100
240,137 216,101
241,138 216,101
242,139 217,102
213,113 204,92
214,114 204,92
215,115 204,92
216,116 205,93
217,116 205,93
218,117 206,94
219,118 206,94
220,119 207,95
221,120 207,95
222,120 208,96
223,121 208,96
224,122 208,96
225,123 209,96
226,124 209,96
227,124 210,97
228,125 210,97
229,126 211,97
230,126 211,97
231,127 212,98
232,128 212,98
233,129 212,98
234,130 213,99
235,131 213,99
236,132 214,100
237,133 214,100
238,134 215,100
239,135 215,100
240,136 216,101
241,137 216,101
242,138 217,102
213,112 204,92
214,113 204,92
215,114 204,92
216,115 205,93
217,115 205,93
218,116 206,94
219,117 206,94
220,118 207,95
221,119 207,95
222,119 207,95
223,120 208,96
224,121 208,96
225,122 209,96
226,123 209,96
227,123 210,97
228,124 210,97
229,125 210,97
230,125 211,97
231,126 211,97
232,127 212,98
233,128 212,98
234,129 213,99
235,130 213,99
236,131 213,99
237,132 214,100
238,133 214,100
239,134 215,100
240,135 215,100
241,136 216,101
242,137 216,101
243,138 217,102
214,112 204,91
215,113 204,91
216,114 204,91
217,114 205,92
218,115 205,92
219,116 206,93
220,117 206,93
221,118 207,94
222,118 207,94
223,119 208,95
224,120 208,95
225,121 208,95
226,122 209,95
227,122 209,95
228,123 210,96
229,124 210,96
230,124 211,96
231,125 211,96
232,126 212,97
233,127 212,97
234,128 212,97
235,129 213,98
236,130 213,98
237,131 214,99
238,132 214,99
239,133 215,99
240,134 215,99
241,135 216,100
242,136 216,100
243,137 217,101
214,111 204,91
215,112 204,91
216,113 204,91
217,113 205,92
218,114 205,92
219,115 206,93
220,116 206,93
221,117 207,94
222,117 207,94
223,118 207,94
224,119 208,95
225,120 208,95
226,121 209,95
227,121 209,95
228,122 210,96
229,123 210,96
230,123 210,96
231,124 211,96
232,125 211,96
233,126 212,97
234,127 212,97
235,128 213,98
236,129 213,98
237,130 213,98
238,131 214,99
239,132 214,99
240,133 215,99
241,134 215,99
242,135 216,100
243,136 216,100
244,137 217,101
214,110 204,91
215,111 204,91
216,112 204,91
217,112 205,92
218,113 205,92
219,114 206,93
220,115 206,93
221,116 207,94
222,116 207,94
223,117 207,94
224,118 208,95
225,119 208,95
226,120 209,95
227,120 209,95
228,121 210,96
229,122 210,96
230,122 210,96
231,123 211,96
232,124 211,96
233,125 212,97
234,126 212,97
235,127 213,98
236,128 213,98
237,129 213,98
238,130 214,99
239,131 214,99
240,132 215,99
241,133 215,99
242,134 216,100
243,135 216,100
244,136 217,101
214,109 204,91
215,110 204,91
216,111 204,91
217,111 205,92
218,112 205,92
219,113 206,93
220,114 206,93
221,115 206,93
222,115 207,94
223,116 207,94
224,117 208,95
225,118 208,95
226,119 209,95
227,119 209,95
228,120 209,95
229,121 210,96
230,121 210,96
231,122 211,96
232,123 211,96
233,124 211,96
234,125 212,97
235,126 212,97
236,127 213,98
237,128 213,98
238,129 214,99
239,130 214,99
240,131 214,99
241,132 215,99
242,133 215,99
243,134 216,100
244,135 216,100
245,136 217,101
214,108 204,91
215,109 204,91
216,110 204,91
217,110 205,92
218,111 205,92
219,112 206,93
220,113 206,93
221,114 206,93
222,114 207,94
223,115 207,94
224,116 208,95
225,117 208,95
226,118 209,95
227,118 209,95
228,119 209,95
229,120 210,96
230,120 210,96
231,121 211,96
232,122 211,96
233,123 211,96
234,124 212,97
235,125 212,97
236,126 213,98
237,127 213,98
238,128 214,99
239,129 214,99
240,130 214,99
241,131 215,99
242,132 215,99
243,133 216,100
244,134 216,100
245,135 217,101
214,107 205,91
215,108 205,91
216,109 205,91
217,109 206,92
218,110 206,92
219,111 207,93
220,112 207,93
221,113 207,93
222,113 208,94
223,114 208,94
224,115 209,94
225,116 209,94
226,117 209,94
227,117 210,95
228,118 210,95
229,119 211,95
230,119 211,95
231,120 211,95
232,121 212,96
233,122 212,96
234,123 213,97
235,124 213,97
236,125 213,97
237,126 214,98
238,127 214,98
239,128 215,98
240,129 215,98
241,130 215,98
242,131 216,99
243,132 216,99
244,133 217,100
245,134 217,100
246,135 218,101
214,106 205,91
215,107 205,91
216,108 205,91
217,108 206,92
218,109 206,92
219,110 207,93
220,111 207,93
221,112 207,93
222,112 208,94
223,113 208,94
224,114 209,94
225,115 209,94
226,116 209,94
227,116 210,95
228,117 210,95
229,118 211,95
230,118 211,95
231,119 211,95
232,120 212,96
233,121 212,96
234,122 213,97
235,123 213,97
236,124 213,97
237,125 214,98
238,126 214,98
239,127 215,98
240,128 215,98
241,129 215,98
242,130 216,99
243,131 216,99
244,132 217,100
245,133 217,100
246,134 218,101
215,106 205,91
216,107 205,91
217,107 205,91
218,108 206,92
219,109 206,92
220,110 207,93
221,111 207,93
222,111 207,93
223,112 208,94
224,113 208,94
225,114 209,94
226,115 209,94
227,115 209,94
228,116 210,95
229,117 210,95
230,117 211,95
231,118 211,95
232,119 211,95
233,120 212,96
234,121 212,96
235,122 213,97
236,123 213,97
237,124 213,97
238,125 214,98
239,126 214,98
240,127 215,98
241,128 215,98
242,129 215,98
243,130 216,99
244,131 216,99
245,132 217,100
246,133 217,100
247,134 218,101
215,105 205,91
216,106 205,91
217,106 205,91
218,107 206,92
219,108 206,92
220,109 207,93
221,110 207,93
222,110 207,93
223,111 208,94
224,112 208,94
225,113 209,94
226,114 209,94
227,114 209,94
228,115 210,95
229,116 210,95
230,116 211,95
231,117 211,95
232,118 211,95
233,119 212,96
234,120 212,96
235,121 213,97
236,122 213,97
237,123 213,97
238,124 214,98
239,125 214,98
240,126 215,98
241,127 215,98
242,128 215,98
243,129 216,99
244,130 216,99
245,131 217,100
246,132 217,100
247,133 218,101
215,104 205,91
216,105 205,91
217,105 205,91
218,106 206,92
219,107 206,92
220,108 206,92
221,109 207,93
222,109 207,93
223,110 208,94
224,111 208,94
225,112 208,94
226,113 209,94
227,113 209,94
228,114 210,95
229,115 210,95
230,115 210,95
231,116 211,95
232,117 211,95
233,118 212,96
234,119 212,96
235,120 212,96
236,121 213,97
237,122 213,97
238,123 214,98
239,124 214,98
240,125 214,98
241,126 215,98
242,127 215,98
243,128 216,99
244,129 216,99
245,130 216,99
246,131 217,100
247,132 217,100
248,133 218,101
215,103 205,91
216,104 205,91
217,104 205,91
218,105 206,92
219,106 206,92
220,107 206,92
221,108 207,93
222,108 207,93
223,109 208,94
224,110 208,94
225,111 208,94
226,112 209,94
227,112 209,94
228,113 209,94
229,114 210,95
230,114 210,95
231,115 211,95
232,116 211,95
233,117 211,95
234,118 212,96
235,119 212,96
236,120 213,97
237,121 213,97
238,122 213,97
239,123 214,98
240,124 214,98
241,125 214,98
242,126 215,98
243,127 215,98
244,128 216,99
245,129 216,99
246,130 216,99
247,131 217,100
248,132 217,100
249,133 218,101
215,102 205,90
216,103 205,90
217,103 205,90
218,104 206,91
219,105 206,91
220,106 206,91
221,107 207,92
222,107 207,92
223,108 208,93
224,109 208,93
225,110 208,93
226,111 209,93
227,111 209,93
228,112 210,94
229,113 210,94
230,113 210,94
231,114 211,94
232,115 211,94
233,116 212,95
234,117 212,95
235,118 212,95
236,119 213,96
237,120 213,96
238,121 213,96
239,122 214,97
240,123 214,97
241,124 215,97
242,125 215,97
243,126 215,97
244,127 216,98
245,128 216,98
246,129 217,99
247,130 217,99
248,131 217,99
249,132 218,100
250,133 218,100
249,134 219,101
216,102 205,90
217,102 205,90
218,103 205,90
219,104 206,91
220,105 206,91
221,106 206,91
222,106 207,92
223,107 207,92
224,108 208,93
225,109 208,93
226,110 208,93
227,110 209,93
228,111 209,93
229,112 210,94
230,112 210,94
231,113 210,94
232,114 211,94
233,115 211,94
234,116 212,95
235,117 212,95
236,118 212,95
237,119 213,96
238,120 213,96
239,121 213,96
240,122 214,97
241,123 214,97
242,124 215,97
243,125 215,97
244,126 215,97
245,127 216,98
246,128 216,98
247,129 217,99
248,130 217,99
249,131 217,99
250,132 218,100
251,133 218,100
250,134 219,101
216,101 205,90
217,101 205,90
218,102 205,90
219,103 206,91
220,104 206,91
221,105 206,91
222,105 207,92
223,106 207,92
224,107 208,93
225,108 208,93
226,109 208,93
227,109 209,93
228,110 209,93
229,111 209,93
230,111 210,94
231,112 210,94
232,113 211,94
233,114 211,94
234,115 211,94
235,116 212,95
236,117 212,95
237,118 212,95
238,119 213,96
239,120 213,96
240,121 214,97
241,122 214,97
242,123 214,97
243,124 215,97
244,125 215,97
245,126 215,97
246,127 216,98
247,128 216,98
248,129 217,99
249,130 217,99
250,131 217,99
251,132 218,100
252,133 218,100
251,134 219,101
216,100 205,90
217,100 205,90
218,101 205,90
219,102 206,91
220,103 206,91
221,104 206,91
222,104 207,92
223,105 207,92
224,106 207,92
225,107 208,93
226,108 208,93
227,108 209,93
228,109 209,93
229,110 209,93
230,110 210,94
231,111 210,94
232,112 210,94
233,113 211,94
234,114 211,94
235,115 212,95
236,116 212,95
237,117 212,95
238,118 213,96
239,119 213,96
240,120 213,96
241,121 214,97
242,122 214,97
243,123 214,97
244,124 215,97
245,125 215,97
246,126 216,98
247,127 216,98
248,128 216,98
249,129 217,99
250,130 217,99
251,131 217,99
252,132 218,100
253,133 218,100
252,134 219,101
216,99 205,90
217,99 205,90
218,100 205,90
219,101 206,91
220,102 206,91
221,103 206,91
222,103 207,92
223,104 207,92
224,105 207,92
225,106 208,93
226,107 208,93
227,107 208,93
228,108 209,93
229,109 209,93
230,109 209,93
231,110 210,94
232,111 210,94
233,112 210,94
234,113 211,94
235,114 211,94
236,115 212,95
237,116 212,95
238,117 212,95
239,118 213,96
240,119 213,96
241,120 213,96
242,121 214,97
243,122 214,97
244,123 214,97
245,124 215,97
246,125 215,97
247,126 215,97
248,127 216,98
249,128 216,98
250,129 216,98
251,130 217,99
252,131 217,99
253,132 217,99
254,133 218,100
253,134 218,100
252,135 219,101
216,98 205,90
217,98 205,90
218,99 205,90
219,100 206,91
220,101 206,91
221,102 206,91
222,102 207,92
223,103 207,92
224,104 207,92
225,105 208,93
226,106 208,93
227,106 208,93
228,107 209,93
229,108 209,93
230,108 209,93
231,109 210,94
232,110 210,94
233,111 210,94
234,112 211,94
235,113 211,94
236,114 211,94
237,115 212,95
238,116 212,95
239,117 212,95
240,118 213,96
241,119 213,96
242,120 213,96
243,121 214,97
244,122 214,97
245,123 214,97
246,124 215,97
247,125 215,97
248,126 215,97
249,127 216,98
250,128 216,98
251,129 216,98
252,130 217,99
253,131 217,99
254,132 217,99
255,133 218,100
254,134 218,100
253,135 219,101
217,97 205,89
218,98 205,89
219,99 205,89
220,100 206,90
221,101 206,90
222,101 206,90
223,102 207,91
224,103 207,91
225,104 207,91
226,105 208,92
227,105 208,92
228,106 208,92
229,107 209,92
230,107 209,92
231,108 209,92
232,109 210,93
233,110 210,93
234,111 210,93
235,112 211,93
236,113 211,93
237,114 211,93
238,115 212,94
239,116 212,94
240,117 212,94
241,118 213,95
242,119 213,95
243,120 213,95
244,121 214,96
245,122 214,96
246,123 214,96
247,124 215,96
248,125 215,96
249,126 215,96
250,127 216,97
251,128 216,97
252,129 216,97
253,130 217,98
254,131 217,98
255,132 217,98
256,133 218,99
255,134 218,99
254,135 219,100
217,96 205,89
218,97 205,89
219,98 205,89
220,99 205,89
221,100 206,90
222,100 206,90
223,101 206,90
224,102 207,91
225,103 207,91
226,104 207,91
227,104 208,92
228,105 208,92
229,106 208,92
230,106 209,92
231,107 209,92
232,108 209,92
233,109 210,93
234,110 210,93
235,111 210,93
236,112 211,93
237,113 211,93
238,114 211,93
239,115 212,94
240,116 212,94
241,117 212,94
242,118 213,95
243,119 213,95
244,120 213,95
245,121 214,96
246,122 214,96
247,123 214,96
248,124 215,96
249,125 215,96
250,126 215,96
251,127 216,97
252,128 216,97
253,129 216,97
254,130 217,98
255,131 217,98
256,132 217,98
257,133 218,99
256,134 218,99
255,135 218,99
254,136 219,100
217,95 205,89
218,96 205,89
219,97 205,89
220,98 205,89
221,99 206,90
222,99 206,90
223,100 206,90
224,101 207,91
225,102 207,91
226,103 207,91
227,103 208,92
228,104 208,92
229,105 208,92
230,105 209,92
231,106 209,92
232,107 209,92
233,108 210,93
234,109 210,93
235,110 210,93
236,111 211,93
237,112 211,93
238,113 211,93
239,114 212,94
240,115 212,94
241,116 212,94
242,117 212,94
243,118 213,95
244,119 213,95
245,120 213,95
246,121 214,96
247,122 214,96
248,123 214,96
249,124 215,96
250,125 215,96
251,126 215,96
252,127 216,97
253,128 216,97
254,129 216,97
255,130 217,98
256,131 217,98
257,132 217,98
258,133 218,99
257,134 218,99
256,135 218,99
255,136 219,100
218,95 205,89
219,96 205,89
220,97 205,89
221,98 205,89
222,98 206,90
223,99 206,90
224,100 206,90
225,101 207,91
226,102 207,91
227,102 207,91
228,103 208,92
229,104 208,92
230,104 208,92
231,105 209,92
232,106 209,92
233,107 209,92
234,108 210,93
235,109 210,93
236,110 210,93
237,111 211,93
238,112 211,93
239,113 211,93
240,114 212,94
241,115 212,94
242,116 212,94
243,117 212,94
244,118 213,95
245,119 213,95
246,120 213,95
247,121 214,96
248,122 214,96
249,123 214,96
250,124 215,96
251,125 215,96
252,126 215,96
253,127 216,97
254,128 216,97
255,129 216,97
256,130 217,98
257,131 217,98
258,132 217,98
259,133 218,99
258,134 218,99
257,135 218,99
256,136 219,100
218,94 205,89
219,95 205,89
220,96 205,89
221,97 205,89
222,97 206,90
223,98 206,90
224,99 206,90
225,100 207,91
226,101 207,91
227,101 207,91
228,102 208,92
229,103 208,92
230,103 208,92
231,104 208,92
232,105 209,92
233,106 209,92
234,107 209,92
235,108 210,93
236,109 210,93
237,110 210,93
238,111 211,93
239,112 211,93
240,113 211,93
241,114 212,94
242,115 212,94
243,116 212,94
244,117 212,94
245,118 213,95
246,119 213,95
247,120 213,95
248,121 214,96
249,122 214,96
250,123 214,96
251,124 215,96
252,125 215,96
253,126 215,96
254,127 215,96
255,128 216,97
256,129 216,97
257,130 216,97
258,131 217,98
259,132 217,98
260,133 217,98
259,134 218,99
258,135 218,99
257,136 218,99
256,137 219,100
218,93 205,89
219,94 205,89
220,95 205,89
221,96 205,89
222,96 206,90
223,97 206,90
224,98 206,90
225,99 207,91
226,100 207,91
227,100 207,91
228,101 207,91
229,102 208,92
230,102 208,92
231,103 208,92
232,104 209,92
233,105 209,92
234,106 209,92
235,107 210,93
236,108 210,93
237,109 210,93
238,110 210,93
239,111 211,93
240,112 211,93
241,113 211,93
242,114 212,94
243,115 212,94
244,116 212,94
245,117 213,95
246,118 213,95
247,119 213,95
248,120 213,95
249,121 214,96
250,122 214,96
251,123 214,96
252,124 215,96
253,125 215,96
254,126 215,96
255,127 216,97
256,128 216,97
257,129 216,97
258,130 216,97
259,131 217,98
260,132 217,98
261,133 217,98
260,134 218,99
259,135 218,99
258,136 218,99
257,137 219,100
218,92 206,89
219,93 206,89
220,94 206,89
221,95 206,89
222,95 207,90
223,96 207,90
224,97 207,90
225,98 207,90
226,99 208,91
227,99 208,91
228,100 208,91
229,101 208,91
230,101 209,91
231,102 209,91
232,103 209,91
233,104 210,92
234,105 210,92
235,106 210,92
236,107 210,92
237,108 211,92
238,109 211,92
239,110 211,92
240,111 211,92
241,112 212,93
242,113 212,93
243,114 212,93
244,115 213,94
245,116 213,94
246,117 213,94
247,118 213,94
248,119 214,95
249,120 214,95
250,121 214,95
251,122 214,95
252,123 215,95
253,124 215,95
254,125 215,95
255,126 216,96
256,127 216,96
257,128 216,96
258,129 216,96
259,130 217,97
260,131 217,97
261,132 217,97
262,133 217,97
261,134 218,98
260,135 218,98
259,136 218,98
258,137 219,99
219,92 206,89
220,93 206,89
221,94 206,89
222,94 206,89
223,95 207,90
224,96 207,90
225,97 207,90
226,98 207,90
227,98 208,91
228,99 208,91
229,100 208,91
230,100 208,91
231,101 209,91
232,102 209,91
233,103 209,91
234,104 209,91
235,105 210,92
236,106 210,92
237,107 210,92
238,108 211,92
239,109 211,92
240,110 211,92
241,111 211,92
242,112 212,93
243,113 212,93
244,114 212,93
245,115 212,93
246,116 213,94
247,117 213,94
248,118 213,94
249,119 213,94
250,120 214,95
251,121 214,95
252,122 214,95
253,123 215,95
254,124 215,95
255,125 215,95
256,126 215,95
257,127 216,96
258,128 216,96
259,129 216,96
260,130 216,96
261,131 217,97
262,132 217,97
263,133 217,97
262,134 217,97
261,135 218,98
260,136 218,98
259,137 218,98
258,138 219,99
219,91 206,89
220,92 206,89
221,93 206,89
222,93 206,89
223,94 207,90
224,95 207,90
225,96 207,90
226,97 207,90
227,97 208,91
228,98 208,91
229,99 208,91
230,99 208,91
231,100 209,91
232,101 209,91
233,102 209,91
234,103 209,91
235,104 210,92
236,105 210,92
237,106 210,92
238,107 210,92
239,108 211,92
240,109 211,92
241,110 211,92
242,111 211,92
243,112 212,93
244,113 212,93
245,114 212,93
246,115 213,94
247,116 213,94
248,117 213,94
249,118 213,94
250,119 214,95
251,120 214,95
252,121 214,95
253,122 214,95
254,123 215,95
255,124 215,95
256,125 215,95
257,126 215,95
258,127 216,96
259,128 216,96
260,129 216,96
261,130 216,96
262,131 217,97
263,132 217,97
264,133 217,97
263,134 217,97
262,135 218,98
261,136 218,98
260,137 218,98
259,138 219,99
219,90 206,89
220,91 206,89
221,92 206,89
222,92 206,89
223,93 207,90
224,94 207,90
225,95 207,90
226,96 207,90
227,96 208,91
228,97 208,91
229,98 208,91
230,98 208,91
231,99 209,91
232,100 209,91
233,101 209,91
234,102 209,91
235,103 210,92
236,104 210,92
237,105 210,92
238,106 210,92
239,107 211,92
240,108 211,92
241,109 211,92
242,110 211,92
243,111 212,93
244,112 212,93
245,113 212,93
246,114 212,93
247,115 213,94
248,116 213,94
249,117 213,94
250,118 213,94
251,119 214,95
252,120 214,95
253,121 214,95
254,122 214,95
255,123 215,95
256,124 215,95
257,125 215,95
258,126 215,95
259,127 216,96
260,128 216,96
261,129 216,96
262,130 216,96
263,131 217,97
264,132 217,97
265,133 217,97
264,134 217,97
263,135 218,98
262,136 218,98
261,137 218,98
260,138 219,99
219,89 206,89
220,90 206,89
221,91 206,89
222,91 206,89
223,92 206,89
224,93 207,90
225,94 207,90
226,95 207,90
227,95 207,90
228,96 208,91
229,97 208,91
230,97 208,91
231,98 208,91
232,99 209,91
233,100 209,91
234,101 209,91
235,102 209,91
236,103 210,92
237,104 210,92
238,105 210,92
239,106 210,92
240,107 211,92
241,108 211,92
242,109 211,92
243,110 211,92
244,111 212,93
245,112 212,93
246,113 212,93
247,114 212,93
248,115 213,94
249,116 213,94
250,117 213,94
251,118 213,94
252,119 214,95
253,120 214,95
254,121 214,95
255,122 214,95
256,123 215,95
257,124 215,95
258,125 215,95
259,126 215,95
260,127 216,96
261,128 216,96
262,129 216,96
263,130 216,96
264,131 217,97
265,132 217,97
266,133 217,97
265,134 217,97
264,135 218,98
263,136 218,98
262,137 218,98
261,138 218,98
260,139 219,99
220,89 206,89
221,90 206,89
222,90 206,89
223,91 206,89
224,92 206,89
225,93 207,90
226,94 207,90
227,94 207,90
228,95 207,90
229,96 208,91
230,96 208,91
231,97 208,91
232,98 208,91
233,99 209,91
234,100 209,91
235,101 209,91
236,102 209,91
237,103 210,92
238,104 210,92
239,105 210,92
240,106 210,92
241,107 211,92
242,108 211,92
243,109 211,92
244,110 211,92
245,111 212,93
246,112 212,93
247,113 212,93
248,114 212,93
249,115 213,94
250,116 213,94
251,117 213,94
252,118 213,94
253,119 214,95
254,120 214,95
255,121 214,95
256,122 214,95
257,123 215,95
258,124 215,95
259,125 215,95
260,126 215,95
261,127 216,96
262,128 216,96
263,129 216,96
264,130 216,96
265,131 217,97
266,132 217,97
267,133 217,97
266,134 217,97
265,135 218,98
264,136 218,98
263,137 218,98
262,138 218,98
261,139 219,99
220,88 206,88
221,89 206,88
222,89 206,88
223,90 206,88
224,91 206,88
225,92 207,89
226,93 207,89
227,93 207,89
228,94 207,89
229,95 208,90
230,95 208,90
231,96 208,90
232,97 208,90
233,98 209,90
234,99 209,90
235,100 209,90
236,101 209,90
237,102 210,91
238,103 210,91
239,104 210,91
240,105 210,91
241,106 211,91
242,107 211,91
243,108 211,91
244,109 211,91
245,110 212,92
246,111 212,92
247,112 212,92
248,113 212,92
249,114 212,92
250,115 213,93
251,116 213,93
252,117 213,93
253,118 213,93
254,119 214,94
255,120 214,94
256,121 214,94
257,122 214,94
258,123 215,94
259,124 215,94
260,125 215,94
261,126 215,94
262,127 216,95
263,128 216,95
264,129 216,95
265,130 216,95
266,131 217,96
267,132 217,96
268,133 217,96
267,134 217,96
266,135 218,97
265,136 218,97
264,137 218,97
263,138 218,97
262,139 219,98
220,87 206,88
221,88 206,88
222,88 206,88
223,89 206,88
224,90 206,88
225,91 207,89
226,92 207,89
227,92 207,89
228,93 207,89
229,94 208,90
230,94 208,90
231,95 208,90
232,96 208,90
233,97 209,90
234,98 209,90
235,99 209,90
236,100 209,90
237,101 209,90
238,102 210,91
239,103 210,91
240,104 210,91
241,105 210,91
242,106 211,91
243,107 211,91
244,108 211,91
245,109 211,91
246,110 212,92
247,111 212,92
248,112 212,92
249,113 212,92
250,114 212,92
251,115 213,93
252,116 213,93
253,117 213,93
254,118 213,93
255,119 214,94
256,120 214,94
257,121 214,94
258,122 214,94
259,123 215,94
260,124 215,94
261,125 215,94
262,126 215,94
263,127 215,94
264,128 216,95
265,129 216,95
266,130 216,95
267,131 216,95
268,132 217,96
269,133 217,96
268,134 217,96
267,135 217,96
266,136 218,97
265,137 218,97
264,138 218,97
263,139 218,97
262,140 219,98
220,86 206,88
221,87 206,88
222,87 206,88
223,88 206,88
224,89 206,88
225,90 207,89
226,91 207,89
227,91 207,89
228,92 207,89
229,93 208,90
230,93 208,90
231,94 208,90
232,95 208,90
233,96 208,90
234,97 209,90
235,98 209,90
236,99 209,90
237,100 209,90
238,101 210,91
239,102 210,91
240,103 210,91
241,104 210,91
242,105 211,91
243,106 211,91
244,107 211,91
245,108 211,91
246,109 211,91
247,110 212,92
248,111 212,92
249,112 212,92
250,113 212,92
251,114 213,93
252,115 213,93
253,116 213,93
254,117 213,93
255,118 213,93
256,119 214,94
257,120 214,94
258,121 214,94
259,122 214,94
260,123 215,94
261,124 215,94
262,125 215,94
263,126 215,94
264,127 216,95
265,128 216,95
266,129 216,95
267,130 216,95
268,131 216,95
269,132 217,96
270,133 217,96
269,134 217,96
268,135 217,96
267,136 218,97
266,137 218,97
265,138 218,97
264,139 218,97
263,140 219,98
221,86 206,88
222,86 206,88
223,87 206,88
224,88 206,88
225,89 206,88
226,90 207,89
227,90 207,89
228,91 207,89
229,92 207,89
230,92 208,90
231,93 208,90
232,94 208,90
233,95 208,90
234,96 208,90
235,97 209,90
236,98 209,90
237,99 209,90
238,100 209,90
239,101 210,91
240,102 210,91
241,103 210,91
242,104 210,91
243,105 211,91
244,106 211,91
245,107 211,91
246,108 211,91
247,109 211,91
248,110 212,92
249,111 212,92
250,112 212,92
251,113 212,92
252,114 213,93
253,115 213,93
254,116 213,93
255,117 213,93
256,118 213,93
257,119 214,94
258,120 214,94
259,121 214,94
260,122 214,94
261,123 215,94
262,124 215,94
263,125 215,94
264,126 215,94
265,127 216,95
266,128 216,95
267,129 216,95
268,130 216,95
269,131 216,95
270,132 217,96
271,133 217,96
270,134 217,96
269,135 217,96
268,136 218,97
267,137 218,97
266,138 218,97
265,139 218,97
264,140 219,98
221,85 206,88
222,85 206,88
223,86 206,88
224,87 206,88
225,88 206,88
226,89 207,89
227,89 207,89
228,90 207,89
229,91 207,89
230,91 207,89
231,92 208,90
232,93 208,90
233,94 208,90
234,95 208,90
235,96 209,90
236,97 209,90
237,98 209,90
238,99 209,90
239,100 209,90
240,101 210,91
241,102 210,91
242,103 210,91
243,104 210,91
244,105 211,91
245,106 211,91
246,107 211,91
247,108 211,91
248,109 211,91
249,110 212,92
250,111 212,92
251,112 212,92
252,113 212,92
253,114 213,93
254,115 213,93
255,116 213,93
256,117 213,93
257,118 213,93
258,119 214,94
259,120 214,94
260,121 214,94
261,122 214,94
262,123 215,94
263,124 215,94
264,125 215,94
265,126 215,94
266,127 215,94
267,128 216,95
268,129 216,95
269,130 216,95
270,131 216,95
271,132 217,96
272,133 217,96
271,134 217,96
270,135 217,96
269,136 217,96
268,137 218,97
267,138 218,97
266,139 218,97
265,140 218,97
264,141 219,98
221,84 206,88
222,84 206,88
223,85 206,88
224,86 206,88
225,87 206,88
226,88 207,89
227,88 207,89
228,89 207,89
229,90 207,89
230,90 207,89
231,91 208,90
232,92 208,90
233,93 208,90
234,94 208,90
235,95 209,90
236,96 209,90
237,97 209,90
238,98 209,90
239,99 209,90
240,100 210,91
241,101 210,91
242,102 210,91
243,103 210,91
244,104 210,91
245,105 211,91
246,106 211,91
247,107 211,91
248,108 211,91
249,109 212,92
250,110 212,92
251,111 212,92
252,112 212,92
253,113 212,92
254,114 213,93
255,115 213,93
256,116 213,93
257,117 213,93
258,118 214,94
259,119 214,94
260,120 214,94
261,121 214,94
262,122 214,94
263,123 215,94
264,124 215,94
265,125 215,94
266,126 215,94
267,127 215,94
268,128 216,95
269,129 216,95
270,130 216,95
271,131 216,95
272,132 217,96
273,133 217,96
272,134 217,96
271,135 217,96
270,136 217,96
269,137 218,97
268,138 218,97
267,139 218,97
266,140 218,97
265,141 219,98
222,83 206,87
223,84 206,87
224,85 206,87
225,86 206,87
226,87 206,87
227,87 207,88
228,88 207,88
229,89 207,88
230,89 207,88
231,90 208,89
232,91 208,89
233,92 208,89
234,93 208,89
235,94 208,89
236,95 209,89
237,96 209,89
238,97 209,89
239,98 209,89
240,99 210,90
241,100 210,90
242,101 210,90
243,102 210,90
244,103 211,90
245,104 211,90
246,105 211,90
247,106 211,90
248,107 211,90
249,108 212,91
250,109 212,91
251,110 212,91
252,111 212,91
253,112 213,92
254,113 213,92
255,114 213,92
256,115 213,92
257,116 214,93
258,117 214,93
259,118 214,93
260,119 214,93
261,120 214,93
262,121 215,93
263,122 215,93
264,123 215,93
265,124 215,93
266,125 216,94
267,126 216,94
268,127 216,94
269,128 216,94
270,129 217,95
271,130 217,95
272,131 217,95
273,132 217,95
274,133 217,95
273,134 218,96
272,135 218,96
271,136 218,96
270,137 218,96
269,138 219,97
268,139 219,97
267,140 219,97
266,141 219,97
265,142 220,98
222,82 206,87
223,83 206,87
224,84 206,87
225,85 206,87
226,86 206,87
227,86 207,88
228,87 207,88
229,88 207,88
230,88 207,88
231,89 208,89
232,90 208,89
233,91 208,89
234,92 208,89
235,93 208,89
236,94 209,89
237,95 209,89
238,96 209,89
239,97 209,89
240,98 210,90
241,99 210,90
242,100 210,90
243,101 210,90
244,102 210,90
245,103 211,90
246,104 211,90
247,105 211,90
248,106 211,90
249,107 212,91
250,108 212,91
251,109 212,91
252,110 212,91
253,111 213,92
254,112 213,92
255,113 213,92
256,114 213,92
257,115 213,92
258,116 214,93
259,117 214,93
260,118 214,93
261,119 214,93
262,120 215,93
263,121 215,93
264,122 215,93
265,123 215,93
266,124 215,93
267,125 216,94
268,126 216,94
269,127 216,94
270,128 216,94
271,129 217,95
272,130 217,95
273,131 217,95
274,132 217,95
275,133 217,95
274,134 218,96
273,135 218,96
272,136 218,96
271,137 218,96
270,138 219,97
269,139 219,97
268,140 219,97
267,141 219,97
266,142 220,98
222,81 206,87
223,82 206,87
224,83 206,87
225,84 206,87
226,85 206,87
227,85 207,88
228,86 207,88
229,87 207,88
230,87 207,88
231,88 208,89
232,89 208,89
233,90 208,89
234,91 208,89
235,92 208,89
236,93 209,89
237,94 209,89
238,95 209,89
239,96 209,89
240,97 210,90
241,98 210,90
242,99 210,90
243,100 210,90
244,101 210,90
245,102 211,90
246,103 211,90
247,104 211,90
248,105 211,90
249,106 212,91
250,107 212,91
251,108 212,91
252,109 212,91
253,110 212,91
254,111 213,92
255,112 213,92
256,113 213,92
257,114 213,92
258,115 214,93
259,116 214,93
260,117 214,93
261,118 214,93
262,119 214,93
263,120 215,93
264,121 215,93
265,122 215,93
266,123 215,93
267,124 216,94
268,125 216,94
269,126 216,94
270,127 216,94
271,128 216,94
272,129 217,95
273,130 217,95
274,131 217,95
275,132 217,95
276,133 218,96
275,134 218,96
274,135 218,96
273,136 218,96
272,137 218,96
271,138 219,97
270,139 219,97
269,140 219,97
268,141 219,97
267,142 220,98
223,81 206,87
224,82 206,87
225,83 206,87
226,84 206,87
227,84 206,87
228,85 207,88
229,86 207,88
230,86 207,88
231,87 207,88
232,88 207,88
233,89 208,89
234,90 208,89
235,91 208,89
236,92 208,89
237,93 209,89
238,94 209,89
239,95 209,89
240,96 209,89
241,97 209,89
242,98 210,90
243,99 210,90
244,100 210,90
245,101 210,90
246,102 211,90
247,103 211,90
248,104 211,90
249,105 211,90
250,106 211,90
251,107 212,91
252,108 212,91
253,109 212,91
254,110 212,91
255,111 213,92
256,112 213,92
257,113 213,92
258,114 213,92
259,115 213,92
260,116 214,93
261,117 214,93
262,118 214,93
263,119 214,93
264,120 214,93
265,121 215,93
266,122 215,93
267,123 215,93
268,124 215,93
269,125 216,94
270,126 216,94
271,127 216,94
272,128 216,94
273,129 216,94
274,130 217,95
275,131 217,95
276,132 217,95
277,133 217,95
276,134 218,96
275,135 218,96
274,136 218,96
273,137 218,96
272,138 218,96
271,139 219,97
270,140 219,97
269,141 219,97
268,142 219,97
267,143 220,98
223,80 206,87
224,81 206,87
225,82 206,87
226,83 206,87
227,83 206,87
228,84 207,88
229,85 207,88
230,85 207,88
231,86 207,88
232,87 207,88
233,88 208,89
234,89 208,89
235,90 208,89
236,91 208,89
237,92 209,89
238,93 209,89
239,94 209,89
240,95 209,89
241,96 209,89
242,97 210,90
243,98 210,90
244,99 210,90
245,100 210,90
246,101 210,90
247,102 211,90
248,103 211,90
249,104 211,90
250,105 211,90
251,106 212,91
252,107 212,91
253,108 212,91
254,109 212,91
255,110 212,91
256,111 213,92
257,112 213,92
258,113 213,92
259,114 213,92
260,115 213,92
261,116 214,93
262,117 214,93
263,118 214,93
264,119 214,93
265,120 215,93
266,121 215,93
267,122 215,93
268,123 215,93
269,124 215,93
270,125 216,94
271,126 216,94
272,127 216,94
273,128 216,94
274,129 216,94
275,130 217,95
276,131 217,95
277,132 217,95
278,133 217,95
277,134 218,96
276,135 218,96
275,136 218,96
274,137 218,96
273,138 218,96
272,139 219,97
271,140 219,97
270,141 219,97
269,142 219,97
268,143 220,98
223,79 206,86
224,80 206,86
225,81 206,86
226,82 206,86
227,82 206,86
228,83 207,87
229,84 207,87
230,84 207,87
231,85 207,87
232,86 207,87
233,87 208,88
234,88 208,88
235,89 208,88
236,90 208,88
237,91 208,88
238,92 209,88
239,93 209,88
240,94 209,88
241,95 209,88
242,96 209,88
243,97 210,89
244,98 210,89
245,99 210,89
246,100 210,89
247,101 211,89
248,102 211,89
249,103 211,89
250,104 211,89
251,105 211,89
252,106 212,90
253,107 212,90
254,108 212,90
255,109 212,90
256,110 212,90
257,111 213,91
258,112 213,91
259,113 213,91
260,114 213,91
261,115 213,91
262,116 214,92
263,117 214,92
264,118 214,92
265,119 214,92
266,120 214,92
267,121 215,92
268,122 215,92
269,123 215,92
270,124 215,92
271,125 216,93
272,126 216,93
273,127 216,93
274,128 216,93
275,129 216,93
276,130 217,94
277,131 217,94
278,132 217,94
279,133 217,94
278,134 217,94
277,135 218,95
276,136 218,95
275,137 218,95
274,138 218,95
273,139 218,95
272,140 219,96
271,141 219,96
270,142 219,96
269,143 219,96
268,144 220,97
224,79 206,86
225,80 206,86
226,81 206,86
227,81 206,86
228,82 206,86
229,83 207,87
230,83 207,87
231,84 207,87
232,85 207,87
233,86 207,87
234,87 208,88
235,88 208,88
236,89 208,88
237,90 208,88
238,91 208,88
239,92 209,88
240,93 209,88
241,94 209,88
242,95 209,88
243,96 209,88
244,97 210,89
245,98 210,89
246,99 210,89
247,100 210,89
248,101 211,89
249,102 211,89
250,103 211,89
251,104 211,89
252,105 211,89
253,106 212,90
254,107 212,90
255,108 212,90
256,109 212,90
257,110 212,90
258,111 213,91
259,112 213,91
260,113 213,91
261,114 213,91
262,115 213,91
263,116 214,92
264,117 214,92
265,118 214,92
266,119 214,92
267,120 214,92
268,121 215,92
269,122 215,92
270,123 215,92
271,124 215,92
272,125 216,93
273,126 216,93
274,127 216,93
275,128 216,93
276,129 216,93
277,130 217,94
278,131 217,94
279,132 217,94
280,133 217,94
279,134 217,94
278,135 218,95
277,136 218,95
276,137 218,95
275,138 218,95
274,139 218,95
273,140 219,96
272,141 219,96
271,142 219,96
270,143 219,96
269,144 220,97
224,78 206,86
225,79 206,86
226,80 206,86
227,80 206,86
228,81 206,86
229,82 207,87
230,82 207,87
231,83 207,87
232,84 207,87
233,85 207,87
234,86 208,88
235,87 208,88
236,88 208,88
237,89 208,88
238,90 208,88
239,91 209,88
240,92 209,88
241,93 209,88
242,94 209,88
243,95 209,88
244,96 210,89
245,97 210,89
246,98 210,89
247,99 210,89
248,100 210,89
249,101 211,89
250,102 211,89
251,103 211,89
252,104 211,89
253,105 211,89
254,106 212,90
255,107 212,90
256,108 212,90
257,109 212,90
258,110 213,91
259,111 213,91
260,112 213,91
261,113 213,91
262,114 213,91
263,115 214,92
264,116 214,92
265,117 214,92
266,118 214,92
267,119 214,92
268,120 215,92
269,121 215,92
270,122 215,92
271,123 215,92
272,124 215,92
273,125 216,93
274,126 216,93
275,127 216,93
276,128 216,93
277,129 216,93
278,130 217,94
279,131 217,94
280,132 217,94
281,133 217,94
280,134 217,94
279,135 218,95
278,136 218,95
277,137 218,95
276,138 218,95
275,139 218,95
274,140 219,96
273,141 219,96
272,142 219,96
271,143 219,96
270,144 220,97
224,77 206,86
225,78 206,86
226,79 206,86
227,79 206,86
228,80 206,86
229,81 207,87
230,81 207,87
231,82 207,87
232,83 207,87
233,84 207,87
234,85 208,88
235,86 208,88
236,87 208,88
237,88 208,88
238,89 208,88
239,90 209,88
240,91 209,88
241,92 209,88
242,93 209,88
243,94 209,88
244,95 210,89
245,96 210,89
246,97 210,89
247,98 210,89
248,99 210,89
249,100 211,89
250,101 211,89
251,102 211,89
252,103 211,89
253,104 211,89
254,105 212,90
255,106 212,90
256,107 212,90
257,108 212,90
258,109 212,90
259,110 213,91
260,111 213,91
261,112 213,91
262,113 213,91
263,114 213,91
264,115 214,92
265,116 214,92
266,117 214,92
267,118 214,92
268,119 214,92
269,120 215,92
270,121 215,92
271,122 215,92
272,123 215,92
273,124 215,92
274,125 216,93
275,126 216,93
276,127 216,93
277,128 216,93
278,129 216,93
279,130 217,94
280,131 217,94
281,132 217,94
282,133 217,94
281,134 217,94
280,135 218,95
279,136 218,95
278,137 218,95
277,138 218,95
276,139 218,95
275,140 219,96
274,141 219,96
273,142 219,96
272,143 219,96
271,144 219,96
270,145 220,97
225,77 206,86
226,78 206,86
227,78 206,86
228,79 206,86
229,80 206,86
230,80 207,87
231,81 207,87
232,82 207,87
233,83 207,87
234,84 207,87
235,85 208,88
236,86 208,88
237,87 208,88
238,88 208,88
239,89 208,88
240,90 209,88
241,91 209,88
242,92 209,88
243,93 209,88
244,94 209,88
245,95 210,89
246,96 210,89
247,97 210,89
248,98 210,89
249,99 210,89
250,100 211,89
251,101 211,89
252,102 211,89
253,103 211,89
254,104 211,89
255,105 212,90
256,106 212,90
257,107 212,90
258,108 212,90
259,109 212,90
260,110 213,91
261,111 213,91
262,112 213,91
263,113 213,91
264,114 213,91
265,115 214,92
266,116 214,92
267,117 214,92
268,118 214,92
269,119 214,92
270,120 215,92
271,121 215,92
272,122 215,92
273,123 215,92
274,124 215,92
275,125 216,93
276,126 216,93
277,127 216,93
278,128 216,93
279,129 216,93
280,130 217,94
281,131 217,94
282,132 217,94
283,133 217,94
282,134 217,94
281,135 218,95
280,136 218,95
279,137 218,95
278,138 218,95
277,139 218,95
276,140 219,96
275,141 219,96
274,142 219,96
273,143 219,96
272,144 219,96
271,145 220,97
225,76 206,86
226,77 206,86
227,77 206,86
228,78 206,86
229,79 206,86
230,79 206,86
231,80 207,87
232,81 207,87
233,82 207,87
234,83 207,87
235,84 207,87
236,85 208,88
237,86 208,88
238,87 208,88
239,88 208,88
240,89 208,88
241,90 209,88
242,91 209,88
243,92 209,88
244,93 209,88
245,94 209,88
246,95 210,89
247,96 210,89
248,97 210,89
249,98 210,89
250,99 210,89
251,100 211,89
252,101 211,89
253,102 211,89
254,103 211,89
255,104 211,89
256,105 212,90
257,106 212,90
258,107 212,90
259,108 212,90
260,109 212,90
261,110 213,91
262,111 213,91
263,112 213,91
264,113 213,91
265,114 213,91
266,115 214,92
267,116 214,92
268,117 214,92
269,118 214,92
270,119 214,92
271,120 215,92
272,121 215,92
273,122 215,92
274,123 215,92
275,124 215,92
276,125 216,93
277,126 216,93
278,127 216,93
279,128 216,93
280,129 216,93
281,130 217,94
282,131 217,94
283,132 217,94
284,133 217,94
283,134 217,94
282,135 218,95
281,136 218,95
280,137 218,95
279,138 218,95
278,139 218,95
277,140 219,96
276,141 219,96
275,142 219,96
274,143 219,96
273,144 219,96
272,145 219,96
225,75 207,86
226,76 207,86
227,76 207,86
228,77 207,86
229,78 207,86
230,78 207,86
231,79 208,87
232,80 208,87
233,81 208,87
234,82 208,87
235,83 208,87
236,84 209,87
237,85 209,87
238,86 209,87
239,87 209,87
240,88 209,87
241,89 210,88
242,90 210,88
243,91 210,88
244,92 210,88
245,93 210,88
246,94 211,88
247,95 211,88
248,96 211,88
249,97 211,88
250,98 211,88
251,99 211,88
252,100 212,89
253,101 212,89
254,102 212,89
255,103 212,89
256,104 212,89
257,105 213,90
258,106 213,90
259,107 213,90
260,108 213,90
261,109 213,90
262,110 214,91
263,111 214,91
264,112 214,91
265,113 214,91
266,114 214,91
267,115 215,91
268,116 215,91
269,117 215,91
270,118 215,91
271,119 215,91
272,120 216,92
273,121 216,92
274,122 216,92
275,123 216,92
276,124 216,92
277,125 216,92
278,126 217,93
279,127 217,93
280,128 217,93
281,129 217,93
282,130 217,93
283,131 218,94
284,132 218,94
285,133 218,94
284,134 218,94
283,135 218,94
282,136 219,95
281,137 219,95
280,138 219,95
279,139 219,95
278,140 219,95
277,141 220,96
276,142 220,96
275,143 220,96
274,144 220,96
273,145 220,96
272,146 221,97
226,75 207,86
227,75 207,86
228,76 207,86
229,77 207,86
230,77 207,86
231,78 207,86
232,79 208,87
233,80 208,87
234,81 208,87
235,82 208,87
236,83 208,87
237,84 209,87
238,85 209,87
239,86 209,87
240,87 209,87
241,88 209,87
242,89 210,88
243,90 210,88
244,91 210,88
245,92 210,88
246,93 210,88
247,94 211,88
248,95 211,88
249,96 211,88
250,97 211,88
251,98 211,88
252,99 211,88
253,100 212,89
254,101 212,89
255,102 212,89
256,103 212,89
257,104 212,89
258,105 213,90
259,106 213,90
260,107 213,90
261,108 213,90
262,109 213,90
263,110 214,91
264,111 214,91
265,112 214,91
266,113 214,91
267,114 214,91
268,115 215,91
269,116 215,91
270,117 215,91
271,118 215,91
272,119 215,91
273,120 216,92
274,121 216,92
275,122 216,92
276,123 216,92
277,124 216,92
278,125 216,92
279,126 217,93
280,127 217,93
281,128 217,93
282,129 217,93
283,130 217,93
284,131 218,94
285,132 218,94
286,133 218,94
285,134 218,94
284,135 218,94
283,136 219,95
282,137 219,95
281,138 219,95
280,139 219,95
279,140 219,95
278,141 220,96
277,142 220,96
276,143 220,96
275,144 220,96
274,145 220,96
273,146 221,97
226,74 207,86
227,74 207,86
228,75 207,86
229,76 207,86
230,76 207,86
231,77 207,86
232,78 208,87
233,79 208,87
234,80 208,87
235,81 208,87
236,82 208,87
237,83 209,87
238,84 209,87
239,85 209,87
240,86 209,87
241,87 209,87
242,88 210,88
243,89 210,88
244,90 210,88
245,91 210,88
246,92 210,88
247,93 210,88
248,94 211,88
249,95 211,88
250,96 211,88
251,97 211,88
252,98 211,88
253,99 212,89
254,100 212,89
255,101 212,89
256,102 212,89
257,103 212,89
258,104 213,90
259,105 213,90
260,106 213,90
261,107 213,90
262,108 213,90
263,109 214,91
264,110 214,91
265,111 214,91
266,112 214,91
267,113 214,91
268,114 214,91
269,115 215,91
270,116 215,91
271,117 215,91
272,118 215,91
273,119 215,91
274,120 216,92
275,121 216,92
276,122 216,92
277,123 216,92
278,124 216,92
279,125 217,93
280,126 217,93
281,127 217,93
282,128 217,93
283,129 217,93
284,130 217,93
285,131 218,94
286,132 218,94
287,133 218,94
286,134 218,94
285,135 218,94
284,136 219,95
283,137 219,95
282,138 219,95
281,139 219,95
280,140 219,95
279,141 220,96
278,142 220,96
277,143 220,96
276,144 220,96
275,145 220,96
274,146 221,97
226,73 207,86
227,73 207,86
228,74 207,86
229,75 207,86
230,75 207,86
231,76 207,86
232,77 208,87
233,78 208,87
234,79 208,87
235,80 208,87
236,81 208,87
237,82 209,87
238,83 209,87
239,84 209,87
240,85 209,87
241,86 209,87
242,87 209,87
243,88 210,88
244,89 210,88
245,90 210,88
246,91 210,88
247,92 210,88
248,93 211,88
249,94 211,88
250,95 211,88
251,96 211,88
252,97 211,88
253,98 211,88
254,99 212,89
255,100 212,89
256,101 212,89
257,102 212,89
258,103 212,89
259,104 213,90
260,105 213,90
261,106 213,90
262,107 213,90
263,108 213,90
264,109 214,91
265,110 214,91
266,111 214,91
267,112 214,91
268,113 214,91
269,114 214,91
270,115 215,91
271,116 215,91
272,117 215,91
273,118 215,91
274,119 215,91
275,120 216,92
276,121 216,92
277,122 216,92
278,123 216,92
279,124 216,92
280,125 216,92
281,126 217,93
282,127 217,93
283,128 217,93
284,129 217,93
285,130 217,93
286,131 218,94
287,132 218,94
288,133 218,94
287,134 218,94
286,135 218,94
285,136 218,94
284,137 219,95
283,138 219,95
282,139 219,95
281,140 219,95
280,141 219,95
279,142 220,96
278,143 220,96
277,144 220,96
276,145 220,96
275,146 220,96
274,147 221,97
227,72 207,86
228,73 207,86
229,74 207,86
230,74 207,86
231,75 207,86
232,76 207,86
233,77 208,87
234,78 208,87
235,79 208,87
236,80 208,87
237,81 208,87
238,82 209,87
239,83 209,87
240,84 209,87
241,85 209,87
242,86 209,87
243,87 209,87
244,88 210,88
245,89 210,88
246,90 210,88
247,91 210,88
248,92 210,88
249,93 211,88
250,94 211,88
251,95 211,88
252,96 211,88
253,97 211,88
254,98 211,88
255,99 212,89
256,100 212,89
257,101 212,89
258,102 212,89
259,103 212,89
260,104 213,90
261,105 213,90
262,106 213,90
263,107 213,90
264,108 213,90
265,109 214,91
266,110 214,91
267,111 214,91
268,112 214,91
269,113 214,91
270,114 214,91
271,115 215,91
272,116 215,91
273,117 215,91
274,118 215,91
275,119 215,91
276,120 216,92
277,121 216,92
278,122 216,92
279,123 216,92
280,124 216,92
281,125 216,92
282,126 217,93
283,127 217,93
284,128 217,93
285,129 217,93
286,130 217,93
287,131 218,94
288,132 218,94
289,133 218,94
288,134 218,94
287,135 218,94
286,136 218,94
285,137 219,95
284,138 219,95
283,139 219,95
282,140 219,95
281,141 219,95
280,142 220,96
279,143 220,96
278,144 220,96
277,145 220,96
276,146 220,96
275,147 221,97
228,72 207,86
229,73 207,86
230,73 207,86
231,74 207,86
232,75 207,86
233,76 207,86
234,77 208,87
235,78 208,87
236,79 208,87
237,80 208,87
238,81 208,87
239,82 209,87
240,83 209,87
241,84 209,87
242,85 209,87
243,86 209,87
244,87 209,87
245,88 210,88
246,89 210,88
247,90 210,88
248,91 210,88
249,92 210,88
250,93 211,88
251,94 211,88
252,95 211,88
253,96 211,88
254,97 211,88
255,98 211,88
256,99 212,89
257,100 212,89
258,101 212,89
259,102 212,89
260,103 212,89
261,104 213,90
262,105 213,90
263,106 213,90
264,107 213,90
265,108 213,90
266,109 213,90
267,110 214,91
268,111 214,91
269,112 214,91
270,113 214,91
271,114 214,91
272,115 215,91
273,116 215,91
274,117 215,91
275,118 215,91
276,119 215,91
277,120 215,91
278,121 216,92
279,122 216,92
280,123 216,92
281,124 216,92
282,125 216,92
283,126 217,93
284,127 217,93
285,128 217,93
286,129 217,93
287,130 217,93
288,131 217,93
289,132 218,94
290,133 218,94
289,134 218,94
288,135 218,94
287,136 218,94
286,137 219,95
285,138 219,95
284,139 219,95
283,140 219,95
282,141 219,95
281,142 219,95
280,143 220,96
279,144 220,96
278,145 220,96
277,146 220,96
276,147 220,96
275,148 221,97
228,71 207,85
229,72 207,85
230,72 207,85
231,73 207,85
232,74 207,85
233,75 207,85
234,76 208,86
235,77 208,86
236,78 208,86
237,79 208,86
238,80 208,86
239,81 208,86
240,82 209,86
241,83 209,86
242,84 209,86
243,85 209,86
244,86 209,86
245,87 210,87
246,88 210,87
247,89 210,87
248,90 210,87
249,91 210,87
250,92 210,87
251,93 211,87
252,94 211,87
253,95 211,87
254,96 211,87
255,97 211,87
256,98 212,88
257,99 212,88
258,100 212,88
259,101 212,88
260,102 212,88
261,103 212,88
262,104 213,89
263,105 213,89
264,106 213,89
265,107 213,89
266,108 213,89
267,109 214,90
268,110 214,90
269,111 214,90
270,112 214,90
271,113 214,90
272,114 214,90
273,115 215,90
274,116 215,90
275,117 215,90
276,118 215,90
277,119 215,90
278,120 215,90
279,121 216,91
280,122 216,91
281,123 216,91
282,124 216,91
283,125 216,91
284,126 217,92
285,127 217,92
286,128 217,92
287,129 217,92
288,130 217,92
289,131 217,92
290,132 218,93
291,133 218,93
290,134 218,93
289,135 218,93
288,136 218,93
287,137 219,94
286,138 219,94
285,139 219,94
284,140 219,94
283,141 219,94
282,142 219,94
281,143 220,95
280,144 220,95
279,145 220,95
278,146 220,95
277,147 220,95
276,148 221,96
228,70 207,85
229,71 207,85
230,71 207,85
231,72 207,85
232,73 207,85
233,74 207,85
234,75 208,86
235,76 208,86
236,77 208,86
237,78 208,86
238,79 208,86
239,80 208,86
240,81 209,86
241,82 209,86
242,83 209,86
243,84 209,86
244,85 209,86
245,86 210,87
246,87 210,87
247,88 210,87
248,89 210,87
249,90 210,87
250,91 210,87
251,92 211,87
252,93 211,87
253,94 211,87
254,95 211,87
255,96 211,87
256,97 211,87
257,98 212,88
258,99 212,88
259,100 212,88
260,101 212,88
261,102 212,88
262,103 213,89
263,104 213,89
264,105 213,89
265,106 213,89
266,107 213,89
267,108 213,89
268,109 214,90
269,110 214,90
270,111 214,90
271,112 214,90
272,113 214,90
273,114 214,90
274,115 215,90
275,116 215,90
276,117 215,90
277,118 215,90
278,119 215,90
279,120 216,91
280,121 216,91
281,122 216,91
282,123 216,91
283,124 216,91
284,125 216,91
285,126 217,92
286,127 217,92
287,128 217,92
288,129 217,92
289,130 217,92
290,131 217,92
291,132 218,93
292,133 218,93
291,134 218,93
290,135 218,93
289,136 218,93
288,137 219,94
287,138 219,94
286,139 219,94
285,140 219,94
284,141 219,94
283,142 219,94
282,143 220,95
281,144 220,95
280,145 220,95
279,146 220,95
278,147 220,95
277,148 221,96
229,70 207,85
230,70 207,85
231,71 207,85
232,72 207,85
233,73 207,85
234,74 207,85
235,75 208,86
236,76 208,86
237,77 208,86
238,78 208,86
239,79 208,86
240,80 208,86
241,81 209,86
242,82 209,86
243,83 209,86
244,84 209,86
245,85 209,86
246,86 209,86
247,87 210,87
248,88 210,87
249,89 210,87
250,90 210,87
251,91 210,87
252,92 211,87
253,93 211,87
254,94 211,87
255,95 211,87
256,96 211,87
257,97 211,87
258,98 212,88
259,99 212,88
260,100 212,88
261,101 212,88
262,102 212,88
263,103 212,88
264,104 213,89
265,105 213,89
266,106 213,89
267,107 213,89
268,108 213,89
269,109 214,90
270,110 214,90
271,111 214,90
272,112 214,90
273,113 214,90
274,114 214,90
275,115 215,90
276,116 215,90
277,117 215,90
278,118 215,90
279,119 215,90
280,120 215,90
281,121 216,91
282,122 216,91
283,123 216,91
284,124 216,91
285,125 216,91
286,126 216,91
287,127 217,92
288,128 217,92
289,129 217,92
290,130 217,92
291,131 217,92
292,132 218,93
293,133 218,93
292,134 218,93
291,135 218,93
290,136 218,93
289,137 218,93
288,138 219,94
287,139 219,94
286,140 219,94
285,141 219,94
284,142 219,94
283,143 219,94
282,144 220,95
281,145 220,95
280,146 220,95
279,147 220,95
278,148 220,95
277,149 221,96
229,69 207,85
230,69 207,85
231,70 207,85
232,71 207,85
233,72 207,85
234,73 207,85
235,74 208,86
236,75 208,86
237,76 208,86
238,77 208,86
239,78 208,86
240,79 208,86
241,80 209,86
242,81 209,86
243,82 209,86
244,83 209,86
245,84 209,86
246,85 209,86
247,86 210,87
248,87 210,87
249,88 210,87
250,89 210,87
251,90 210,87
252,91 210,87
253,92 211,87
254,93 211,87
255,94 211,87
256,95 211,87
257,96 211,87
258,97 212,88
259,98 212,88
260,99 212,88
261,100 212,88
262,101 212,88
263,102 212,88
264,103 213,89
265,104 213,89
266,105 213,89
267,106 213,89
268,107 213,89
269,108 213,89
270,109 214,90
271,110 214,90
272,111 214,90
273,112 214,90
274,113 214,90
275,114 214,90
276,115 215,90
277,116 215,90
278,117 215,90
279,118 215,90
280,119 215,90
281,120 215,90
282,121 216,91
283,122 216,91
284,123 216,91
285,124 216,91
286,125 216,91
287,126 217,92
288,127 217,92
289,128 217,92
290,129 217,92
291,130 217,92
292,131 217,92
293,132 218,93
294,133 218,93
293,134 218,93
292,135 218,93
291,136 218,93
290,137 218,93
289,138 219,94
288,139 219,94
287,140 219,94
286,141 219,94
285,142 219,94
284,143 219,94
283,144 220,95
282,145 220,95
281,146 220,95
280,147 220,95
279,148 220,95
278,149 221,96
231,69 207,85
232,70 207,85
233,71 207,85
234,72 207,85
235,73 207,85
236,74 207,85
237,75 208,86
238,76 208,86
239,77 208,86
240,78 208,86
241,79 208,86
242,80 208,86
243,81 209,86
244,82 209,86
245,83 209,86
246,84 209,86
247,85 209,86
248,86 209,86
249,87 210,87
250,88 210,87
251,89 210,87
252,90 210,87
253,91 210,87
254,92 210,87
255,93 211,87
256,94 211,87
257,95 211,87
258,96 211,87
259,97 211,87
260,98 212,88
261,99 212,88
262,100 212,88
263,101 212,88
264,102 212,88
265,103 212,88
266,104 213,89
267,105 213,89
268,106 213,89
269,107 213,89
270,108 213,89
271,109 213,89
272,110 214,90
273,111 214,90
274,112 214,90
275,113 214,90
276,114 214,90
277,115 214,90
278,116 215,90
279,117 215,90
280,118 215,90
281,119 215,90
282,120 215,90
283,121 215,90
284,122 216,91
285,123 216,91
286,124 216,91
287,125 216,91
288,126 216,91
289,127 217,92
290,128 217,92
291,129 217,92
292,130 217,92
293,131 217,92
294,132 217,92
295,133 218,93
294,134 218,93
293,135 218,93
292,136 218,93
291,137 218,93
290,138 218,93
289,139 219,94
288,140 219,94
287,141 219,94
286,142 219,94
285,143 219,94
284,144 219,94
283,145 220,95
282,146 220,95
281,147 220,95
280,148 220,95
279,149 220,95
278,150 221,96
231,68 207,85
232,69 207,85
233,70 207,85
234,71 207,85
235,72 207,85
236,73 207,85
237,74 208,86
238,75 208,86
239,76 208,86
240,77 208,86
241,78 208,86
242,79 208,86
243,80 209,86
244,81 209,86
245,82 209,86
246,83 209,86
247,84 209,86
248,85 209,86
249,86 210,87
250,87 210,87
251,88 210,87
252,89 210,87
253,90 210,87
254,91 210,87
255,92 211,87
256,93 211,87
257,94 211,87
258,95 211,87
259,96 211,87
260,97 211,87
261,98 212,88
262,99 212,88
263,100 212,88
264,101 212,88
265,102 212,88
266,103 212,88
267,104 213,89
268,105 213,89
269,106 213,89
270,107 213,89
271,108 213,89
272,109 214,90
273,110 214,90
274,111 214,90
275,112 214,90
276,113 214,90
277,114 214,90
278,115 215,90
279,116 215,90
280,117 215,90
281,118 215,90
282,119 215,90
283,120 215,90
284,121 216,91
285,122 216,91
286,123 216,91
287,124 216,91
288,125 216,91
289,126 216,91
290,127 217,92
291,128 217,92
292,129 217,92
293,130 217,92
294,131 217,92
295,132 217,92
296,133 218,93
295,134 218,93
294,135 218,93
293,136 218,93
292,137 218,93
291,138 218,93
290,139 219,94
289,140 219,94
288,141 219,94
287,142 219,94
286,143 219,94
285,144 219,94
284,145 220,95
283,146 220,95
282,147 220,95
281,148 220,95
280,149 220,95
279,150 221,96
232,68 207,84
233,69 207,84
234,70 207,84
235,71 207,84
236,72 207,84
237,73 207,84
238,74 208,85
239,75 208,85
240,76 208,85
241,77 208,85
242,78 208,85
243,79 208,85
244,80 209,85
245,81 209,85
246,82 209,85
247,83 209,85
248,84 209,85
249,85 209,85
250,86 210,86
251,87 210,86
252,88 210,86
253,89 210,86
254,90 210,86
255,91 210,86
256,92 211,86
257,93 211,86
258,94 211,86
259,95 211,86
260,96 211,86
261,97 211,86
262,98 212,87
263,99 212,87
264,100 212,87
265,101 212,87
266,102 212,87
267,103 212,87
268,104 213,88
269,105 213,88
270,106 213,88
271,107 213,88
272,108 213,88
273,109 214,89
274,110 214,89
275,111 214,89
276,112 214,89
277,113 214,89
278,114 214,89
279,115 215,89
280,116 215,89
281,117 215,89
282,118 215,89
283,119 215,89
284,120 215,89
285,121 216,90
286,122 216,90
287,123 216,90
288,124 216,90
289,125 216,90
290,126 216,90
291,127 217,91
292,128 217,91
293,129 217,91
294,130 217,91
295,131 217,91
296,132 217,91
296,134 218,92
295,135 218,92
294,136 218,92
293,137 218,92
292,138 218,92
291,139 218,92
290,140 219,93
289,141 219,93
288,142 219,93
287,143 219,93
286,144 219,93
285,145 219,93
284,146 220,94
283,147 220,94
282,148 220,94
281,149 220,94
280,150 220,94
279,151 221,95
232,67 207,84
233,68 207,84
234,69 207,84
235,70 207,84
236,71 207,84
237,72 207,84
238,73 208,85
239,74 208,85
240,75 208,85
241,76 208,85
242,77 208,85
243,78 208,85
244,79 209,85
245,80 209,85
246,81 209,85
247,82 209,85
248,83 209,85
249,84 209,85
250,85 210,86
251,86 210,86
252,87 210,86
253,88 210,86
254,89 210,86
255,90 211,86
256,91 211,86
257,92 211,86
258,93 211,86
259,94 211,86
260,95 211,86
261,96 212,87
262,97 212,87
263,98 212,87
264,99 212,87
265,100 212,87
266,101 212,87
267,102 213,88
268,103 213,88
269,104 213,88
270,105 213,88
271,106 213,88
272,107 214,89
273,108 214,89
274,109 214,89
275,110 214,89
276,111 214,89
277,112 214,89
278,113 215,89
279,114 215,89
280,115 215,89
281,116 215,89
282,117 215,89
283,118 215,89
284,119 216,90
285,120 216,90
286,121 216,90
287,122 216,90
288,123 216,90
289,124 216,90
290,125 217,91
291,126 217,91
292,127 217,91
293,128 217,91
294,129 217,91
295,130 218,92
296,135 218,92
295,136 218,92
294,137 218,92
293,138 218,92
292,139 218,92
291,140 219,93
290,141 219,93
289,142 219,93
288,143 219,93
287,144 219,93
286,145 219,93
285,146 220,94
284,147 220,94
283,148 220,94
282,149 220,94
281,150 220,94
280,151 221,95
232,66 207,84
233,67 207,84
234,68 207,84
235,69 207,84
236,70 207,84
237,71 207,84
238,72 208,85
239,73 208,85
240,74 208,85
241,75 208,85
242,76 208,85
243,77 208,85
244,78 209,85
245,79 209,85
246,80 209,85
247,81 209,85
248,82 209,85
249,83 209,85
250,84 210,86
251,85 210,86
252,86 210,86
253,87 210,86
254,88 210,86
255,89 210,86
256,90 211,86
257,91 211,86
258,92 211,86
259,93 211,86
260,94 211,86
261,95 212,87
262,96 212,87
263,97 212,87
264,98 212,87
265,99 212,87
266,100 212,87
267,101 213,88
268,102 213,88
269,103 213,88
270,104 213,88
271,105 213,88
272,106 213,88
273,107 214,89
274,108 214,89
275,109 214,89
276,110 214,89
277,111 214,89
278,112 214,89
279,113 215,89
280,114 215,89
281,115 215,89
282,116 215,89
283,117 215,89
284,118 215,89
285,119 216,90
286,120 216,90
287,121 216,90
288,122 216,90
289,123 216,90
290,124 217,91
291,125 217,91
292,126 217,91
293,127 217,91
294,128 217,91
295,129 217,91
297,135 218,92
296,136 218,92
295,137 218,92
294,138 218,92
293,139 218,92
292,140 218,92
291,141 219,93
290,142 219,93
289,143 219,93
288,144 219,93
287,145 219,93
286,146 219,93
285,147 220,94
284,148 220,94
283,149 220,94
282,150 220,94
281,151 220,94
280,152 221,95
233,66 207,84
234,67 207,84
235,68 207,84
236,69 207,84
237,70 207,84
238,71 207,84
239,72 208,85
240,73 208,85
241,74 208,85
242,75 208,85
243,76 208,85
244,77 208,85
245,78 209,85
246,79 209,85
247,80 209,85
248,81 209,85
249,82 209,85
250,83 210,86
251,84 210,86
252,85 210,86
253,86 210,86
254,87 210,86
255,88 210,86
256,89 211,86
257,90 211,86
258,91 211,86
259,92 211,86
260,93 211,86
261,94 212,87
262,95 212,87
263,96 212,87
264,97 212,87
265,98 212,87
266,99 212,87
267,100 213,88
268,101 213,88
269,102 213,88
270,103 213,88
271,104 213,88
272,105 214,89
273,106 214,89
274,107 214,89
275,108 214,89
276,109 214,89
277,110 214,89
278,111 215,89
279,112 215,89
280,113 215,89
281,114 215,89
282,115 215,89
283,116 215,89
284,117 216,90
285,118 216,90
286,119 216,90
287,120 216,90
288,121 216,90
289,122 217,91
290,123 217,91
291,124 217,91
292,125 217,91
293,126 217,91
294,127 217,91
297,136 218,92
296,137 218,92
295,138 218,92
294,139 218,92
293,140 218,92
292,141 219,93
291,142 219,93
290,143 219,93
289,144 219,93
288,145 219,93
287,146 219,93
286,147 220,94
285,148 220,94
284,149 220,94
283,150 220,94
282,151 220,94
281,152 221,95
233,65 207,84
234,66 207,84
235,67 207,84
236,68 207,84
237,69 207,84
238,70 207,84
239,71 208,85
240,72 208,85
241,73 208,85
242,74 208,85
243,75 208,85
244,76 208,85
245,77 209,85
246,78 209,85
247,79 209,85
248,80 209,85
249,81 209,85
250,82 210,86
251,83 210,86
252,84 210,86
253,85 210,86
254,86 210,86
255,87 210,86
256,88 211,86
257,89 211,86
258,90 211,86
259,91 211,86
260,92 211,86
261,93 212,87
262,94 212,87
263,95 212,87
264,96 212,87
265,97 212,87
266,98 212,87
267,99 213,88
268,100 213,88
269,101 213,88
270,102 213,88
271,103 213,88
272,104 214,89
273,105 214,89
274,106 214,89
275,107 214,89
276,108 214,89
277,109 214,89
278,110 215,89
279,111 215,89
280,112 215,89
281,113 215,89
282,114 215,89
283,115 215,89
284,116 216,90
285,117 216,90
286,118 216,90
287,119 216,90
288,120 216,90
289,121 217,91
290,122 217,91
291,123 217,91
292,124 217,91
293,125 217,91
294,126 217,91
297,137 218,92
296,138 218,92
295,139 218,92
294,140 218,92
293,141 218,92
292,142 219,93
291,143 219,93
290,144 219,93
289,145 219,93
288,146 219,93
287,147 219,93
286,148 220,94
285,149 220,94
284,150 220,94
283,151 220,94
282,152 220,94
281,153 221,95
234,65 207,84
235,66 207,84
236,67 207,84
237,68 207,84
238,69 207,84
239,70 207,84
240,71 208,85
241,72 208,85
242,73 208,85
243,74 208,85
244,75 208,85
245,76 209,85
246,77 209,85
247,78 209,85
248,79 209,85
249,80 209,85
250,81 209,85
251,82 210,86
252,83 210,86
253,84 210,86
254,85 210,86
255,86 210,86
256,87 211,86
257,88 211,86
258,89 211,86
259,90 211,86
260,91 211,86
261,92 212,87
262,93 212,87
263,94 212,87
264,95 212,87
265,96 212,87
266,97 212,87
267,98 213,88
268,99 213,88
269,100 213,88
270,101 213,88
271,102 213,88
272,103 214,89
273,104 214,89
274,105 214,89
275,106 214,89
276,107 214,89
277,108 215,89
278,109 215,89
279,110 215,89
280,111 215,89
281,112 215,89
282,113 215,89
283,114 216,90
284,115 216,90
285,116 216,90
286,117 216,90
287,118 216,90
288,119 217,91
289,120 217,91
290,121 217,91
291,122 217,91
292,123 217,91
293,124 218,92
297,138 218,92
296,139 218,92
295,140 218,92
294,141 218,92
293,142 218,92
292,143 219,93
291,144 219,93
290,145 219,93
289,146 219,93
288,147 219,93
287,148 220,94
286,149 220,94
285,150 220,94
284,151 220,94
283,152 220,94
282,153 221,95
234,64 208,84
235,65 208,84
236,66 208,84
237,67 208,84
238,68 208,84
239,69 208,84
240,70 209,84
241,71 209,84
242,72 209,84
243,73 209,84
244,74 209,84
245,75 210,85
246,76 210,85
247,77 210,85
248,78 210,85
249,79 210,85
250,80 210,85
251,81 211,85
252,82 211,85
253,83 211,85
254,84 211,85
255,85 211,85
256,86 212,86
257,87 212,86
258,88 212,86
259,89 212,86
260,90 212,86
261,91 213,87
262,92 213,87
263,93 213,87
264,94 213,87
265,95 213,87
266,96 213,87
267,97 214,88
268,98 214,88
269,99 214,88
270,100 214,88
271,101 214,88
272,102 215,88
273,103 215,88
274,104 215,88
275,105 215,88
276,106 215,88
277,107 216,89
278,108 216,89
279,109 216,89
280,110 216,89
281,111 216,89
282,112 216,89
283,113 217,90
284,114 217,90
285,115 217,90
286,116 217,90
287,117 217,90
288,118 218,91
289,119 218,91
290,120 218,91
291,121 218,91
292,122 218,91
298,138 219,92
297,139 219,92
296,140 219,92
295,141 219,92
294,142 219,92
293,143 219,92
292,144 220,93
291,145 220,93
290,146 220,93
289,147 220,93
288,148 220,93
287,149 221,94
286,150 221,94
285,151 221,94
284,152 221,94
283,153 221,94
282,154 222,95
235,64 208,84
236,65 208,84
237,66 208,84
238,67 208,84
239,68 208,84
240,69 208,84
241,70 209,84
242,71 209,84
243,72 209,84
244,73 209,84
245,74 209,84
246,75 210,85
247,76 210,85
248,77 210,85
249,78 210,85
250,79 210,85
251,80 211,85
252,81 211,85
253,82 211,85
254,83 211,85
255,84 211,85
256,85 212,86
257,86 212,86
258,87 212,86
259,88 212,86
260,89 212,86
261,90 213,87
262,91 213,87
263,92 213,87
264,93 213,87
265,94 213,87
266,95 214,88
267,96 214,88
268,97 214,88
269,98 214,88
270,99 214,88
271,100 215,88
272,101 215,88
273,102 215,88
274,103 215,88
275,104 215,88
276,105 215,88
277,106 216,89
278,107 216,89
279,108 216,89
280,109 216,89
281,110 216,89
282,111 217,90
283,112 217,90
284,113 217,90
285,114 217,90
286,115 217,90
287,116 218,91
288,117 218,91
289,118 218,91
290,119 218,91
291,120 218,91
298,139 219,92
297,140 219,92
296,141 219,92
295,142 219,92
294,143 219,92
293,144 220,93
292,145 220,93
291,146 220,93
290,147 220,93
289,148 220,93
288,149 221,94
287,150 221,94
286,151 221,94
285,152 221,94
284,153 221,94
283,154 222,95
235,63 208,84
236,64 208,84
237,65 208,84
238,66 208,84
239,67 208,84
240,68 208,84
241,69 209,84
242,70 209,84
243,71 209,84
244,72 209,84
245,73 209,84
246,74 210,85
247,75 210,85
248,76 210,85
249,77 210,85
250,78 210,85
251,79 211,85
252,80 211,85
253,81 211,85
254,82 211,85
255,83 211,85
256,84 212,86
257,85 212,86
258,86 212,86
259,87 212,86
260,88 212,86
261,89 213,87
262,90 213,87
263,91 213,87
264,92 213,87
265,93 213,87
266,94 214,88
267,95 214,88
268,96 214,88
269,97 214,88
270,98 214,88
271,99 215,88
272,100 215,88
273,101 215,88
274,102 215,88
275,103 215,88
276,104 215,88
277,105 216,89
278,106 216,89
279,107 216,89
280,108 216,89
281,109 216,89
282,110 217,90
283,111 217,90
284,112 217,90
285,113 217,90
286,114 217,90
287,115 218,91
288,116 218,91
289,117 218,91
290,118 218,91
291,119 218,91
298,140 219,92
297,141 219,92
296,142 219,92
295,143 219,92
294,144 219,92
293,145 220,93
292,146 220,93
291,147 220,93
290,148 220,93
289,149 220,93
288,150 221,94
287,151 221,94
286,152 221,94
285,153 221,94
284,154 221,94
283,155 222,95
235,62 208,84
236,63 208,84
237,64 208,84
238,65 208,84
239,66 208,84
240,67 208,84
241,68 209,84
242,69 209,84
243,70 209,84
244,71 209,84
245,72 209,84
246,73 210,85
247,74 210,85
248,75 210,85
249,76 210,85
250,77 210,85
251,78 211,85
252,79 211,85
253,80 211,85
254,81 211,85
255,82 211,85
256,83 212,86
257,84 212,86
258,85 212,86
259,86 212,86
260,87 212,86
261,88 213,87
262,89 213,87
263,90 213,87
264,91 213,87
265,92 213,87
266,93 214,88
267,94 214,88
268,95 214,88
269,96 214,88
270,97 214,88
271,98 215,88
272,99 215,88
273,100 215,88
274,101 215,88
275,102 215,88
276,103 216,89
277,104 216,89
278,105 216,89
279,106 216,89
280,107 216,89
281,108 217,90
282,109 217,90
283,110 217,90
284,111 217,90
285,112 217,90
286,113 218,91
287,114 218,91
288,115 218,91
289,116 218,91
290,117 218,91
298,141 219,92
297,142 219,92
296,143 219,92
295,144 219,92
294,145 219,92
293,146 220,93
292,147 220,93
291,148 220,93
290,149 220,93
289,150 220,93
288,151 221,94
287,152 221,94
286,153 221,94
285,154 221,94
284,155 221,94
283,156 221,94
235,61 208,84
236,62 208,84
237,63 208,84
238,64 208,84
239,65 208,84
240,66 209,84
241,67 209,84
242,68 209,84
243,69 209,84
244,70 209,84
245,71 210,85
246,72 210,85
247,73 210,85
248,74 210,85
249,75 210,85
250,76 211,85
251,77 211,85
252,78 211,85
253,79 211,85
254,80 211,85
255,81 212,86
256,82 212,86
257,83 212,86
258,84 212,86
259,85 212,86
260,86 213,87
261,87 213,87
262,88 213,87
263,89 213,87
264,90 213,87
265,91 214,88
266,92 214,88
267,93 214,88
268,94 214,88
269,95 214,88
270,96 215,88
271,97 215,88
272,98 215,88
273,99 215,88
274,100 215,88
275,101 216,89
276,102 216,89
277,103 216,89
278,104 216,89
279,105 216,89
280,106 217,90
281,107 217,90
282,108 217,90
283,109 217,90
284,110 217,90
285,111 218,91
286,112 218,91
287,113 218,91
288,114 218,91
289,115 218,91
299,141 219,92
298,142 219,92
297,143 219,92
296,144 219,92
295,145 219,92
294,146 220,93
293,147 220,93
292,148 220,93
291,149 220,93
290,150 220,93
289,151 221,94
288,152 221,94
287,153 221,94
286,154 221,94
285,155 221,94
284,156 222,95
236,61 208,84
237,62 208,84
238,63 208,84
239,64 208,84
240,65 208,84
241,66 209,84
242,67 209,84
243,68 209,84
244,69 209,84
245,70 209,84
246,71 210,85
247,72 210,85
248,73 210,85
249,74 210,85
250,75 210,85
251,76 211,85
252,77 211,85
253,78 211,85
254,79 211,85
255,80 211,85
256,81 212,86
257,82 212,86
258,83 212,86
259,84 212,86
260,85 212,86
261,86 213,87
262,87 213,87
263,88 213,87
264,89 213,87
265,90 213,87
266,91 214,88
267,92 214,88
268,93 214,88
269,94 214,88
270,95 215,88
271,96 215,88
272,97 215,88
273,98 215,88
274,99 215,88
275,100 216,89
276,101 216,89
277,102 216,89
278,103 216,89
279,104 216,89
280,105 217,90
281,106 217,90
282,107 217,90
283,108 217,90
284,109 217,90
285,110 218,91
286,111 218,91
287,112 218,91
288,113 218,91
299,142 218,91
298,143 219,92
297,144 219,92
296,145 219,92
295,146 219,92
294,147 219,92
293,148 220,93
292,149 220,93
291,150 220,93
290,151 220,93
289,152 220,93
288,153 221,94
287,154 221,94
286,155 221,94
285,156 221,94
284,157 222,95
236,60 208,83
237,61 208,83
238,62 208,83
239,63 208,83
240,64 208,83
241,65 209,83
242,66 209,83
243,67 209,83
244,68 209,83
245,69 209,83
246,70 210,84
247,71 210,84
248,72 210,84
249,73 210,84
250,74 210,84
251,75 211,84
252,76 211,84
253,77 211,84
254,78 211,84
255,79 211,84
256,80 212,85
257,81 212,85
258,82 212,85
259,83 212,85
260,84 212,85
261,85 213,86
262,86 213,86
263,87 213,86
264,88 213,86
265,89 213,86
266,90 214,87
267,91 214,87
268,92 214,87
269,93 214,87
270,94 215,87
271,95 215,87
272,96 215,87
273,97 215,87
274,98 215,87
275,99 216,88
276,100 216,88
277,101 216,88
278,102 216,88
279,103 216,88
280,104 217,89
281,105 217,89
282,106 217,89
283,107 217,89
284,108 217,89
285,109 218,90
286,110 218,90
287,111 218,90
288,112 218,90
299,143 218,90
298,144 219,91
297,145 219,91
296,146 219,91
295,147 219,91
294,148 219,91
293,149 220,92
292,150 220,92
291,151 220,92
290,152 220,92
289,153 220,92
288,154 221,93
287,155 221,93
286,156 221,93
285,157 221,93
284,158 222,94
236,59 208,83
237,60 208,83
238,61 208,83
239,62 208,83
240,63 208,83
241,64 209,83
242,65 209,83
243,66 209,83
244,67 209,83
245,68 209,83
246,69 210,84
247,70 210,84
248,71 210,84
249,72 210,84
250,73 210,84
251,74 211,84
252,75 211,84
253,76 211,84
254,77 211,84
255,78 211,84
256,79 212,85
257,80 212,85
258,81 212,85
259,82 212,85
260,83 213,86
261,84 213,86
262,85 213,86
263,86 213,86
264,87 213,86
265,88 214,87
266,89 214,87
267,90 214,87
268,91 214,87
269,92 214,87
270,93 215,87
271,94 215,87
272,95 215,87
273,96 215,87
274,97 215,87
275,98 216,88
276,99 216,88
277,100 216,88
278,101 216,88
279,102 216,88
280,103 217,89
281,104 217,89
282,105 217,89
283,106 217,89
284,107 218,90
285,108 218,90
286,109 218,90
287,110 218,90
299,144 218,90
298,145 219,91
297,146 219,91
296,147 219,91
295,148 219,91
294,149 219,91
293,150 220,92
292,151 220,92
291,152 220,92
290,153 220,92
289,154 220,92
288,155 221,93
287,156 221,93
286,157 221,93
285,158 221,93
284,159 222,94
237,59 208,83
238,60 208,83
239,61 208,83
240,62 208,83
241,63 208,83
242,64 209,83
243,65 209,83
244,66 209,83
245,67 209,83
246,68 210,84
254,76 210,84
255,77 210,84
256,78 210,84
257,79 211,84
258,80 211,84
259,81 211,84
260,82 211,84
261,83 212,85
262,84 212,85
263,85 212,85
264,86 212,85
265,87 213,86
266,88 213,86
267,89 213,86
268,90 213,86
269,91 214,87
270,92 214,87
271,93 214,87
272,94 214,87
273,95 215,87
274,96 215,87
275,97 215,87
276,98 215,87
277,99 216,88
278,100 216,88
279,101 216,88
280,102 216,88
281,103 217,89
282,104 217,89
283,105 217,89
284,106 217,89
285,107 218,90
286,108 218,90
299,145 218,90
298,146 218,90
297,147 219,91
296,148 219,91
295,149 219,91
294,150 219,91
293,151 220,92
292,152 220,92
291,153 220,92
290,154 220,92
289,155 221,93
288,156 221,93
287,157 221,93
286,158 221,93
285,159 222,94
239,60 208,83
240,61 208,83
241,62 208,83
242,63 208,83
243,64 209,83
258,79 209,83
259,80 209,83
260,81 210,84
261,82 210,84
262,83 210,84
263,84 210,84
264,85 211,84
265,86 211,84
266,87 211,84
267,88 212,85
268,89 212,85
269,90 212,85
270,91 213,86
271,92 213,86
272,93 213,86
273,94 213,86
274,95 214,87
275,96 214,87
276,97 214,87
277,98 215,87
278,99 215,87
279,100 215,87
280,101 216,88
281,102 216,88
282,103 216,88
283,104 216,88
284,105 217,89
285,106 217,89
299,146 217,89
298,147 218,90
297,148 218,90
296,149 218,90
295,150 219,91
294,151 219,91
293,152 219,91
292,153 219,91
291,154 220,92
290,155 220,92
289,156 220,92
288,157 221,93
287,158 221,93
286,159 221,93
285,160 222,94
261,81 208,83
262,82 208,83
263,83 208,83
264,84 209,83
265,85 209,83
266,86 209,83
267,87 210,84
268,88 210,84
269,89 210,84
270,90 211,84
271,91 211,84
272,92 212,85
273,93 212,85
274,94 212,85
275,95 213,86
276,96 213,86
277,97 213,86
278,98 214,87
279,99 214,87
280,100 215,87
281,101 215,87
282,102 215,87
283,103 216,88
284,104 216,88
299,147 216,88
298,148 217,89
297,149 217,89
296,150 217,89
295,151 218,90
294,152 218,90
293,153 219,91
292,154 219,91
291,155 219,91
290,156 220,92
289,157 220,92
288,158 220,92
287,159 221,93
286,160 221,93
285,161 222,94
263,82 208,82
264,83 208,82
265,84 208,82
266,85 209,82
267,86 209,82
268,87 210,83
269,88 210,83
270,89 210,83
271,90 211,83
272,91 211,83
273,92 212,84
274,93 212,84
275,94 212,84
276,95 213,85
277,96 213,85
278,97 214,86
279,98 214,86
280,99 214,86
281,100 215,86
282,101 215,86
283,102 216,87
299,148 216,87
298,149 216,87
297,150 217,88
296,151 217,88
295,152 218,89
294,153 218,89
293,154 218,89
292,155 219,90
291,156 219,90
290,157 220,91
289,158 220,91
288,159 220,91
287,160 221,92
286,161 221,92
285,162 222,93
265,83 208,82
266,84 208,82
267,85 208,82
268,86 209,82
269,87 209,82
270,88 210,83
271,89 210,83
272,90 211,83
273,91 211,83
274,92 211,83
275,93 212,84
276,94 212,84
277,95 213,85
278,96 213,85
279,97 214,86
280,98 214,86
281,99 215,86
282,100 215,86
283,101 215,86
299,149 216,87
298,150 216,87
297,151 217,88
296,152 217,88
295,153 218,89
294,154 218,89
293,155 218,89
292,156 219,90
291,157 219,90
290,158 220,91
289,159 220,91
288,160 221,92
287,161 221,92
286,162 222,93
267,84 208,82
268,85 208,82
269,86 209,82
270,87 209,82
271,88 210,83
272,89 210,83
273,90 211,83
274,91 211,83
275,92 212,84
276,93 212,84
277,94 213,85
278,95 213,85
279,96 214,86
280,97 214,86
281,98 215,86
299,150 215,86
298,151 216,87
297,152 216,87
296,153 217,88
295,154 217,88
294,155 218,89
293,156 218,89
292,157 219,90
291,158 219,90
290,159 220,91
289,160 220,91
288,161 221,92
287,162 221,92
286,163 222,93
269,85 208,82
270,86 208,82
271,87 209,82
272,88 209,82
273,89 210,83
274,90 210,83
275,91 211,83
276,92 211,83
277,93 212,84
278,94 213,85
279,95 213,85
280,96 214,86
299,151 214,86
298,152 215,86
297,153 215,86
296,154 216,87
295,155 216,87
294,156 217,88
293,157 218,89
292,158 218,89
291,159 219,90
290,160 219,90
289,161 220,91
288,162 220,91
287,163 221,92
286,164 222,93
271,86 208,82
272,87 208,82
273,88 209,82
274,89 210,83
275,90 210,83
276,91 211,83
277,92 212,84
278,93 212,84
299,152 213,85
298,153 214,86
297,154 214,86
296,155 215,86
295,156 216,87
294,157 216,87
293,158 217,88
292,159 218,89
291,160 218,89
290,161 219,90
289,162 220,91
288,163 220,91
287,164 221,92
286,165 222,93
273,87 208,82
274,88 208,82
275,89 209,82
276,90 210,83
277,91 211,83
299,153 211,83
298,154 212,84
297,155 213,85
296,156 214,86
295,157 215,86
294,158 215,86
293,159 216,87
292,160 217,88
291,161 218,89
290,162 218,89
289,163 219,90
288,164 220,91
287,165 221,92
286,166 222,93
299,154 210,82
298,155 211,82
297,156 212,83
296,157 213,84
295,158 214,85
294,159 215,85
293,160 216,86
292,161 217,87
291,162 218,88
290,163 219,89
289,164 220,90
288,165 221,91
287,166 222,92
299,155 210,82
298,156 211,82
297,157 212,83
296,158 213,84
295,159 214,85
294,160 215,85
293,161 216,86
292,162 217,87
291,163 218,88
290,164 219,89
289,165 220,90
288,166 221,91
287,167 222,92
299,156 210,82
298,157 211,82
297,158 212,83
296,159 213,84
295,160 214,85
294,161 215,85
293,162 216,86
292,163 217,87
291,164 218,88
290,165 219,89
289,166 220,90
288,167 221,91
287,168 222,92
299,157 210,82
298,158 211,82
297,159 212,83
296,160 213,84
295,161 214,85
294,162 215,85
293,163 216,86
292,164 217,87
291,165 218,88
290,166 219,89
289,167 220,90
288,168 221,91
287,169 222,92
298,159 210,82
298,159 211,82
297,160 212,83
296,161 213,84
295,162 214,85
294,163 215,85
293,164 216,86
292,165 217,87
291,166 218,88
290,167 219,89
289,168 220,90
288,169 221,91
287,170 222,92
298,160 210,82
298,160 211,82
297,161 212,83
296,162 213,84
295,163 214,85
294,164 215,85
293,165 216,86
293,165 217,87
292,166 218,88
291,167 219,89
290,168 220,90
289,169 221,91
288,170 222,92
298,161 212,82
297,162 212,82
296,163 213,83
295,164 214,84
294,165 215,84
293,166 216,85
292,167 217,86
291,168 218,87
290,169 219,88
289,170 220,89
288,171 221,90
298,162 212,82
297,163 212,82
296,164 213,83
295,165 214,84
294,166 215,84
293,167 216,85
292,168 217,86
291,169 218,87
290,170 219,88
289,171 220,89
288,172 221,90
297,164 212,82
296,165 213,83
295,166 214,84
294,167 215,84
293,168 216,85
292,169 217,86
291,170 218,87
290,171 219,88
289,172 220,89
288,173 221,90
297,165 212,82
296,166 213,83
295,167 214,84
294,168 215,84
293,169 216,85
292,170 217,86
291,171 218,87
290,172 219,88
289,173 220,89
288,174 221,90
297,166 212,82
296,167 213,83
295,168 214,84
294,169 215,84
293,170 216,85
292,171 217,86
291,172 218,87
290,173 219,88
289,174 220,89
288,175 221,90
296,168 212,82
296,168 213,83
295,169 214,84
294,170 215,84
293,171 216,85
293,171 217,86
292,172 218,87
291,173 219,88
290,174 220,89
289,175 221,90
296,169 213,82
295,170 214,83
294,171 215,83
293,172 216,84
292,173 217,85
291,174 218,86
290,175 219,87
289,176 220,88
295,171 213,82
295,171 214,83
294,172 215,83
293,173 216,84
292,174 217,85
291,175 218,86
290,176 219,87
289,177 220,88
295,172 213,82
295,172 214,83
294,173 215,83
293,174 216,84
292,175 217,85
291,176 218,86
290,177 219,87
289,178 220,88
294,174 213,82
294,174 214,83
293,175 215,83
292,176 216,84
292,176 217,85
291,177 218,86
290,178 219,87
289,179 220,88
294,175 213,82
294,175 214,83
293,176 215,83
292,177 216,84
292,177 217,85
291,178 218,86
290,179 219,87
289,180 220,88
294,176 213,82
294,176 214,83
293,177 215,83
292,178 216,84
292,178 217,85
291,179 218,86
290,180 219,87
289,181 220,88
293,178 214,82
293,178 215,82
292,179 216,83
291,180 217,84
290,181 218,85
289,182 219,86
293,179 214,82
293,179 215,82
292,180 216,83
291,181 217,84
290,182 218,85
289,183 219,86
292,181 214,82
292,181 215,82
291,182 216,83
291,182 217,84
290,183 218,85
289,184 219,86
292,182 214,82
292,182 215,82
291,183 216,83
290,184 217,84
289,185 218,85
288,184 219,86
291,184 214,82
291,184 215,82
290,185 216,83
290,185 217,84
289,186 218,85
288,185 219,86
290,186 216,82
290,186 217,83
288,186 218,84
