88,183 65,144
88,183 66,143
88,183 67,142
88,183 68,142
88,183 69,142
88,183 70,142
88,183 71,142
88,183 72,142
89,182 73,142
89,182 74,142
89,182 75,142
89,182 76,142
89,182 77,142
89,182 78,142
89,182 79,143
90,181 80,144
88,183 65,145
88,183 66,144
88,183 67,143
88,183 68,143
88,183 69,143
88,183 70,143
88,183 71,143
88,183 72,143
89,182 73,143
89,182 74,143
89,182 75,143
89,182 76,143
89,182 77,143
89,182 78,143
89,182 79,144
90,181 80,145
88,183 64,145
88,183 65,146
88,183 66,145
88,183 67,144
88,183 68,144
88,183 69,144
88,183 70,144
88,183 71,144
89,182 72,144
89,182 73,144
89,182 74,144
89,182 75,144
89,182 76,144
89,182 77,144
89,182 78,144
89,182 79,145
90,181 80,146
89,183 64,146
89,183 65,147
89,183 66,146
89,183 67,145
89,183 68,145
89,183 69,145
89,183 70,145
89,183 71,145
89,183 72,145
89,183 73,145
89,183 74,145
89,183 75,145
89,183 76,145
89,183 77,145
89,183 78,145
90,182 79,146
89,183 64,147
89,183 65,148
89,183 66,147
89,183 67,146
89,183 68,146
89,183 69,146
89,183 70,146
89,183 71,146
89,183 72,146
89,183 73,146
89,183 74,146
89,183 75,146
89,183 76,146
89,183 77,146
89,183 78,146
90,182 79,147
89,183 64,148
89,183 65,149
89,183 66,148
89,183 67,147
89,183 68,147
89,183 69,147
89,183 70,147
89,183 71,147
89,183 72,147
89,183 73,147
89,183 74,147
89,183 75,147
89,183 76,147
89,183 77,147
90,182 78,147
89,184 65,150
89,184 66,149
89,184 67,148
89,184 68,148
89,184 69,148
89,184 70,148
89,184 71,148
90,183 72,148
90,183 73,148
90,183 74,148
90,183 75,148
90,183 76,148
90,183 77,148
91,182 78,148
89,184 66,150
89,184 67,149
89,184 68,149
89,184 69,149
89,184 70,149
89,184 71,149
90,183 72,149
90,183 73,149
90,183 74,149
90,183 75,149
90,183 76,149
91,182 77,149
90,184 66,151
90,184 67,150
90,184 68,150
90,184 69,150
90,184 70,150
91,183 71,150
91,183 72,150
91,183 73,150
91,183 74,150
91,183 75,150
92,182 76,150
90,184 67,151
90,184 68,151
90,184 69,151
90,184 70,151
91,183 71,151
91,183 72,151
91,183 73,151
91,183 74,151
92,182 75,151
90,184 67,152
90,184 68,152
90,184 69,152
90,184 70,152
91,183 71,152
91,183 72,152
91,183 73,152
91,183 74,152
92,182 75,152
91,184 68,153
91,184 69,153
91,184 70,153
91,184 71,153
91,184 72,153
91,184 73,153
92,183 74,153
91,184 69,154
91,184 70,154
91,184 71,154
91,184 72,154
92,183 73,154
92,184 70,155
92,184 71,155
92,184 72,155
93,183 73,155
