203,243 190,233
203,243 190,232
204,242 190,231
204,241 190,230
204,241 191,229
204,240 191,228
205,239 191,227
205,239 191,226
205,238 192,225
205,237 192,224
205,236 192,223
205,236 192,222
206,235 193,221
206,234 193,220
206,234 193,219
206,233 193,218
207,232 194,217
207,231 194,216
203,243 191,233
203,243 191,232
204,242 191,231
204,241 191,230
204,240 192,229
204,240 192,228
205,239 192,227
205,238 192,226
205,237 193,225
205,237 193,224
205,236 193,223
206,235 193,222
206,234 194,221
206,234 194,220
206,233 194,219
207,232 194,218
207,231 195,217
204,243 192,233
204,243 192,232
205,242 192,231
205,241 192,230
205,241 193,229
205,240 193,228
206,239 193,227
206,239 193,226
206,238 194,225
206,237 194,224
206,237 194,223
206,236 194,222
207,235 195,221
207,235 195,220
207,234 195,219
207,233 195,218
208,232 196,217
204,243 193,232
204,243 193,231
205,242 193,230
205,241 194,229
205,241 194,228
205,240 194,227
206,239 194,226
206,238 195,225
206,238 195,224
206,237 195,223
206,236 195,222
207,235 196,221
207,235 196,220
207,234 196,219
207,233 196,218
208,232 197,217
205,243 194,232
205,243 194,231
206,242 194,230
206,241 195,229
206,241 195,228
206,240 195,227
207,239 195,226
207,238 196,225
207,238 196,224
207,237 196,223
207,236 196,222
208,235 197,221
208,235 197,220
208,234 197,219
208,233 197,218
209,232 198,217
205,243 195,232
205,243 195,231
206,242 195,230
206,241 196,229
206,241 196,228
206,240 196,227
207,239 196,226
207,238 197,225
207,238 197,224
207,237 197,223
207,236 197,222
208,235 198,221
208,235 198,220
208,234 198,219
208,233 198,218
209,232 199,217
206,243 196,231
206,243 196,230
207,242 197,229
207,241 197,228
207,240 197,227
208,239 197,226
208,238 198,225
208,238 198,224
208,237 198,223
208,236 198,222
209,235 199,221
209,234 199,220
209,233 199,219
210,232 199,218
206,243 197,231
206,243 197,230
207,242 198,229
207,241 198,228
207,240 198,227
208,239 198,226
208,238 199,225
208,238 199,224
208,237 199,223
208,236 199,222
209,235 200,221
209,234 200,220
209,233 200,219
210,232 200,218
208,242 198,231
208,242 198,230
208,241 199,229
208,240 199,228
209,239 199,227
209,239 199,226
209,238 200,225
209,237 200,224
209,236 200,223
209,236 200,222
210,235 201,221
210,234 201,220
210,233 201,219
211,232 201,218
209,242 199,230
209,242 200,229
209,241 200,228
209,240 200,227
210,239 200,226
210,238 201,225
210,237 201,224
210,237 201,223
210,236 201,222
211,235 202,221
211,234 202,220
211,233 202,219
212,232 202,218
209,242 200,230
209,242 201,229
209,241 201,228
209,240 201,227
210,239 201,226
210,238 202,225
210,237 202,224
210,237 202,223
210,236 202,222
211,235 203,221
211,234 203,220
211,233 203,219
212,232 203,218
210,242 201,230
210,242 202,229
210,241 202,228
210,240 202,227
211,239 202,226
211,238 203,225
211,237 203,224
211,237 203,223
211,236 203,222
212,235 204,221
212,234 204,220
212,233 204,219
213,232 204,218
210,242 203,229
210,241 203,228
210,240 203,227
211,239 203,226
211,238 204,225
211,237 204,224
211,236 204,223
212,235 204,222
212,234 205,221
212,233 205,220
213,232 205,219
211,242 204,229
211,241 204,228
211,240 204,227
212,239 204,226
212,238 205,225
212,237 205,224
212,236 205,223
213,235 205,222
213,234 206,221
213,233 206,220
214,232 206,219
211,242 205,228
211,241 205,228
211,240 205,227
212,239 205,226
212,238 206,225
212,237 206,224
212,236 206,223
213,235 206,222
213,234 207,221
213,233 207,220
214,232 207,219
212,241 206,228
212,240 206,228
213,239 206,227
213,238 206,226
213,237 207,225
213,236 207,224
214,235 207,223
214,234 207,222
214,233 208,221
215,232 208,220
214,231 208,219
213,241 207,227
213,240 207,227
214,239 207,226
214,238 208,225
214,237 208,224
214,236 208,223
215,235 208,223
215,234 208,222
215,233 209,221
216,232 209,220
215,231 209,219
213,241 208,227
213,240 208,227
214,239 208,226
214,238 209,225
214,237 209,224
214,236 209,223
215,235 209,223
215,234 209,222
215,233 210,221
216,232 210,220
215,231 210,219
214,240 209,227
215,239 209,227
215,238 209,226
215,237 210,225
215,236 210,224
216,235 210,224
216,234 210,223
216,233 210,222
217,232 211,221
216,231 211,220
214,240 210,227
215,239 210,227
215,238 210,226
215,237 211,225
215,236 211,224
216,235 211,224
216,234 211,223
216,233 211,222
217,232 212,221
216,231 212,220
215,240 211,226
216,239 211,226
216,238 212,225
216,237 212,224
216,236 212,223
217,235 212,222
217,234 213,221
217,233 213,220
215,240 212,226
216,239 212,226
216,238 213,225
216,237 213,224
216,236 213,223
217,235 213,222
217,234 214,221
217,233 214,220
216,240 213,226
217,239 213,226
217,238 214,225
217,237 214,224
217,236 214,223
218,235 214,222
218,234 215,221
218,233 215,220
218,239 215,225
218,238 215,225
218,237 215,224
218,236 215,223
219,235 215,222
219,234 216,221
219,233 216,220
218,239 216,225
218,238 216,225
218,237 216,224
218,236 216,223
219,235 216,222
219,234 217,221
219,233 217,220
219,238 217,225
219,237 217,224
219,236 217,223
220,235 217,222
220,234 218,221
220,233 218,220
219,238 218,224
219,237 218,224
219,236 218,223
220,235 218,222
220,234 219,221
220,233 219,220
220,237 219,224
220,237 219,223
220,236 219,222
221,235 220,221
221,234 220,220
220,237 220,223
220,237 220,222
220,236 221,221
221,235 221,220
221,234 220,219
221,237 221,219
221,236 221,219
222,235 221,219
222,234 222,220
222,236 222,219
223,235 222,219
223,234 222,219
