79,176 62,140
79,176 62,141
80,176 62,142
81,176 63,143
82,176 64,144
79,176 61,141
80,176 61,142
81,176 62,143
82,176 63,144
79,176 60,142
80,176 61,143
81,176 62,144
82,176 63,145
80,177 60,143
81,177 61,144
82,177 62,145
83,176 63,146
80,177 59,143
80,177 60,144
81,177 61,145
82,177 62,146
83,176 63,147
82,178 59,144
82,178 60,145
82,178 61,146
83,177 62,147
82,178 58,144
82,178 59,145
82,178 60,146
83,177 61,147
83,178 58,145
83,178 59,146
83,178 60,147
83,178 58,146
83,178 59,147
83,179 58,147
