232,177 228,154
232,177 229,154
232,177 230,153
232,177 231,153
232,177 232,153
232,177 233,153
232,177 234,153
233,178 235,153
233,178 236,153
233,178 237,153
233,178 238,154
233,178 239,154
233,178 240,155
233,178 241,156
233,177 242,157
232,177 228,155
232,177 229,155
232,177 230,154
232,177 231,154
232,177 232,154
232,177 233,154
232,177 234,154
233,178 235,154
233,178 236,154
233,178 237,154
233,178 238,155
233,178 239,155
233,178 240,156
233,178 241,157
233,177 242,158
232,177 228,156
232,177 229,156
232,177 230,155
232,177 231,155
232,177 232,155
232,177 233,155
232,177 234,155
233,178 235,155
233,178 236,155
233,178 237,155
233,178 238,156
233,178 239,156
233,178 240,157
233,178 241,158
233,177 242,159
232,177 228,157
232,177 229,157
232,177 230,156
232,177 231,156
232,177 232,156
232,177 233,156
232,177 234,156
233,178 235,156
233,178 236,156
233,178 237,156
233,178 238,157
233,178 239,157
233,178 240,158
233,178 241,159
233,177 242,160
232,177 228,158
232,177 229,158
232,177 230,157
232,177 231,157
232,177 232,157
232,177 233,157
232,177 234,157
233,178 235,157
233,178 236,157
233,178 237,157
233,178 238,158
233,178 239,158
233,178 240,159
233,178 241,160
233,177 242,161
232,178 228,159
232,178 229,159
232,178 230,158
232,178 231,158
232,178 232,158
232,178 233,158
232,178 234,158
232,178 235,158
232,178 236,158
232,178 237,158
232,178 238,159
232,178 239,159
232,178 240,160
231,177 241,161
232,178 229,160
232,178 230,159
232,178 231,159
232,178 232,159
232,178 233,159
232,178 234,159
232,178 235,159
232,178 236,159
232,178 237,159
232,178 238,160
232,178 239,160
232,178 240,161
231,177 241,162
232,178 230,160
232,178 231,160
232,178 232,160
232,178 233,160
232,178 234,160
232,178 235,160
232,178 236,160
232,178 237,160
232,178 238,161
232,178 239,161
232,178 240,162
231,177 241,163
232,178 230,161
232,178 231,161
232,178 232,161
232,178 233,161
232,178 234,161
232,178 235,161
232,178 236,161
232,178 237,161
232,178 238,162
232,178 239,162
232,178 240,163
231,177 241,164
232,178 231,162
232,178 232,162
232,178 233,162
232,178 234,162
232,178 235,162
232,178 236,162
232,178 237,162
232,178 238,163
232,178 239,163
231,177 240,164
231,178 232,163
231,178 233,163
231,178 234,163
231,178 235,163
231,178 236,163
231,178 237,163
231,178 238,164
231,178 239,164
231,178 240,165
231,178 233,164
231,178 234,164
231,178 235,164
231,178 236,164
231,178 237,164
231,178 238,165
231,178 239,165
231,178 240,166
231,178 234,165
231,178 235,165
231,178 236,165
231,178 237,165
231,178 238,166
231,178 239,166
231,178 235,166
231,178 236,166
231,178 237,166
231,178 238,167
231,178 239,167
230,178 236,167
230,178 237,167
230,178 238,168
