127,159 78,181
127,159 79,180
127,158 80,179
128,157 81,179
128,157 82,178
128,156 83,177
129,155 84,177
129,154 85,176
129,154 86,175
130,153 87,174
130,152 88,173
130,152 89,173
131,151 90,172
130,151 91,171
129,151 91,170
129,151 92,169
128,151 93,168
127,151 94,167
126,151 94,166
126,151 95,165
125,151 95,164
124,151 95,163
124,151 96,162
123,151 96,161
122,151 96,160
121,151 96,159
121,151 96,158
120,151 96,157
119,151 96,156
119,151 96,155
118,151 96,154
117,151 96,153
116,151 95,152
116,151 95,151
115,151 95,150
114,151 94,149
113,151 94,148
127,159 78,180
127,159 79,179
127,158 80,178
128,157 81,178
128,157 82,177
128,156 83,176
129,155 84,176
129,154 85,175
129,154 86,174
130,153 87,173
130,152 88,172
131,151 89,172
131,151 90,171
130,151 90,170
129,151 91,169
128,151 92,168
128,151 93,167
127,151 93,166
126,151 94,165
125,151 94,164
125,151 94,163
124,151 95,162
123,151 95,161
122,151 95,160
122,151 95,159
121,151 95,158
120,151 95,157
119,151 95,156
119,151 95,155
118,151 95,154
117,151 95,153
116,151 94,152
116,151 94,151
115,151 94,150
114,151 93,149
113,151 93,148
126,159 77,180
126,159 78,179
126,158 79,178
126,158 80,177
127,157 81,177
127,156 82,176
127,156 83,175
128,155 84,175
128,154 85,174
128,154 86,173
129,153 87,172
128,152 88,171
128,152 89,170
127,152 90,169
126,152 91,168
126,152 92,167
125,152 92,166
124,152 93,165
124,152 93,164
123,152 93,163
123,152 94,162
122,152 94,161
121,152 94,160
121,152 94,159
120,152 94,158
119,152 94,157
119,152 94,156
118,152 94,155
117,152 94,154
117,152 94,153
116,152 93,152
115,152 93,151
115,152 93,150
114,152 92,149
113,152 92,148
125,158 76,180
125,158 77,179
126,157 78,178
126,157 79,177
126,156 80,176
126,156 81,176
127,155 82,175
127,154 83,174
127,154 84,174
128,153 85,173
128,153 86,172
127,153 87,171
126,153 88,170
126,153 89,169
125,153 90,168
125,153 91,167
124,153 91,166
123,153 92,165
123,153 92,164
122,153 92,163
122,153 93,162
121,153 93,161
121,153 93,160
120,153 93,159
119,153 93,158
119,153 93,157
118,153 93,156
118,153 93,155
117,153 93,154
116,153 93,153
116,153 92,152
115,153 92,151
115,153 92,150
114,153 91,149
113,153 91,148
125,157 76,179
125,157 77,178
125,157 78,177
125,156 79,176
125,156 80,175
126,155 81,175
126,155 82,174
125,154 83,173
125,154 84,173
124,154 85,172
124,154 86,171
123,154 87,170
123,154 88,169
122,154 89,168
122,154 90,167
121,154 90,166
121,154 91,165
121,154 91,164
120,154 91,163
120,154 92,162
119,154 92,161
119,154 92,160
118,154 92,159
118,154 92,158
117,154 92,157
117,154 92,156
116,154 92,155
116,154 92,154
115,154 92,153
115,154 91,152
114,154 91,151
114,154 91,150
113,154 90,149
124,156 76,178
124,156 77,177
124,156 78,176
125,155 79,175
125,155 80,174
124,155 81,174
124,155 82,173
123,155 83,172
123,155 84,172
122,155 85,171
122,155 86,170
121,155 87,169
121,155 88,168
120,155 89,167
120,155 89,166
119,155 90,165
119,155 90,164
119,155 90,163
118,155 91,162
118,155 91,161
117,155 91,160
117,155 91,159
116,155 91,158
116,155 91,157
115,155 91,156
115,155 91,155
114,155 91,154
114,155 91,153
113,155 90,152
113,155 90,151
112,154 90,150
119,156 77,176
119,156 78,175
119,156 79,174
119,156 80,173
118,156 81,173
118,156 82,172
118,156 83,171
118,156 84,171
117,156 85,170
117,156 86,169
117,156 87,168
117,156 88,167
116,156 88,166
116,156 89,165
116,156 89,164
116,156 89,163
115,156 90,162
115,156 90,161
115,156 90,160
115,156 90,159
114,156 90,158
114,156 90,157
114,156 90,156
114,156 90,155
113,156 90,154
113,156 90,153
113,156 89,152
112,155 89,151
118,157 77,175
118,157 78,174
118,157 79,173
118,157 80,172
118,157 81,172
117,157 82,171
117,157 83,170
117,157 84,170
117,157 85,169
116,157 86,168
116,157 87,167
116,157 87,166
116,157 88,165
115,157 88,164
115,157 88,163
115,157 89,162
115,157 89,161
114,157 89,160
114,157 89,159
114,157 89,158
114,157 89,157
113,157 89,156
113,157 89,155
113,157 89,154
113,157 89,153
112,156 88,152
117,158 76,175
117,158 77,174
117,158 78,173
117,158 79,172
116,158 80,171
116,158 81,171
116,158 82,170
116,158 83,169
115,158 84,169
115,158 85,168
115,158 86,167
115,158 86,166
114,158 87,165
114,158 87,164
114,158 87,163
114,158 88,162
113,158 88,161
113,158 88,160
113,158 88,159
113,158 88,158
112,157 88,157
112,157 88,156
112,157 88,155
112,157 88,154
111,156 88,153
115,159 76,174
115,159 77,173
115,159 78,172
115,159 79,171
115,159 80,170
115,159 81,170
114,159 82,169
114,159 83,168
114,159 84,168
114,159 85,167
114,159 85,166
114,159 86,165
113,159 86,164
113,159 86,163
113,159 87,162
113,159 87,161
113,159 87,160
113,159 87,159
112,158 87,158
112,158 87,157
112,158 87,156
112,158 87,155
112,158 87,154
111,157 87,153
114,160 76,173
114,160 77,172
114,160 78,171
114,160 79,170
114,160 80,169
114,160 81,169
113,160 82,168
113,160 83,167
113,160 84,166
113,160 85,165
113,160 85,164
112,159 85,163
112,159 86,162
112,159 86,161
112,159 86,160
112,159 86,159
111,158 86,158
111,158 86,157
111,158 86,156
111,158 86,155
111,158 86,154
110,157 86,153
112,160 75,173
112,160 76,172
112,160 77,171
112,160 78,170
112,160 79,169
112,160 80,168
112,160 81,168
112,160 82,167
112,160 83,166
112,160 84,165
112,160 84,164
111,159 84,163
111,159 85,162
111,159 85,161
111,159 85,160
111,159 85,159
111,159 85,158
111,159 85,157
111,159 85,156
111,159 85,155
111,159 85,154
111,159 85,153
110,158 86,152
112,160 75,172
112,160 76,171
112,160 77,170
112,160 78,169
112,160 79,168
112,160 80,167
112,160 81,167
112,160 82,166
112,160 83,165
112,160 83,164
112,160 83,163
111,159 84,162
111,159 84,161
111,159 84,160
111,159 84,159
111,159 84,158
111,159 84,157
111,159 84,156
111,159 84,155
111,159 84,154
111,159 84,153
110,158 85,152
112,161 75,171
112,161 76,170
112,161 77,169
112,161 78,168
112,161 79,167
112,161 80,166
112,161 81,166
112,161 82,165
112,161 82,164
112,161 82,163
112,161 83,162
111,160 83,161
111,160 83,160
111,160 83,159
111,160 83,158
111,160 83,157
111,160 83,156
111,160 83,155
111,160 83,154
111,160 83,153
111,160 84,152
110,159 85,151
112,162 74,171
112,162 75,170
112,162 76,169
112,162 77,168
112,162 78,167
112,162 79,166
112,162 80,165
111,161 81,164
111,161 81,163
111,161 82,162
111,161 82,161
111,161 82,160
111,161 82,159
111,161 82,158
110,160 82,157
110,160 82,156
110,160 82,155
110,160 82,154
110,160 82,153
110,160 83,152
109,159 84,151
111,162 74,170
111,162 75,169
111,162 76,168
111,162 77,167
111,162 78,166
111,162 79,165
111,162 80,164
111,162 80,163
111,162 81,162
111,162 81,161
110,161 81,160
110,161 81,159
110,161 81,158
110,161 81,157
110,161 81,156
110,161 81,155
110,161 81,154
110,161 81,153
110,161 82,152
110,161 83,151
109,160 84,150
111,163 74,169
111,163 75,168
111,163 76,167
111,163 77,166
111,163 78,165
111,163 79,164
111,163 79,163
111,163 80,162
111,163 80,161
111,163 80,160
110,162 80,159
110,162 80,158
110,162 80,157
110,162 80,156
110,162 80,155
110,162 80,154
110,162 80,153
110,162 81,152
110,162 82,151
109,161 83,150
110,163 74,168
110,163 75,167
110,163 76,166
110,163 77,165
110,163 78,164
110,163 78,163
110,163 79,162
110,163 79,161
110,163 79,160
109,162 79,159
109,162 79,158
109,162 79,157
109,162 79,156
109,162 79,155
109,162 79,154
109,162 79,153
109,162 80,152
109,162 81,151
108,161 82,150
110,164 74,167
110,164 75,166
110,164 76,165
110,164 77,164
110,164 77,163
110,164 78,162
110,164 78,161
110,164 78,160
110,164 78,159
109,163 78,158
109,163 78,157
109,163 78,156
109,163 78,155
109,163 78,154
109,163 78,153
109,163 79,152
109,163 80,151
108,162 81,150
110,165 74,166
110,165 75,165
110,165 76,164
110,165 76,163
110,165 77,162
110,165 77,161
110,165 77,160
110,165 77,159
109,164 77,158
109,164 77,157
109,164 77,156
109,164 77,155
109,164 77,154
109,164 77,153
109,164 78,152
109,164 79,151
108,163 80,150
109,165 74,165
109,165 75,164
109,165 75,163
109,165 76,162
109,165 76,161
109,165 76,160
109,165 76,159
109,165 76,158
108,164 76,157
108,164 76,156
108,164 76,155
108,164 76,154
108,164 76,153
108,164 77,152
108,164 78,151
107,163 79,150
109,166 73,165
109,166 74,164
109,166 74,163
109,166 75,162
109,166 75,161
109,166 75,160
109,166 75,159
109,166 75,158
108,165 75,157
108,165 75,156
108,165 75,155
108,165 75,154
108,165 75,153
108,165 76,152
108,165 77,151
107,164 78,150
108,166 73,164
108,166 73,163
108,166 74,162
108,166 74,161
108,166 74,160
108,166 74,159
108,166 74,158
108,166 74,157
108,166 74,156
108,166 74,155
108,166 74,154
108,166 76,151
107,165 77,150
108,167 73,162
108,167 73,161
107,166 73,160
