134,150 99,147
134,150 100,147
134,150 101,147
135,150 102,147
135,150 103,147
136,150 104,147
136,150 105,147
137,150 106,147
137,150 107,147
138,150 108,147
138,150 109,147
139,150 110,147
139,150 111,147
140,150 112,147
140,150 113,147
141,150 114,147
141,150 115,147
142,150 116,147
142,150 117,147
143,150 118,147
143,150 119,147
144,150 120,147
144,150 121,147
145,150 122,147
145,150 123,147
146,150 124,146
146,150 125,146
146,150 126,146
147,150 127,146
147,150 128,146
148,150 129,146
148,150 130,146
149,150 131,146
149,150 132,146
150,150 133,146
150,150 134,146
151,150 135,146
151,150 136,146
152,150 137,146
152,150 138,146
153,150 139,146
153,150 140,146
154,150 141,146
154,150 142,146
155,150 143,146
155,150 144,146
156,150 145,146
156,150 146,146
157,150 147,146
157,150 148,146
158,150 149,146
158,150 150,146
159,150 151,146
159,150 152,146
159,150 153,146
160,149 154,146
160,149 155,146
161,149 156,146
161,149 157,146
162,149 158,146
162,149 159,146
163,149 160,146
163,149 161,146
164,149 162,146
164,149 163,146
165,149 164,146
165,149 165,146
166,149 166,146
166,149 167,146
167,149 168,146
167,149 169,146
168,149 170,146
168,149 171,146
169,149 172,146
169,149 173,146
170,149 174,146
170,149 175,146
171,149 176,146
171,149 177,146
172,149 178,146
172,149 179,145
172,149 180,145
173,149 181,145
173,149 182,145
174,149 183,145
174,149 184,145
175,149 185,145
175,149 186,145
176,149 187,145
176,149 188,145
177,149 189,145
177,149 190,145
178,149 191,145
178,149 192,145
179,149 193,145
179,149 194,145
180,149 195,145
180,149 196,145
181,149 197,145
181,149 198,145
182,149 199,145
182,149 200,145
183,149 201,145
183,149 202,145
184,149 203,145
184,149 204,145
185,149 205,145
134,150 101,146
134,150 102,146
135,150 103,146
135,150 104,146
136,150 105,146
136,150 106,146
137,150 107,146
137,150 108,146
138,150 109,146
138,150 110,146
139,150 111,146
139,150 112,146
140,150 113,146
140,150 114,146
141,150 115,146
141,150 116,146
142,150 117,146
142,150 118,146
143,150 119,146
143,150 120,146
144,150 121,146
144,150 122,146
145,150 123,146
145,150 124,145
146,150 125,145
146,150 126,145
147,150 127,145
147,150 128,145
148,150 129,145
148,150 130,145
149,150 131,145
149,150 132,145
150,150 133,145
150,150 134,145
151,150 135,145
151,150 136,145
152,150 137,145
152,150 138,145
153,150 139,145
153,150 140,145
154,150 141,145
154,150 142,145
155,150 143,145
155,150 144,145
156,150 145,145
156,150 146,145
157,150 147,145
157,150 148,145
158,150 149,145
158,150 150,145
159,150 151,145
159,150 152,145
160,149 153,145
160,149 154,145
161,149 155,145
161,149 156,145
162,149 157,145
162,149 158,145
163,149 159,145
163,149 160,145
164,149 161,145
164,149 162,145
165,149 163,145
165,149 164,145
166,149 165,145
166,149 166,145
167,149 167,145
167,149 168,145
168,149 169,145
168,149 170,145
169,149 171,145
169,149 172,145
170,149 173,145
170,149 174,145
171,149 175,145
171,149 176,145
172,149 177,145
172,149 178,145
173,149 179,144
173,149 180,144
174,149 181,144
174,149 182,144
175,149 183,144
175,149 184,144
176,149 185,144
176,149 186,144
177,149 187,144
177,149 188,144
178,149 189,144
178,149 190,144
179,149 191,144
179,149 192,144
180,149 193,144
180,149 194,144
181,149 195,144
181,149 196,144
182,149 197,144
182,149 198,144
183,149 199,144
183,149 200,144
184,149 201,144
185,149 202,144
134,150 104,145
134,150 105,145
135,150 106,145
135,150 107,145
136,150 108,145
136,150 109,145
137,150 110,145
137,150 111,145
138,150 112,145
138,150 113,145
139,150 114,145
139,150 115,145
140,150 116,145
140,150 117,145
141,150 118,145
141,150 119,145
142,150 120,145
142,150 121,145
143,150 122,145
143,150 123,145
144,150 124,144
145,150 125,144
145,150 126,144
146,150 127,144
146,150 128,144
147,150 129,144
147,150 130,144
148,150 131,144
148,150 132,144
149,150 133,144
149,150 134,144
150,150 135,144
150,150 136,144
151,150 137,144
151,150 138,144
152,150 139,144
152,150 140,144
153,150 141,144
153,150 142,144
154,150 143,144
155,150 144,144
155,150 145,144
156,150 146,144
156,150 147,144
157,150 148,144
157,150 149,144
158,150 150,144
158,150 151,144
159,150 152,144
159,150 153,144
160,149 154,144
160,149 155,144
161,149 156,144
161,149 157,144
162,149 158,144
162,149 159,144
163,149 160,144
163,149 161,144
164,149 162,144
165,149 163,144
165,149 164,144
166,149 165,144
166,149 166,144
167,149 167,144
167,149 168,144
168,149 169,144
168,149 170,144
169,149 171,144
169,149 172,144
170,149 173,144
170,149 174,144
171,149 175,144
171,149 176,144
172,149 177,144
172,149 178,144
173,149 179,143
173,149 180,143
174,149 181,143
175,149 182,143
175,149 183,143
176,149 184,143
176,149 185,143
177,149 186,143
177,149 187,143
178,149 188,143
178,149 189,143
179,149 190,143
179,149 191,143
180,149 192,143
180,149 193,143
181,149 194,143
181,149 195,143
182,149 196,143
182,149 197,143
183,149 198,143
183,149 199,143
184,149 200,143
185,149 201,143
136,149 107,144
136,149 108,144
137,149 109,144
137,149 110,144
138,149 111,144
138,149 112,144
139,149 113,144
139,149 114,144
140,149 115,144
140,149 116,144
141,149 117,144
141,149 118,144
142,149 119,144
142,149 120,144
143,149 121,144
143,149 122,144
144,149 123,144
144,149 124,143
145,149 125,143
145,149 126,143
146,149 127,143
146,149 128,143
147,149 129,143
147,149 130,143
148,149 131,143
148,149 132,143
149,149 133,143
149,149 134,143
150,149 135,143
150,149 136,143
151,149 137,143
151,149 138,143
152,149 139,143
152,149 140,143
153,149 141,143
153,149 142,143
154,149 143,143
154,149 144,143
155,149 145,143
155,149 146,143
156,149 147,143
156,149 148,143
157,149 149,143
157,149 150,143
158,149 151,143
158,149 152,143
159,149 153,143
159,149 154,143
160,148 155,143
160,148 156,143
161,148 157,143
161,148 158,143
162,148 159,143
162,148 160,143
163,148 161,143
163,148 162,143
164,148 163,143
164,148 164,143
165,148 165,143
165,148 166,143
166,148 167,143
166,148 168,143
167,148 169,143
167,148 170,143
168,148 171,143
168,148 172,143
169,148 173,143
169,148 174,143
170,148 175,143
170,148 176,143
171,148 177,143
171,148 178,143
172,148 179,142
172,148 180,142
173,148 181,142
173,148 182,142
174,148 183,142
174,148 184,142
175,148 185,142
175,148 186,142
176,148 187,142
176,148 188,142
177,148 189,142
177,148 190,142
178,148 191,142
178,148 192,142
179,148 193,142
179,148 194,142
180,148 195,142
180,148 196,142
181,148 197,142
181,148 198,142
182,148 199,142
183,148 200,142
136,149 109,143
136,149 110,143
137,149 111,143
137,149 112,143
138,149 113,143
138,149 114,143
139,149 115,143
139,149 116,143
140,149 117,143
140,149 118,143
141,149 119,143
141,149 120,143
142,149 121,143
142,149 122,143
143,149 123,143
143,149 124,142
144,149 125,142
144,149 126,142
145,149 127,142
145,149 128,142
146,149 129,142
146,149 130,142
147,149 131,142
148,149 132,142
148,149 133,142
149,149 134,142
149,149 135,142
150,149 136,142
150,149 137,142
151,149 138,142
151,149 139,142
152,149 140,142
152,149 141,142
153,149 142,142
153,149 143,142
154,149 144,142
154,149 145,142
155,149 146,142
155,149 147,142
156,149 148,142
156,149 149,142
157,149 150,142
157,149 151,142
158,149 152,142
158,149 153,142
159,149 154,142
160,148 155,142
160,148 156,142
161,148 157,142
161,148 158,142
162,148 159,142
162,148 160,142
163,148 161,142
163,148 162,142
164,148 163,142
164,148 164,142
165,148 165,142
165,148 166,142
166,148 167,142
166,148 168,142
167,148 169,142
167,148 170,142
168,148 171,142
168,148 172,142
169,148 173,142
169,148 174,142
170,148 175,142
170,148 176,142
171,148 177,142
172,148 178,142
172,148 179,141
173,148 180,141
173,148 181,141
174,148 182,141
174,148 183,141
175,148 184,141
175,148 185,141
176,148 186,141
176,148 187,141
177,148 188,141
177,148 189,141
178,148 190,141
178,148 191,141
179,148 192,141
179,148 193,141
180,148 194,141
180,148 195,141
181,148 196,141
181,148 197,141
182,148 198,141
183,148 199,141
136,149 110,142
136,149 111,142
137,149 112,142
137,149 113,142
138,149 114,142
138,149 115,142
139,149 116,142
139,149 117,142
140,149 118,142
140,149 119,142
141,149 120,142
141,149 121,142
142,149 122,142
142,149 123,142
143,149 124,141
144,149 125,141
144,149 126,141
145,149 127,141
145,149 128,141
146,149 129,141
146,149 130,141
147,149 131,141
147,149 132,141
148,149 133,141
148,149 134,141
149,149 135,141
149,149 136,141
150,149 137,141
150,149 138,141
151,149 139,141
152,149 140,141
152,149 141,141
153,149 142,141
153,149 143,141
154,149 144,141
154,149 145,141
155,149 146,141
155,149 147,141
156,149 148,141
156,149 149,141
157,149 150,141
157,149 151,141
158,149 152,141
158,149 153,141
159,149 154,141
160,148 155,141
160,148 156,141
161,148 157,141
161,148 158,141
162,148 159,141
162,148 160,141
163,148 161,141
163,148 162,141
164,148 163,141
164,148 164,141
165,148 165,141
165,148 166,141
166,148 167,141
166,148 168,141
167,148 169,141
168,148 170,141
168,148 171,141
169,148 172,141
169,148 173,141
170,148 174,141
170,148 175,141
171,148 176,141
171,148 177,141
172,148 178,141
172,148 179,140
173,148 180,140
173,148 181,140
174,148 182,140
174,148 183,140
175,148 184,140
176,148 185,140
176,148 186,140
177,148 187,140
177,148 188,140
178,148 189,140
178,148 190,140
179,148 191,140
179,148 192,140
180,148 193,140
180,148 194,140
181,148 195,140
181,148 196,140
182,148 197,140
183,148 198,140
138,148 112,141
138,148 113,141
139,148 114,141
139,148 115,141
140,148 116,141
140,148 117,141
141,148 118,141
141,148 119,141
142,148 120,141
142,148 121,141
143,148 122,141
143,148 123,141
144,148 124,140
144,148 125,140
145,148 126,140
145,148 127,140
146,148 128,140
146,148 129,140
147,148 130,140
147,148 131,140
148,148 132,140
148,148 133,140
149,148 134,140
149,148 135,140
150,148 136,140
150,148 137,140
151,148 138,140
151,148 139,140
152,148 140,140
153,148 141,140
153,148 142,140
154,148 143,140
154,148 144,140
155,148 145,140
155,148 146,140
156,148 147,140
156,148 148,140
157,148 149,140
157,148 150,140
158,148 151,140
158,148 152,140
159,148 153,140
159,148 154,140
160,147 155,140
160,147 156,140
161,147 157,140
161,147 158,140
162,147 159,140
162,147 160,140
163,147 161,140
163,147 162,140
164,147 163,140
164,147 164,140
165,147 165,140
165,147 166,140
166,147 167,140
166,147 168,140
167,147 169,140
168,147 170,140
168,147 171,140
169,147 172,140
169,147 173,140
170,147 174,140
170,147 175,140
171,147 176,140
171,147 177,140
172,147 178,140
172,147 179,139
173,147 180,139
173,147 181,139
174,147 182,139
174,147 183,139
175,147 184,139
175,147 185,139
176,147 186,139
176,147 187,139
177,147 188,139
177,147 189,139
178,147 190,139
178,147 191,139
179,147 192,139
179,147 193,139
180,147 194,139
180,147 195,139
181,147 196,139
182,147 197,139
138,148 113,140
138,148 114,140
139,148 115,140
139,148 116,140
140,148 117,140
140,148 118,140
141,148 119,140
141,148 120,140
142,148 121,140
142,148 122,140
143,148 123,140
143,148 124,139
144,148 125,139
144,148 126,139
145,148 127,139
145,148 128,139
146,148 129,139
146,148 130,139
147,148 131,139
147,148 132,139
148,148 133,139
149,148 134,139
149,148 135,139
150,148 136,139
150,148 137,139
151,148 138,139
151,148 139,139
152,148 140,139
152,148 141,139
153,148 142,139
153,148 143,139
154,148 144,139
154,148 145,139
155,148 146,139
155,148 147,139
156,148 148,139
156,148 149,139
157,148 150,139
157,148 151,139
158,148 152,139
158,148 153,139
159,148 154,139
160,147 155,139
160,147 156,139
161,147 157,139
161,147 158,139
162,147 159,139
162,147 160,139
163,147 161,139
163,147 162,139
164,147 163,139
164,147 164,139
165,147 165,139
165,147 166,139
166,147 167,139
166,147 168,139
167,147 169,139
167,147 170,139
168,147 171,139
168,147 172,139
169,147 173,139
169,147 174,139
170,147 175,139
171,147 176,139
171,147 177,139
172,147 178,139
172,147 179,138
173,147 180,138
173,147 181,138
174,147 182,138
174,147 183,138
175,147 184,138
175,147 185,138
176,147 186,138
176,147 187,138
177,147 188,138
177,147 189,138
178,147 190,138
178,147 191,138
179,147 192,138
179,147 193,138
180,147 194,138
180,147 195,138
181,147 196,138
182,147 197,138
138,148 114,139
138,148 115,139
139,148 116,139
139,148 117,139
140,148 118,139
140,148 119,139
141,148 120,139
141,148 121,139
142,148 122,139
142,148 123,139
143,148 124,138
143,148 125,138
144,148 126,138
144,148 127,138
145,148 128,138
146,148 129,138
146,148 130,138
147,148 131,138
147,148 132,138
148,148 133,138
148,148 134,138
149,148 135,138
149,148 136,138
150,148 137,138
150,148 138,138
151,148 139,138
151,148 140,138
152,148 141,138
153,148 142,138
153,148 143,138
154,148 144,138
154,148 145,138
155,148 146,138
155,148 147,138
156,148 148,138
156,148 149,138
157,148 150,138
157,148 151,138
158,148 152,138
158,148 153,138
159,148 154,138
160,147 155,138
160,147 156,138
161,147 157,138
161,147 158,138
162,147 159,138
162,147 160,138
163,147 161,138
163,147 162,138
164,147 163,138
164,147 164,138
165,147 165,138
165,147 166,138
166,147 167,138
166,147 168,138
167,147 169,138
168,147 170,138
168,147 171,138
169,147 172,138
169,147 173,138
170,147 174,138
170,147 175,138
171,147 176,138
171,147 177,138
172,147 178,138
172,147 179,137
173,147 180,137
173,147 181,137
174,147 182,137
175,147 183,137
175,147 184,137
176,147 185,137
176,147 186,137
177,147 187,137
177,147 188,137
178,147 189,137
178,147 190,137
179,147 191,137
179,147 192,137
180,147 193,137
180,147 194,137
181,147 195,137
182,147 196,137
139,147 114,138
139,147 115,138
140,147 116,138
140,147 117,138
141,147 118,138
141,147 119,138
142,147 120,138
142,147 121,138
143,147 122,138
143,147 123,138
144,147 124,137
144,147 125,137
145,147 126,137
145,147 127,137
146,147 128,137
146,147 129,137
147,147 130,137
147,147 131,137
148,147 132,137
148,147 133,137
149,147 134,137
149,147 135,137
150,147 136,137
150,147 137,137
151,147 138,137
151,147 139,137
152,147 140,137
152,147 141,137
153,147 142,137
153,147 143,137
154,147 144,137
154,147 145,137
155,147 146,137
155,147 147,137
156,147 148,137
156,147 149,137
157,147 150,137
157,147 151,137
158,147 152,137
158,147 153,137
159,147 154,137
160,146 155,137
160,146 156,137
161,146 157,137
161,146 158,137
162,146 159,137
162,146 160,137
163,146 161,137
163,146 162,137
164,146 163,137
164,146 164,137
165,146 165,137
165,146 166,137
166,146 167,137
166,146 168,137
167,146 169,137
167,146 170,137
168,146 171,137
168,146 172,137
169,146 173,137
169,146 174,137
170,146 175,137
170,146 176,137
171,146 177,137
171,146 178,137
172,146 179,136
172,146 180,136
173,146 181,136
173,146 182,136
174,146 183,136
174,146 184,136
175,146 185,136
175,146 186,136
176,146 187,136
176,146 188,136
177,146 189,136
177,146 190,136
178,146 191,136
178,146 192,136
179,146 193,136
179,146 194,136
180,146 195,136
181,146 196,136
139,147 115,137
139,147 116,137
140,147 117,137
140,147 118,137
141,147 119,137
141,147 120,137
142,147 121,137
142,147 122,137
143,147 123,137
143,147 124,136
144,147 125,136
144,147 126,136
145,147 127,136
145,147 128,136
146,147 129,136
146,147 130,136
147,147 131,136
147,147 132,136
148,147 133,136
148,147 134,136
149,147 135,136
150,147 136,136
150,147 137,136
151,147 138,136
151,147 139,136
152,147 140,136
152,147 141,136
153,147 142,136
153,147 143,136
154,147 144,136
154,147 145,136
155,147 146,136
155,147 147,136
156,147 148,136
156,147 149,136
157,147 150,136
157,147 151,136
158,147 152,136
158,147 153,136
159,147 154,136
160,146 155,136
160,146 156,136
161,146 157,136
161,146 158,136
162,146 159,136
162,146 160,136
163,146 161,136
163,146 162,136
164,146 163,136
164,146 164,136
165,146 165,136
165,146 166,136
166,146 167,136
166,146 168,136
167,146 169,136
167,146 170,136
168,146 171,136
168,146 172,136
169,146 173,136
169,146 174,136
170,146 175,136
171,146 176,136
171,146 177,136
172,146 178,136
172,146 179,135
173,146 180,135
173,146 181,135
174,146 182,135
174,146 183,135
175,146 184,135
175,146 185,135
176,146 186,135
176,146 187,135
177,146 188,135
177,146 189,135
178,146 190,135
178,146 191,135
179,146 192,135
179,146 193,135
180,146 194,135
181,146 195,135
139,147 115,136
139,147 116,136
140,147 117,136
140,147 118,136
141,147 119,136
141,147 120,136
142,147 121,136
142,147 122,136
143,147 123,136
143,147 124,135
144,147 125,135
144,147 126,135
145,147 127,135
145,147 128,135
146,147 129,135
146,147 130,135
147,147 131,135
147,147 132,135
148,147 133,135
148,147 134,135
149,147 135,135
150,147 136,135
150,147 137,135
151,147 138,135
151,147 139,135
152,147 140,135
152,147 141,135
153,147 142,135
153,147 143,135
154,147 144,135
154,147 145,135
155,147 146,135
155,147 147,135
156,147 148,135
156,147 149,135
157,147 150,135
157,147 151,135
158,147 152,135
158,147 153,135
159,147 154,135
160,146 155,135
160,146 156,135
161,146 157,135
161,146 158,135
162,146 159,135
162,146 160,135
163,146 161,135
163,146 162,135
164,146 163,135
164,146 164,135
165,146 165,135
165,146 166,135
166,146 167,135
166,146 168,135
167,146 169,135
167,146 170,135
168,146 171,135
168,146 172,135
169,146 173,135
169,146 174,135
170,146 175,135
171,146 176,135
171,146 177,135
172,146 178,135
172,146 179,134
173,146 180,134
173,146 181,134
174,146 182,134
174,146 183,134
175,146 184,134
175,146 185,134
176,146 186,134
176,146 187,134
177,146 188,134
177,146 189,134
178,146 190,134
178,146 191,134
179,146 192,134
179,146 193,134
180,146 194,134
181,146 195,134
140,146 116,135
140,146 117,135
141,146 118,135
141,146 119,135
142,146 120,135
142,146 121,135
143,146 122,135
143,146 123,135
144,146 124,134
144,146 125,134
145,146 126,134
145,146 127,134
146,146 128,134
146,146 129,134
147,146 130,134
147,146 131,134
148,146 132,134
148,146 133,134
149,146 134,134
149,146 135,134
150,146 136,134
150,146 137,134
151,146 138,134
151,146 139,134
152,146 140,134
152,146 141,134
153,146 142,134
153,146 143,134
154,146 144,134
154,146 145,134
155,146 146,134
155,146 147,134
156,146 148,134
156,146 149,134
157,146 150,134
157,146 151,134
158,146 152,134
158,146 153,134
159,146 154,134
159,146 155,134
160,145 156,134
160,145 157,134
161,145 158,134
161,145 159,134
162,145 160,134
162,145 161,134
163,145 162,134
163,145 163,134
164,145 164,134
164,145 165,134
165,145 166,134
165,145 167,134
166,145 168,134
166,145 169,134
167,145 170,134
167,145 171,134
168,145 172,134
168,145 173,134
169,145 174,134
169,145 175,134
170,145 176,134
170,145 177,134
171,145 178,134
171,145 179,133
172,145 180,133
172,145 181,133
173,145 182,133
173,145 183,133
174,145 184,133
174,145 185,133
175,145 186,133
175,145 187,133
176,145 188,133
176,145 189,133
177,145 190,133
177,145 191,133
178,145 192,133
178,145 193,133
179,145 194,133
180,145 195,133
140,146 116,134
140,146 117,134
141,146 118,134
141,146 119,134
142,146 120,134
142,146 121,134
143,146 122,134
143,146 123,134
144,146 124,133
144,146 125,133
145,146 126,133
145,146 127,133
146,146 128,133
146,146 129,133
147,146 130,133
147,146 131,133
148,146 132,133
148,146 133,133
149,146 134,133
149,146 135,133
150,146 136,133
150,146 137,133
151,146 138,133
151,146 139,133
152,146 140,133
152,146 141,133
153,146 142,133
153,146 143,133
154,146 144,133
154,146 145,133
155,146 146,133
155,146 147,133
156,146 148,133
156,146 149,133
157,146 150,133
157,146 151,133
158,146 152,133
158,146 153,133
159,146 154,133
159,146 155,133
160,145 156,133
160,145 157,133
161,145 158,133
161,145 159,133
162,145 160,133
162,145 161,133
163,145 162,133
163,145 163,133
164,145 164,133
164,145 165,133
165,145 166,133
165,145 167,133
166,145 168,133
166,145 169,133
167,145 170,133
167,145 171,133
168,145 172,133
168,145 173,133
169,145 174,133
169,145 175,133
170,145 176,133
170,145 177,133
171,145 178,133
171,145 179,132
172,145 180,132
172,145 181,132
173,145 182,132
173,145 183,132
174,145 184,132
174,145 185,132
175,145 186,132
175,145 187,132
176,145 188,132
176,145 189,132
177,145 190,132
177,145 191,132
178,145 192,132
178,145 193,132
179,145 194,132
180,145 195,132
140,146 116,133
140,146 117,133
141,146 118,133
141,146 119,133
142,146 120,133
142,146 121,133
143,146 122,133
143,146 123,133
144,146 124,132
144,146 125,132
145,146 126,132
145,146 127,132
146,146 128,132
146,146 129,132
147,146 130,132
147,146 131,132
148,146 132,132
148,146 133,132
149,146 134,132
149,146 135,132
150,146 136,132
150,146 137,132
151,146 138,132
151,146 139,132
152,146 140,132
152,146 141,132
153,146 142,132
153,146 143,132
154,146 144,132
154,146 145,132
155,146 146,132
155,146 147,132
156,146 148,132
156,146 149,132
157,146 150,132
157,146 151,132
158,146 152,132
158,146 153,132
159,146 154,132
160,145 155,132
160,145 156,132
161,145 157,132
161,145 158,132
162,145 159,132
162,145 160,132
163,145 161,132
163,145 162,132
164,145 163,132
164,145 164,132
165,145 165,132
165,145 166,132
166,145 167,132
166,145 168,132
167,145 169,132
167,145 170,132
168,145 171,132
168,145 172,132
169,145 173,132
169,145 174,132
170,145 175,132
170,145 176,132
171,145 177,132
171,145 178,132
172,145 179,131
172,145 180,131
173,145 181,131
173,145 182,131
174,145 183,131
174,145 184,131
175,145 185,131
175,145 186,131
176,145 187,131
176,145 188,131
177,145 189,131
177,145 190,131
178,145 191,131
178,145 192,131
179,145 193,131
180,145 194,131
141,145 117,132
141,145 118,132
141,145 119,132
142,145 120,132
142,145 121,132
143,145 122,132
143,145 123,132
144,145 124,131
144,145 125,131
145,145 126,131
145,145 127,131
146,145 128,131
146,145 129,131
147,145 130,131
147,145 131,131
148,145 132,131
148,145 133,131
149,145 134,131
149,145 135,131
150,145 136,131
150,145 137,131
151,145 138,131
151,145 139,131
152,145 140,131
152,145 141,131
153,145 142,131
153,145 143,131
154,145 144,131
154,145 145,131
155,145 146,131
155,145 147,131
156,145 148,131
156,145 149,131
157,145 150,131
157,145 151,131
158,145 152,131
158,145 153,131
159,145 154,131
159,145 155,131
160,144 156,131
160,144 157,131
161,144 158,131
161,144 159,131
162,144 160,131
162,144 161,131
163,144 162,131
163,144 163,131
164,144 164,131
164,144 165,131
165,144 166,131
165,144 167,131
166,144 168,131
166,144 169,131
167,144 170,131
167,144 171,131
168,144 172,131
168,144 173,131
169,144 174,131
169,144 175,131
170,144 176,131
170,144 177,131
171,144 178,131
171,144 179,130
172,144 180,130
172,144 181,130
173,144 182,130
173,144 183,130
174,144 184,130
174,144 185,130
175,144 186,130
175,144 187,130
176,144 188,130
176,144 189,130
177,144 190,130
177,144 191,130
178,144 192,130
178,144 193,130
179,144 194,130
141,145 117,131
141,145 118,131
141,145 119,131
142,145 120,131
142,145 121,131
143,145 122,131
143,145 123,131
144,145 124,130
144,145 125,130
145,145 126,130
145,145 127,130
146,145 128,130
146,145 129,130
147,145 130,130
147,145 131,130
148,145 132,130
148,145 133,130
149,145 134,130
149,145 135,130
150,145 136,130
150,145 137,130
151,145 138,130
151,145 139,130
152,145 140,130
152,145 141,130
153,145 142,130
153,145 143,130
154,145 144,130
154,145 145,130
155,145 146,130
155,145 147,130
156,145 148,130
156,145 149,130
157,145 150,130
157,145 151,130
158,145 152,130
158,145 153,130
159,145 154,130
159,145 155,130
160,144 156,130
160,144 157,130
161,144 158,130
161,144 159,130
162,144 160,130
162,144 161,130
163,144 162,130
163,144 163,130
164,144 164,130
164,144 165,130
165,144 166,130
165,144 167,130
166,144 168,130
166,144 169,130
167,144 170,130
167,144 171,130
168,144 172,130
168,144 173,130
169,144 174,130
169,144 175,130
170,144 176,130
170,144 177,130
171,144 178,130
171,144 179,129
172,144 180,129
172,144 181,129
173,144 182,129
173,144 183,129
174,144 184,129
174,144 185,129
175,144 186,129
175,144 187,129
176,144 188,129
176,144 189,129
177,144 190,129
177,144 191,129
178,144 192,129
178,144 193,129
179,144 194,129
141,145 117,130
141,145 118,130
141,145 119,130
142,145 120,130
142,145 121,130
143,145 122,130
143,145 123,130
144,145 124,129
144,145 125,129
145,145 126,129
145,145 127,129
146,145 128,129
146,145 129,129
147,145 130,129
147,145 131,129
148,145 132,129
148,145 133,129
149,145 134,129
149,145 135,129
150,145 136,129
150,145 137,129
151,145 138,129
151,145 139,129
152,145 140,129
152,145 141,129
153,145 142,129
153,145 143,129
154,145 144,129
154,145 145,129
155,145 146,129
155,145 147,129
156,145 148,129
156,145 149,129
157,145 150,129
157,145 151,129
158,145 152,129
158,145 153,129
159,145 154,129
159,145 155,129
160,144 156,129
160,144 157,129
161,144 158,129
161,144 159,129
162,144 160,129
162,144 161,129
163,144 162,129
163,144 163,129
164,144 164,129
164,144 165,129
165,144 166,129
165,144 167,129
166,144 168,129
166,144 169,129
167,144 170,129
167,144 171,129
168,144 172,129
168,144 173,129
169,144 174,129
169,144 175,129
170,144 176,129
170,144 177,129
171,144 178,129
171,144 179,128
172,144 180,128
172,144 181,128
173,144 182,128
173,144 183,128
174,144 184,128
174,144 185,128
175,144 186,128
175,144 187,128
176,144 188,128
176,144 189,128
177,144 190,128
177,144 191,128
178,144 192,128
178,144 193,128
179,144 194,128
141,144 117,129
141,144 118,129
141,144 119,129
142,144 120,129
142,144 121,129
143,144 122,129
143,144 123,129
144,144 124,128
144,144 125,128
145,144 126,128
145,144 127,128
146,144 128,128
146,144 129,128
147,144 130,128
147,144 131,128
148,144 132,128
148,144 133,128
149,144 134,128
149,144 135,128
150,144 136,128
150,144 137,128
151,144 138,128
151,144 139,128
152,144 140,128
152,144 141,128
153,144 142,128
153,144 143,128
154,144 144,128
154,144 145,128
155,144 146,128
155,144 147,128
156,144 148,128
156,144 149,128
157,144 150,128
157,144 151,128
158,144 152,128
158,144 153,128
159,144 154,128
159,144 155,128
160,143 156,128
160,143 157,128
161,143 158,128
161,143 159,128
162,143 160,128
162,143 161,128
163,143 162,128
163,143 163,128
164,143 164,128
164,143 165,128
165,143 166,128
165,143 167,128
166,143 168,128
166,143 169,128
167,143 170,128
167,143 171,128
168,143 172,128
168,143 173,128
169,143 174,128
169,143 175,128
170,143 176,128
170,143 177,128
171,143 178,128
171,143 179,127
172,143 180,127
172,143 181,127
173,143 182,127
173,143 183,127
174,143 184,127
174,143 185,127
175,143 186,127
175,143 187,127
176,143 188,127
176,143 189,127
177,143 190,127
177,143 191,127
178,143 192,127
178,143 193,127
179,143 194,127
141,144 117,128
141,144 118,128
141,144 119,128
142,144 120,128
142,144 121,128
143,144 122,128
143,144 123,128
144,144 124,127
144,144 125,127
145,144 126,127
145,144 127,127
146,144 128,127
146,144 129,127
147,144 130,127
147,144 131,127
148,144 132,127
148,144 133,127
149,144 134,127
149,144 135,127
150,144 136,127
150,144 137,127
151,144 138,127
151,144 139,127
152,144 140,127
152,144 141,127
153,144 142,127
153,144 143,127
154,144 144,127
154,144 145,127
155,144 146,127
155,144 147,127
156,144 148,127
156,144 149,127
157,144 150,127
157,144 151,127
158,144 152,127
158,144 153,127
159,144 154,127
159,144 155,127
160,143 156,127
160,143 157,127
161,143 158,127
161,143 159,127
162,143 160,127
162,143 161,127
163,143 162,127
163,143 163,127
164,143 164,127
164,143 165,127
165,143 166,127
165,143 167,127
166,143 168,127
166,143 169,127
167,143 170,127
167,143 171,127
168,143 172,127
168,143 173,127
169,143 174,127
169,143 175,127
170,143 176,127
170,143 177,127
171,143 178,127
171,143 179,126
172,143 180,126
172,143 181,126
173,143 182,126
173,143 183,126
174,143 184,126
174,143 185,126
175,143 186,126
175,143 187,126
176,143 188,126
176,143 189,126
177,143 190,126
177,143 191,126
178,143 192,126
178,143 193,126
179,143 194,126
141,144 117,127
141,144 118,127
142,144 119,127
142,144 120,127
143,144 121,127
143,144 122,127
144,144 123,127
144,144 124,126
145,144 125,126
145,144 126,126
146,144 127,126
146,144 128,126
147,144 129,126
147,144 130,126
148,144 131,126
148,144 132,126
149,144 133,126
149,144 134,126
150,144 135,126
150,144 136,126
151,144 137,126
151,144 138,126
152,144 139,126
152,144 140,126
153,144 141,126
153,144 142,126
154,144 143,126
154,144 144,126
155,144 145,126
155,144 146,126
156,144 147,126
156,144 148,126
157,144 149,126
157,144 150,126
158,144 151,126
158,144 152,126
159,144 153,126
159,144 154,126
160,143 155,126
160,143 156,126
161,143 157,126
161,143 158,126
162,143 159,126
162,143 160,126
163,143 161,126
163,143 162,126
164,143 163,126
164,143 164,126
165,143 165,126
165,143 166,126
166,143 167,126
166,143 168,126
167,143 169,126
167,143 170,126
168,143 171,126
168,143 172,126
169,143 173,126
169,143 174,126
170,143 175,126
170,143 176,126
171,143 177,126
171,143 178,126
172,143 179,125
172,143 180,125
173,143 181,125
173,143 182,125
174,143 183,125
174,143 184,125
175,143 185,125
175,143 186,125
176,143 187,125
176,143 188,125
177,143 189,125
177,143 190,125
178,143 191,125
178,143 192,125
179,143 193,125
142,143 117,126
142,143 118,126
142,143 119,126
143,143 120,126
143,143 121,126
144,143 122,126
144,143 123,126
145,143 124,125
145,143 125,125
146,143 126,125
146,143 127,125
147,143 128,125
147,143 129,125
148,143 130,125
148,143 131,125
149,143 132,125
149,143 133,125
150,143 134,125
150,143 135,125
151,143 136,125
151,143 137,125
151,143 138,125
152,143 139,125
152,143 140,125
153,143 141,125
153,143 142,125
154,143 143,125
154,143 144,125
155,143 145,125
155,143 146,125
156,143 147,125
156,143 148,125
157,143 149,125
157,143 150,125
158,143 151,125
158,143 152,125
159,143 153,125
159,143 154,125
160,142 155,125
160,142 156,125
160,142 157,125
161,142 158,125
161,142 159,125
162,142 160,125
162,142 161,125
163,142 162,125
163,142 163,125
164,142 164,125
164,142 165,125
165,142 166,125
165,142 167,125
166,142 168,125
166,142 169,125
167,142 170,125
167,142 171,125
168,142 172,125
168,142 173,125
169,142 174,125
169,142 175,125
169,142 176,125
170,142 177,125
170,142 178,125
171,142 179,124
171,142 180,124
172,142 181,124
172,142 182,124
173,142 183,124
173,142 184,124
174,142 185,124
174,142 186,124
175,142 187,124
175,142 188,124
176,142 189,124
176,142 190,124
177,142 191,124
177,142 192,124
178,142 193,124
142,143 117,125
142,143 118,125
142,143 119,125
143,143 120,125
143,143 121,125
144,143 122,125
144,143 123,125
145,143 124,124
145,143 125,124
146,143 126,124
146,143 127,124
147,143 128,124
147,143 129,124
148,143 130,124
148,143 131,124
149,143 132,124
149,143 133,124
150,143 134,124
150,143 135,124
151,143 136,124
151,143 137,124
151,143 138,124
152,143 139,124
152,143 140,124
153,143 141,124
153,143 142,124
154,143 143,124
154,143 144,124
155,143 145,124
155,143 146,124
156,143 147,124
156,143 148,124
157,143 149,124
157,143 150,124
158,143 151,124
158,143 152,124
159,143 153,124
159,143 154,124
160,142 155,124
160,142 156,124
160,142 157,124
161,142 158,124
161,142 159,124
162,142 160,124
162,142 161,124
163,142 162,124
163,142 163,124
164,142 164,124
164,142 165,124
165,142 166,124
165,142 167,124
166,142 168,124
166,142 169,124
167,142 170,124
167,142 171,124
168,142 172,124
168,142 173,124
169,142 174,124
169,142 175,124
169,142 176,124
170,142 177,124
170,142 178,124
171,142 179,123
171,142 180,123
172,142 181,123
172,142 182,123
173,142 183,123
173,142 184,123
174,142 185,123
174,142 186,123
175,142 187,123
175,142 188,123
176,142 189,123
176,142 190,123
177,142 191,123
177,142 192,123
178,142 193,123
142,143 117,124
142,143 118,124
142,143 119,124
143,143 120,124
143,143 121,124
144,143 122,124
144,143 123,124
145,143 124,123
145,143 125,123
146,143 126,123
146,143 127,123
147,143 128,123
147,143 129,123
148,143 130,123
148,143 131,123
149,143 132,123
149,143 133,123
150,143 134,123
150,143 135,123
151,143 136,123
151,143 137,123
151,143 138,123
152,143 139,123
152,143 140,123
153,143 141,123
153,143 142,123
154,143 143,123
154,143 144,123
155,143 145,123
155,143 146,123
156,143 147,123
156,143 148,123
157,143 149,123
157,143 150,123
158,143 151,123
158,143 152,123
159,143 153,123
159,143 154,123
160,142 155,123
160,142 156,123
160,142 157,123
161,142 158,123
161,142 159,123
162,142 160,123
162,142 161,123
163,142 162,123
163,142 163,123
164,142 164,123
164,142 165,123
165,142 166,123
165,142 167,123
166,142 168,123
166,142 169,123
167,142 170,123
167,142 171,123
168,142 172,123
168,142 173,123
169,142 174,123
169,142 175,123
169,142 176,123
170,142 177,123
170,142 178,123
171,142 179,122
171,142 180,122
172,142 181,122
172,142 182,122
173,142 183,122
173,142 184,122
174,142 185,122
174,142 186,122
175,142 187,122
175,142 188,122
176,142 189,122
176,142 190,122
177,142 191,122
177,142 192,122
178,142 193,122
142,142 117,123
142,142 118,123
142,142 119,123
143,142 120,123
143,142 121,123
144,142 122,123
144,142 123,123
145,142 124,122
145,142 125,122
146,142 126,122
146,142 127,122
147,142 128,122
147,142 129,122
148,142 130,122
148,142 131,122
149,142 132,122
149,142 133,122
149,142 134,122
150,142 135,122
150,142 136,122
151,142 137,122
151,142 138,122
152,142 139,122
152,142 140,122
153,142 141,122
153,142 142,122
154,142 143,122
154,142 144,122
155,142 145,122
155,142 146,122
156,142 147,122
156,142 148,122
156,142 149,122
157,142 150,122
157,142 151,122
158,142 152,122
158,142 153,122
159,142 154,122
159,142 155,122
160,141 156,122
160,141 157,122
161,141 158,122
161,141 159,122
162,141 160,122
162,141 161,122
163,141 162,122
163,141 163,122
163,141 164,122
164,141 165,122
164,141 166,122
165,141 167,122
165,141 168,122
166,141 169,122
166,141 170,122
167,141 171,122
167,141 172,122
168,141 173,122
168,141 174,122
169,141 175,122
169,141 176,122
170,141 177,122
170,141 178,122
170,141 179,121
171,141 180,121
171,141 181,121
172,141 182,121
172,141 183,121
173,141 184,121
173,141 185,121
174,141 186,121
174,141 187,121
175,141 188,121
175,141 189,121
176,141 190,121
176,141 191,121
177,141 192,121
177,141 193,121
178,141 194,122
142,142 117,122
142,142 118,122
142,142 119,122
143,142 120,122
143,142 121,122
144,142 122,122
144,142 123,122
145,142 124,121
145,142 125,121
146,142 126,121
146,142 127,121
147,142 128,121
147,142 129,121
148,142 130,121
148,142 131,121
149,142 132,121
149,142 133,121
149,142 134,121
150,142 135,121
150,142 136,121
151,142 137,121
151,142 138,121
152,142 139,121
152,142 140,121
153,142 141,121
153,142 142,121
154,142 143,121
154,142 144,121
155,142 145,121
155,142 146,121
156,142 147,121
156,142 148,121
156,142 149,121
157,142 150,121
157,142 151,121
158,142 152,121
158,142 153,121
159,142 154,121
159,142 155,121
160,141 156,121
160,141 157,121
161,141 158,121
161,141 159,121
162,141 160,121
162,141 161,121
163,141 162,121
163,141 163,121
163,141 164,121
164,141 165,121
164,141 166,121
165,141 167,121
165,141 168,121
166,141 169,121
166,141 170,121
167,141 171,121
167,141 172,121
168,141 173,121
168,141 174,121
169,141 175,121
169,141 176,121
170,141 177,121
170,141 178,121
170,141 179,120
171,141 180,120
171,141 181,120
172,141 182,120
172,141 183,120
173,141 184,120
173,141 185,120
174,141 186,120
174,141 187,120
175,141 188,120
175,141 189,120
176,141 190,120
176,141 191,120
177,141 192,120
177,141 193,120
178,141 194,121
142,142 117,121
142,142 118,121
142,142 119,121
143,142 120,121
143,142 121,121
144,142 122,121
144,142 123,121
145,142 124,120
145,142 125,120
146,142 126,120
146,142 127,120
147,142 128,120
147,142 129,120
148,142 130,120
148,142 131,120
149,142 132,120
149,142 133,120
149,142 134,120
150,142 135,120
150,142 136,120
151,142 137,120
151,142 138,120
152,142 139,120
152,142 140,120
153,142 141,120
153,142 142,120
154,142 143,120
154,142 144,120
155,142 145,120
155,142 146,120
156,142 147,120
156,142 148,120
156,142 149,120
157,142 150,120
157,142 151,120
158,142 152,120
158,142 153,120
159,142 154,120
159,142 155,120
160,141 156,120
160,141 157,120
161,141 158,120
161,141 159,120
162,141 160,120
162,141 161,120
163,141 162,120
163,141 163,120
163,141 164,120
164,141 165,120
164,141 166,120
165,141 167,120
165,141 168,120
166,141 169,120
166,141 170,120
167,141 171,120
167,141 172,120
168,141 173,120
168,141 174,120
169,141 175,120
169,141 176,120
170,141 177,120
170,141 178,120
170,141 179,119
171,141 180,119
171,141 181,119
172,141 182,119
172,141 183,119
173,141 184,119
173,141 185,119
174,141 186,119
174,141 187,119
175,141 188,119
175,141 189,119
176,141 190,119
176,141 191,119
177,141 192,119
177,141 193,119
178,141 194,120
142,141 117,120
142,141 118,120
143,141 119,120
143,141 120,120
144,141 121,120
144,141 122,120
145,141 123,120
146,141 124,119
146,141 125,119
147,141 126,119
147,141 127,119
148,141 128,119
148,141 129,119
149,141 130,119
150,141 131,119
150,141 132,119
151,141 133,119
151,141 134,119
152,141 135,119
152,141 136,119
153,141 137,119
154,141 138,119
154,141 139,119
155,141 140,119
155,141 141,119
156,141 142,119
156,141 143,119
157,141 158,119
158,141 159,119
158,141 160,119
159,141 161,119
159,141 162,119
160,140 163,119
160,140 164,119
161,140 165,119
162,140 166,119
162,140 167,119
163,140 168,119
163,140 169,119
164,140 170,119
164,140 171,119
165,140 172,119
166,140 173,119
166,140 174,119
167,140 175,119
167,140 176,119
168,140 177,119
168,140 178,119
169,140 179,118
170,140 180,118
170,140 181,118
171,140 182,118
171,140 183,118
172,140 184,118
172,140 185,118
173,140 186,118
174,140 187,118
174,140 188,118
175,140 189,118
175,140 190,118
176,140 191,118
176,140 192,118
177,140 193,118
178,140 194,119
142,141 117,119
142,141 118,119
143,141 119,119
143,141 120,119
144,141 121,119
145,141 122,119
145,141 123,119
146,141 124,118
147,141 125,118
147,141 126,118
148,141 127,118
149,141 128,118
149,141 129,118
150,141 130,118
151,141 131,118
151,141 132,118
152,141 133,118
152,141 134,118
153,141 135,118
154,141 136,118
154,141 137,118
155,141 138,118
156,141 139,118
156,141 140,118
157,141 162,118
158,141 163,118
158,141 164,118
159,141 165,118
160,140 166,118
160,140 167,118
161,140 168,118
161,140 169,118
162,140 170,118
163,140 171,118
163,140 172,118
164,140 173,118
165,140 174,118
165,140 175,118
166,140 176,118
167,140 177,118
167,140 178,118
168,140 179,117
169,140 180,117
169,140 181,117
170,140 182,117
170,140 183,117
171,140 184,117
172,140 185,117
172,140 186,117
173,140 187,117
174,140 188,117
174,140 189,117
175,140 190,117
176,140 191,117
176,140 192,117
177,140 193,117
178,140 194,118
142,140 117,118
142,140 118,118
143,140 119,118
144,140 120,118
144,140 121,118
145,140 122,118
146,140 123,118
146,140 124,117
147,140 125,117
148,140 126,117
148,140 127,117
149,140 128,117
150,140 129,117
151,140 130,117
151,140 131,117
152,140 132,117
153,140 133,117
153,140 134,117
154,140 135,117
155,140 136,117
155,140 137,117
156,140 164,117
157,140 165,117
157,140 166,117
158,140 167,117
159,140 168,117
160,139 169,117
160,139 170,117
161,139 171,117
162,139 172,117
162,139 173,117
163,139 174,117
164,139 175,117
164,139 176,117
165,139 177,117
166,139 178,117
166,139 179,116
167,139 180,116
168,139 181,116
169,139 182,116
169,139 183,116
170,139 184,116
171,139 185,116
171,139 186,116
172,139 187,116
173,139 188,116
173,139 189,116
174,139 190,116
175,139 191,116
175,139 192,116
176,139 193,116
177,139 194,117
178,139 195,118
142,140 116,118
142,140 117,117
143,140 118,117
144,140 119,117
145,140 120,117
145,140 121,117
146,140 122,117
147,140 123,117
148,140 124,116
148,140 125,116
149,140 126,116
150,140 127,116
151,140 128,116
151,140 129,116
152,140 130,116
153,140 131,116
154,140 132,116
155,140 133,116
155,140 134,116
156,140 167,116
157,140 168,116
158,140 169,116
158,140 170,116
159,140 171,116
160,139 172,116
161,139 173,116
161,139 174,116
162,139 175,116
163,139 176,116
164,139 177,116
164,139 178,116
165,139 179,115
166,139 180,115
167,139 181,115
168,139 182,115
168,139 183,115
169,139 184,115
170,139 185,115
171,139 186,115
171,139 187,115
172,139 188,115
173,139 189,115
174,139 190,115
174,139 191,115
175,139 192,115
176,139 193,115
177,139 194,116
178,139 195,117
142,140 116,117
142,140 117,116
143,140 118,116
144,140 119,116
145,140 120,116
146,140 121,116
147,140 122,116
147,140 123,116
148,140 124,115
149,140 125,115
150,140 126,115
151,140 127,115
152,140 128,115
152,140 129,115
153,140 130,115
154,140 131,115
155,140 132,115
156,140 169,115
157,140 170,115
157,140 171,115
158,140 172,115
159,140 173,115
160,139 174,115
161,139 175,115
162,139 176,115
162,139 177,115
163,139 178,115
164,139 179,114
165,139 180,114
166,139 181,114
167,139 182,114
167,139 183,114
168,139 184,114
169,139 185,114
170,139 186,114
171,139 187,114
172,139 188,114
172,139 189,114
173,139 190,114
174,139 191,114
175,139 192,114
176,139 193,114
177,139 194,115
178,139 195,116
142,139 116,116
142,139 117,115
143,139 118,115
144,139 119,115
145,139 120,115
146,139 121,115
147,139 122,115
148,139 123,115
149,139 124,114
150,139 125,114
151,139 126,114
152,139 127,114
153,139 128,114
154,139 129,114
154,139 130,114
155,139 171,114
156,139 172,114
157,139 173,114
158,139 174,114
159,139 175,114
160,138 176,114
161,138 177,114
162,138 178,114
163,138 179,113
164,138 180,113
165,138 181,113
166,138 182,113
166,138 183,113
167,138 184,113
168,138 185,113
169,138 186,113
170,138 187,113
171,138 188,113
172,138 189,113
173,138 190,113
174,138 191,113
175,138 192,113
176,138 193,113
177,138 194,114
178,138 195,115
142,139 116,115
143,139 116,115
144,139 117,114
145,139 118,114
146,139 119,114
147,139 120,114
148,139 121,114
149,139 122,114
150,139 123,114
151,139 124,113
152,139 125,113
153,139 126,113
154,139 127,113
155,139 128,113
156,139 173,113
157,139 174,113
158,139 175,113
159,139 176,113
160,138 177,113
161,138 178,113
162,138 179,112
163,138 180,112
164,138 181,112
165,138 182,112
166,138 183,112
167,138 184,112
168,138 185,112
169,138 186,112
170,138 187,112
171,138 188,112
172,138 189,112
173,138 190,112
174,138 191,112
175,138 192,112
176,138 193,112
177,138 194,113
178,138 195,114
142,139 115,115
143,139 115,115
144,139 116,114
145,139 117,113
146,139 118,113
147,139 119,113
148,139 120,113
149,139 121,113
150,139 122,113
151,139 123,113
152,139 123,113
153,139 124,112
154,139 125,112
155,139 126,112
156,139 175,112
157,139 176,112
158,139 177,112
159,139 178,112
160,138 179,111
161,138 179,111
162,138 180,111
163,138 181,111
164,138 182,111
165,138 183,111
166,138 184,111
167,138 185,111
168,138 186,111
169,138 187,111
170,138 187,111
171,138 188,111
172,138 189,111
173,138 190,111
174,138 191,111
175,138 192,111
176,138 193,111
177,138 194,112
178,138 195,113
142,138 115,114
143,138 115,114
144,138 116,113
145,138 117,112
146,138 118,112
147,138 119,112
148,138 120,112
149,138 121,112
150,138 121,112
151,138 122,112
152,138 123,112
153,138 124,111
154,138 125,111
155,138 176,111
156,138 177,111
157,138 177,111
158,138 178,111
159,138 179,110
160,137 180,110
161,137 181,110
162,137 182,110
163,137 183,110
164,137 183,110
165,137 184,110
166,137 185,110
167,137 186,110
168,137 187,110
169,137 188,110
170,137 189,110
171,137 189,110
172,137 190,110
173,137 191,110
174,137 192,110
175,137 193,110
176,137 194,111
177,137 195,112
178,137 196,113
142,138 115,113
143,138 115,113
144,138 116,112
145,138 117,111
146,138 118,111
147,138 118,111
148,138 119,111
149,138 120,111
150,138 121,111
151,138 121,111
152,138 122,111
153,138 123,111
154,138 178,110
155,138 178,110
156,138 179,109
157,138 180,109
158,138 181,109
159,138 181,109
160,137 182,109
161,137 183,109
162,137 184,109
163,137 184,109
164,137 185,109
165,137 186,109
166,137 187,109
167,137 187,109
168,137 188,109
169,137 189,109
170,137 190,109
171,137 190,109
172,137 191,109
173,137 192,109
174,137 193,109
175,137 193,109
176,137 194,110
177,137 195,111
178,137 196,112
142,138 115,112
143,138 115,112
144,138 116,111
145,138 117,110
146,138 117,110
147,138 118,110
148,138 119,110
149,138 119,110
150,138 120,110
151,138 121,110
152,138 121,110
153,138 122,110
154,138 123,110
155,138 123,110
156,138 181,108
157,138 182,108
158,138 182,108
159,138 183,108
160,137 184,108
161,137 184,108
162,137 185,108
163,137 186,108
164,137 186,108
165,137 187,108
166,137 188,108
167,137 188,108
168,137 189,108
169,137 190,108
170,137 190,108
171,137 191,108
172,137 192,108
173,137 192,108
174,137 193,108
175,137 194,109
176,137 194,109
177,137 195,110
178,137 196,111
142,137 114,112
143,137 114,112
144,137 115,111
145,137 116,110
146,137 116,110
147,137 117,109
148,137 118,109
149,137 118,109
150,137 119,109
151,137 120,109
152,137 120,109
153,137 121,109
154,137 122,109
155,137 122,109
156,137 182,107
157,137 183,107
158,137 183,107
159,137 184,107
160,136 185,107
161,136 185,107
162,136 186,107
163,136 187,107
164,136 187,107
165,136 188,107
166,136 189,107
167,136 189,107
168,136 190,107
169,136 191,107
170,136 191,107
171,136 192,107
172,136 193,107
173,136 193,107
174,136 194,108
175,136 195,109
176,136 195,109
177,136 196,110
178,136 197,111
142,137 114,111
143,137 114,111
144,137 115,110
145,137 115,110
146,137 116,109
147,137 116,109
148,137 117,108
149,137 117,108
150,137 118,108
151,137 119,108
152,137 119,108
153,137 120,108
154,137 120,108
155,137 184,106
156,137 184,106
157,137 185,106
158,137 185,106
159,137 186,106
160,136 187,106
161,136 187,106
162,136 188,106
163,136 188,106
164,136 189,106
165,136 189,106
166,136 190,106
167,136 190,106
168,136 191,106
169,136 192,106
170,136 192,106
171,136 193,106
172,136 193,106
173,136 194,107
174,136 194,107
175,136 195,108
176,136 195,108
177,136 196,109
178,136 197,110
142,137 114,110
143,137 114,110
144,137 115,109
145,137 115,109
146,137 116,108
147,137 116,108
148,137 117,107
149,137 117,107
150,137 118,107
151,137 118,107
152,137 119,107
153,137 119,107
154,137 185,105
155,137 185,105
156,137 186,105
157,137 186,105
158,137 187,105
159,137 187,105
160,136 188,105
161,136 188,105
162,136 189,105
163,136 189,105
164,136 190,105
165,136 190,105
166,136 191,105
167,136 191,105
168,136 192,105
169,136 192,105
170,136 193,105
171,136 193,105
172,136 194,106
173,136 194,106
174,136 195,107
175,136 195,107
176,136 196,108
177,136 196,108
178,136 197,109
141,137 113,110
142,136 113,110
143,136 113,110
144,136 114,109
145,136 114,109
146,136 115,108
147,136 115,108
148,136 116,107
149,136 116,107
150,136 116,107
151,136 117,106
152,136 117,106
153,136 187,104
154,136 187,104
155,136 188,104
156,136 188,104
157,136 188,104
158,136 189,104
159,136 189,104
160,135 190,104
161,135 190,104
162,135 191,104
163,135 191,104
164,135 191,104
165,135 192,104
166,135 192,104
167,135 193,104
168,135 193,104
169,135 194,105
170,135 194,105
171,135 194,105
172,135 195,106
173,135 195,106
174,135 196,107
175,135 196,107
176,135 197,108
177,135 197,108
178,135 198,109
141,137 113,109
142,136 113,109
143,136 113,109
144,136 114,108
145,136 114,108
146,136 114,108
147,136 115,107
148,136 115,107
149,136 116,106
150,136 116,106
151,136 116,106
152,136 188,103
153,136 188,103
154,136 188,103
155,136 189,103
156,136 189,103
157,136 190,103
158,136 190,103
159,136 190,103
160,135 191,103
161,135 191,103
162,135 191,103
163,135 192,103
164,135 192,103
165,135 193,103
166,135 193,103
167,135 193,103
168,135 194,104
169,135 194,104
170,135 194,104
171,135 195,105
172,135 195,105
173,135 196,106
174,135 196,106
175,135 196,106
176,135 197,107
177,135 197,107
178,135 198,108
141,137 112,109
142,136 112,109
143,136 112,109
144,136 113,108
145,136 113,108
146,136 113,108
147,136 114,107
148,136 114,107
149,136 115,106
150,136 115,106
151,136 115,106
152,136 116,105
153,136 116,105
154,136 116,105
155,136 190,102
156,136 190,102
157,136 191,102
158,136 191,102
159,136 191,102
160,135 192,102
161,135 192,102
162,135 192,102
163,135 193,102
164,135 193,102
165,135 194,103
166,135 194,103
167,135 194,103
168,135 195,104
169,135 195,104
170,135 195,104
171,135 196,105
172,135 196,105
173,135 197,106
174,135 197,106
175,135 197,106
176,135 198,107
177,135 198,107
178,135 199,108
141,136 112,108
142,135 112,108
143,135 112,108
144,135 113,107
145,135 113,107
146,135 113,107
147,135 114,106
148,135 114,106
149,135 114,106
150,135 115,105
151,135 115,105
152,135 115,105
153,135 191,101
154,135 191,101
155,135 191,101
156,135 192,101
157,135 192,101
158,135 192,101
159,135 193,101
160,134 193,101
161,134 193,101
162,134 194,102
163,134 194,102
164,134 194,102
165,134 195,103
166,134 195,103
167,134 195,103
168,134 196,104
169,134 196,104
170,134 196,104
171,134 197,105
172,134 197,105
173,134 197,105
174,134 198,106
175,134 198,106
176,134 199,107
141,136 112,107
142,135 112,107
143,135 112,107
144,135 112,107
145,135 113,106
146,135 113,106
147,135 113,106
148,135 114,105
149,135 114,105
150,135 114,105
151,135 192,100
152,135 192,100
153,135 192,100
154,135 193,100
155,135 193,100
156,135 193,100
157,135 194,101
158,135 194,101
159,135 194,101
160,134 194,101
161,134 195,102
162,134 195,102
163,134 195,102
164,134 196,103
165,134 196,103
166,134 196,103
167,134 197,104
168,134 197,104
169,134 197,104
170,134 198,105
171,134 198,105
172,134 198,105
173,134 199,106
174,134 199,106
175,134 199,106
176,134 200,107
141,136 111,107
142,135 111,107
143,135 111,107
144,135 111,107
145,135 112,106
146,135 112,106
147,135 112,106
148,135 113,105
149,135 113,105
150,135 113,105
151,135 113,105
152,135 114,104
153,135 114,104
154,135 114,104
155,135 194,100
156,135 194,100
157,135 194,100
158,135 194,100
159,135 195,101
160,134 195,101
161,134 195,101
162,134 196,102
163,134 196,102
164,134 196,102
165,134 196,102
166,134 197,103
167,134 197,103
168,134 197,103
169,134 198,104
170,134 198,104
171,134 198,104
172,134 198,104
173,134 199,105
174,134 199,105
175,134 199,105
176,134 200,106
141,135 111,106
142,134 111,106
143,134 111,106
144,134 111,106
145,134 112,105
146,134 112,105
147,134 112,105
148,134 112,105
149,134 113,104
150,134 113,104
151,134 113,104
152,134 113,104
153,134 194,99
154,134 194,99
155,134 194,99
156,134 194,99
157,134 195,100
158,134 195,100
159,134 195,100
160,133 195,100
161,133 196,101
162,133 196,101
163,133 196,101
164,133 196,101
165,133 197,102
166,133 197,102
167,133 197,102
168,133 197,102
169,133 198,103
170,133 198,103
171,133 198,103
172,133 198,103
173,133 199,104
174,133 199,104
175,133 199,104
176,133 200,105
141,135 110,106
142,134 110,106
143,134 110,106
144,134 110,106
145,134 111,105
146,134 111,105
147,134 111,105
148,134 112,104
149,134 112,104
150,134 112,104
151,134 112,104
152,134 113,103
153,134 113,103
154,134 113,103
155,134 195,99
156,134 195,99
157,134 195,99
158,134 195,99
159,134 196,100
160,133 196,100
161,133 196,100
162,133 197,101
163,133 197,101
164,133 197,101
165,133 197,101
166,133 198,102
167,133 198,102
168,133 198,102
169,133 199,103
170,133 199,103
171,133 199,103
172,133 199,103
173,133 200,104
174,133 200,104
175,133 200,104
176,133 201,105
141,135 110,105
142,134 110,105
143,134 110,105
144,134 110,105
145,134 111,104
146,134 111,104
147,134 111,104
148,134 111,104
149,134 112,103
150,134 112,103
151,134 112,103
152,134 112,103
153,134 195,98
154,134 195,98
155,134 195,98
156,134 195,98
157,134 196,99
158,134 196,99
159,134 196,99
160,133 196,99
161,133 197,100
162,133 197,100
163,133 197,100
164,133 197,100
165,133 198,101
166,133 198,101
167,133 198,101
168,133 198,101
169,133 199,102
170,133 199,102
171,133 199,102
172,133 199,102
173,133 200,103
174,133 200,103
175,133 200,103
176,133 201,104
143,133 110,104
144,133 110,104
145,133 110,104
146,133 110,104
147,133 110,104
148,133 111,103
149,133 111,103
150,133 111,103
151,133 111,103
152,133 111,103
153,133 196,98
154,133 196,98
155,133 196,98
156,133 196,98
157,133 197,99
158,133 197,99
159,133 197,99
160,132 197,99
161,132 197,99
162,132 198,100
163,132 198,100
164,132 198,100
165,132 198,100
166,132 199,101
167,132 199,101
168,132 199,101
169,132 199,101
170,132 199,101
171,132 200,102
172,132 200,102
173,132 200,102
174,132 200,102
175,132 201,103
143,133 109,104
144,133 109,104
145,133 109,104
146,133 109,104
147,133 110,103
148,133 110,103
149,133 110,103
150,133 110,103
151,133 111,102
152,133 111,102
153,133 111,102
154,133 111,102
155,133 197,98
156,133 197,98
157,133 197,98
158,133 197,98
159,133 198,99
160,132 198,99
161,132 198,99
162,132 198,99
163,132 199,100
164,132 199,100
165,132 199,100
166,132 199,100
167,132 200,101
168,132 200,101
169,132 200,101
170,132 200,101
171,132 201,102
172,132 201,102
173,132 201,102
174,132 201,102
175,132 202,103
143,133 109,103
144,133 109,103
145,133 109,103
146,133 109,103
147,133 109,103
148,133 110,102
149,133 110,102
150,133 110,102
151,133 110,102
152,133 110,102
153,133 197,97
154,133 197,97
155,133 197,97
156,133 197,97
157,133 198,98
158,133 198,98
159,133 198,98
160,132 198,98
161,132 198,98
162,132 199,99
163,132 199,99
164,132 199,99
165,132 199,99
166,132 200,100
167,132 200,100
168,132 200,100
169,132 200,100
170,132 200,100
171,132 201,101
172,132 201,101
173,132 201,101
174,132 201,101
175,132 202,102
144,132 108,103
145,132 108,103
146,132 108,103
147,132 108,103
148,132 109,102
149,132 109,102
150,132 109,102
151,132 109,102
152,132 110,101
153,132 110,101
154,132 110,101
155,132 110,101
156,132 198,97
157,132 198,97
158,132 198,97
159,132 199,98
160,131 199,98
161,131 199,98
162,131 199,98
163,131 200,99
164,131 200,99
165,131 200,99
166,131 200,99
167,131 201,100
168,131 201,100
169,131 201,100
170,131 201,100
171,131 202,101
172,131 202,101
173,131 202,101
174,131 203,102
144,132 108,102
145,132 108,102
146,132 108,102
147,132 108,102
148,132 108,102
149,132 109,101
150,132 109,101
151,132 109,101
152,132 109,101
153,132 198,96
154,132 198,96
155,132 198,96
156,132 198,96
157,132 199,97
158,132 199,97
159,132 199,97
160,131 199,97
161,131 199,97
162,131 200,98
163,131 200,98
164,131 200,98
165,131 200,98
166,131 201,99
167,131 201,99
168,131 201,99
169,131 201,99
170,131 202,100
171,131 202,100
172,131 202,100
173,131 202,100
174,131 203,101
144,132 107,102
145,132 107,102
146,132 107,102
147,132 107,102
148,132 107,102
149,132 108,101
150,132 108,101
151,132 108,101
152,132 108,101
153,132 109,100
154,132 109,100
155,132 109,100
156,132 109,100
157,132 199,96
158,132 199,96
159,132 199,96
160,131 199,96
161,131 199,96
162,131 200,97
163,131 200,97
164,131 200,97
165,131 200,97
166,131 201,98
167,131 201,98
168,131 201,98
169,131 201,98
170,131 202,99
171,131 202,99
172,131 202,99
173,131 202,99
174,131 203,100
145,131 107,101
146,131 107,101
147,131 107,101
148,131 107,101
149,131 108,100
150,131 108,100
151,131 108,100
152,131 108,100
153,131 199,95
154,131 199,95
155,131 199,95
156,131 199,95
157,131 200,96
158,131 200,96
159,131 200,96
160,130 200,96
161,130 201,97
162,130 201,97
163,130 201,97
164,130 201,97
165,130 202,98
166,130 202,98
167,130 202,98
168,130 202,98
169,130 203,99
170,130 203,99
171,130 203,99
172,130 203,99
173,130 204,100
145,131 107,100
146,131 107,100
147,131 107,100
148,131 107,100
149,131 107,100
150,131 107,100
151,131 200,95
152,131 200,95
153,131 200,95
154,131 200,95
155,131 200,95
156,131 200,95
157,131 201,96
158,131 201,96
159,131 201,96
160,130 201,96
161,130 201,96
162,130 202,97
163,130 202,97
164,130 202,97
165,130 202,97
166,130 202,97
167,130 202,97
168,130 203,98
169,130 203,98
170,130 203,98
171,130 203,98
172,130 203,98
173,130 204,99
146,130 106,100
147,130 106,100
148,130 106,100
149,130 106,100
150,130 106,100
151,130 200,94
152,130 200,94
153,130 200,94
154,130 200,94
155,130 201,95
156,130 201,95
157,130 201,95
158,130 201,95
159,130 202,96
160,129 202,96
161,129 202,96
162,129 202,96
163,129 202,96
164,129 203,97
165,129 203,97
166,129 203,97
167,129 203,97
168,129 204,98
169,129 204,98
170,129 204,98
171,129 204,98
172,129 205,99
