180,218 173,211
180,218 174,210
181,218 175,210
182,217 176,209
183,216 177,208
184,215 178,208
185,214 179,207
186,213 180,206
187,212 181,206
188,211 182,205
189,210 183,204
189,210 184,203
190,209 185,202
191,208 186,201
191,207 187,200
192,206 188,199
193,205 188,198
193,204 189,197
194,203 190,196
194,202 191,195
195,201 192,194
195,200 193,193
195,200 194,192
195,199 194,191
196,198 195,190
196,197 196,189
196,196 196,188
197,195 197,187
197,194 198,186
197,193 198,185
197,192 199,184
197,191 199,183
197,191 200,182
197,190 200,181
197,189 201,180
197,188 201,179
197,187 202,178
197,186 202,177
197,185 203,176
197,184 203,175
197,183 203,174
197,182 204,173
197,181 204,172
180,218 174,211
180,218 175,211
181,218 176,210
182,217 177,209
183,216 178,209
184,215 179,208
185,214 180,207
186,213 181,207
187,212 182,206
188,211 183,205
189,210 184,204
189,210 185,203
190,209 186,202
191,208 187,201
191,207 188,200
192,206 189,199
193,205 189,198
193,204 190,197
194,203 191,196
194,202 192,195
195,201 193,194
195,200 194,193
195,200 195,192
195,199 195,191
196,198 196,190
196,197 197,189
196,196 197,188
197,195 198,187
197,194 199,186
197,193 199,185
197,192 200,184
197,191 200,183
197,191 201,182
197,190 201,181
197,189 202,180
197,188 202,179
197,187 203,178
197,186 203,177
197,185 204,176
197,184 204,175
197,183 204,174
197,182 205,173
197,181 205,172
180,219 176,211
180,219 177,210
181,219 178,210
182,218 179,209
183,217 180,208
184,216 181,208
185,215 182,207
186,214 183,206
187,213 184,205
188,212 185,204
189,211 186,203
190,210 187,202
191,209 188,201
192,208 189,200
192,207 190,199
193,206 190,198
194,205 191,197
194,204 192,196
195,203 193,195
195,202 194,194
196,201 195,193
196,201 196,192
196,200 196,191
196,199 197,190
197,198 198,189
197,197 198,188
197,196 199,187
198,195 200,186
198,194 200,185
198,193 201,184
198,192 201,183
198,191 202,182
198,190 202,181
198,189 203,180
198,188 203,179
198,187 204,178
198,186 204,177
198,185 205,176
198,184 205,175
198,183 205,174
198,182 206,173
182,219 177,211
182,219 178,211
183,218 179,210
184,217 180,209
185,216 181,209
186,215 182,208
187,214 183,207
188,213 184,206
189,212 185,205
190,211 186,204
191,210 187,203
191,210 188,202
192,209 189,201
193,208 190,200
193,207 191,199
194,206 191,198
195,205 192,197
195,204 193,196
196,203 194,195
196,202 195,194
197,201 196,193
197,201 197,192
197,200 197,191
197,199 198,190
198,198 199,189
198,197 199,188
198,196 200,187
199,195 201,186
199,194 201,185
199,193 202,184
199,192 202,183
199,192 203,182
199,191 203,181
199,190 204,180
199,189 204,179
199,188 205,178
199,187 205,177
199,186 206,176
199,185 206,175
199,184 206,174
199,183 207,173
182,220 177,212
182,220 178,212
183,219 179,211
184,218 180,210
185,217 181,210
186,216 182,209
187,215 183,208
188,214 184,207
189,213 185,206
190,212 186,205
191,211 187,204
191,211 188,203
192,210 189,202
193,209 190,201
194,208 191,200
194,207 192,199
195,206 192,198
196,205 193,197
196,204 194,196
197,203 195,195
197,202 196,194
197,202 197,193
198,201 198,192
198,200 198,191
198,199 199,190
199,198 200,189
199,197 200,188
199,196 201,187
200,195 202,186
200,194 202,185
200,193 203,184
200,193 203,183
200,192 204,182
200,191 204,181
200,190 205,180
200,189 205,179
200,188 206,178
200,187 206,177
200,186 207,176
200,185 207,175
200,184 207,174
183,220 179,212
183,220 180,211
184,219 181,211
185,218 182,210
186,217 183,209
187,216 184,208
188,215 185,207
189,214 186,206
190,213 187,205
191,212 188,204
191,212 189,203
192,211 190,202
193,210 191,201
194,209 192,200
195,208 193,199
195,207 193,198
196,206 194,197
197,205 195,196
197,204 196,195
198,203 197,194
198,203 198,193
198,202 199,192
199,201 199,191
199,200 200,190
199,199 201,189
200,198 201,188
200,197 202,187
200,196 203,186
201,195 203,185
201,194 204,184
201,194 204,183
201,193 205,182
201,192 205,181
201,191 206,180
201,190 206,179
201,189 207,178
201,188 207,177
201,187 208,176
201,186 208,175
201,185 208,174
183,221 180,212
183,221 181,212
184,220 182,211
185,219 183,210
186,218 184,209
187,217 185,208
188,216 186,207
189,215 187,206
190,214 188,205
191,213 189,204
192,212 190,203
193,211 191,202
194,210 192,201
194,210 193,200
195,209 194,199
196,208 194,198
196,207 195,197
197,206 196,196
198,205 197,195
198,204 198,194
199,203 199,193
199,202 200,192
200,201 200,191
200,200 201,190
200,199 202,189
201,198 202,188
201,198 203,187
201,197 204,186
201,196 204,185
202,195 205,184
202,194 205,183
202,193 206,182
202,192 206,181
202,191 207,180
202,190 207,179
202,189 208,178
202,188 208,177
202,187 209,176
202,186 209,175
183,221 182,212
183,221 183,211
184,220 184,210
185,219 185,209
186,218 186,208
187,217 187,207
188,216 188,206
189,215 189,205
190,214 190,204
191,213 191,203
192,212 192,202
193,211 193,201
194,210 194,200
195,209 195,199
196,208 195,198
196,207 196,197
197,206 197,196
198,205 198,195
198,204 199,194
198,204 200,193
199,203 201,192
199,202 201,191
200,201 202,190
200,200 203,189
200,199 203,188
201,198 204,187
201,197 205,186
201,196 205,185
202,195 206,184
202,194 206,183
202,193 207,182
202,192 207,181
202,191 208,180
202,190 208,179
202,189 209,178
202,188 209,177
202,187 210,176
202,186 210,175
184,221 182,213
184,221 183,212
185,220 184,211
186,219 185,210
187,218 186,209
188,217 187,208
189,216 188,207
190,215 189,206
191,214 190,205
192,213 191,204
192,213 192,203
193,212 193,202
194,211 194,201
195,210 195,200
196,209 196,199
197,208 196,198
197,207 197,197
198,206 198,196
199,205 199,195
199,204 200,194
199,204 201,193
200,203 202,192
200,202 202,191
201,201 203,190
201,200 204,189
201,199 204,188
202,198 205,187
202,197 206,186
202,196 206,185
202,196 207,184
203,195 207,183
203,194 208,182
203,193 208,181
203,192 209,180
203,191 209,179
203,190 210,178
203,189 210,177
203,188 211,176
203,187 211,175
185,221 183,213
185,221 184,212
186,220 185,211
187,219 186,210
188,218 187,209
189,217 188,208
190,216 189,207
191,215 190,206
192,214 191,205
193,213 192,204
193,213 193,203
194,212 194,202
195,211 195,201
196,210 196,200
197,209 197,199
198,208 197,198
198,207 198,197
199,206 199,196
200,205 200,195
200,205 201,194
200,204 202,193
201,203 203,192
201,202 203,191
202,201 204,190
202,200 205,189
202,199 205,188
203,198 206,187
203,197 207,186
203,197 207,185
203,196 208,184
204,195 208,183
204,194 209,182
204,193 209,181
204,192 210,180
204,191 210,179
204,190 211,178
204,189 211,177
204,188 212,176
185,222 184,213
185,222 185,212
186,221 186,211
187,220 187,210
188,219 188,209
189,218 189,208
190,217 190,207
191,216 191,206
192,215 192,205
193,214 193,204
194,213 194,203
195,212 195,202
196,211 196,201
196,211 197,200
197,210 198,199
198,209 198,198
199,208 199,197
199,207 200,196
200,206 201,195
201,205 202,194
201,204 203,193
202,203 204,192
202,202 204,191
203,201 205,190
203,200 206,189
203,200 206,188
203,199 207,187
204,198 208,186
204,197 208,185
204,196 209,184
205,195 209,183
205,194 210,182
205,193 210,181
205,192 211,180
205,191 211,179
205,190 212,178
205,189 212,177
186,222 185,213
186,222 186,212
187,221 187,211
188,220 188,210
189,219 189,209
190,218 190,208
191,217 191,207
192,216 192,206
193,215 193,205
194,214 194,204
194,214 195,203
195,213 196,202
196,212 197,201
197,211 198,200
198,210 199,199
199,209 199,198
200,208 200,197
200,207 201,196
201,206 202,195
201,206 203,194
202,205 204,193
202,204 205,192
203,203 205,191
203,202 206,190
204,201 207,189
204,200 207,188
204,199 208,187
205,198 209,186
205,198 209,185
205,197 210,184
205,196 210,183
206,195 211,182
206,194 211,181
206,193 212,180
206,192 212,179
206,191 213,178
206,190 213,177
187,222 186,213
187,222 187,212
188,221 188,211
189,220 189,210
190,219 190,209
191,218 191,208
192,217 192,207
193,216 193,206
194,215 194,205
195,214 195,204
196,213 196,203
197,212 197,202
197,212 198,201
198,211 199,200
199,210 200,199
200,209 200,198
201,208 201,197
201,207 202,196
202,206 203,195
203,205 204,194
203,204 205,193
204,203 206,192
204,202 206,191
205,201 207,190
205,201 208,189
205,200 208,188
205,199 209,187
206,198 210,186
206,197 210,185
206,196 211,184
207,195 211,183
207,194 212,182
207,193 212,181
207,192 213,180
207,191 213,179
207,190 214,178
187,223 187,213
187,223 188,212
188,222 189,211
189,221 190,210
190,220 191,209
191,219 192,208
192,218 193,207
193,217 194,206
194,216 195,205
195,215 196,204
196,214 197,203
197,213 198,202
198,212 199,201
199,211 200,200
200,210 201,199
201,209 201,198
202,208 202,197
202,207 203,196
202,207 204,195
203,206 205,194
204,205 206,193
204,204 207,192
205,203 207,191
205,202 208,190
206,201 209,189
206,200 209,188
206,199 210,187
207,198 211,186
207,197 211,185
207,196 212,184
208,195 212,183
208,194 213,182
208,193 213,181
208,192 214,180
208,191 214,179
187,223 187,214
187,223 188,213
188,222 189,212
189,221 190,211
190,220 191,210
191,219 192,209
192,218 193,208
193,217 194,207
194,216 195,206
195,215 196,205
196,214 197,204
197,213 198,203
197,213 199,202
198,212 200,201
199,211 201,200
200,210 202,199
201,209 202,198
202,208 203,197
202,207 204,196
203,206 205,195
204,205 206,194
204,204 207,193
205,203 208,192
205,202 208,191
205,202 209,190
206,201 210,189
206,200 210,188
206,199 211,187
207,198 212,186
207,197 212,185
207,196 213,184
208,195 213,183
208,194 214,182
208,193 214,181
208,192 215,180
208,191 215,179
188,223 188,214
188,223 189,213
189,222 190,212
190,221 191,211
191,220 192,210
192,219 193,209
193,218 194,208
194,217 195,207
195,216 196,206
195,216 197,205
196,215 198,204
197,214 199,203
198,213 200,202
199,212 201,201
200,211 202,200
201,210 203,199
202,209 203,198
203,208 204,197
203,208 205,196
203,207 206,195
204,206 207,194
205,205 208,193
205,204 209,192
206,203 209,191
206,202 210,190
207,201 211,189
207,200 211,188
207,200 212,187
207,199 213,186
208,198 213,185
208,197 214,184
208,196 214,183
209,195 215,182
209,194 215,181
209,193 216,180
209,192 216,179
189,223 189,214
189,223 190,213
190,222 191,212
191,221 192,211
192,220 193,210
193,219 194,209
194,218 195,208
195,217 196,207
196,216 197,206
196,216 198,205
197,215 199,204
198,214 200,203
199,213 201,202
200,212 202,201
201,211 203,200
202,210 204,199
203,209 204,198
204,208 205,197
204,208 206,196
204,207 207,195
205,206 208,194
206,205 209,193
206,204 210,192
207,203 210,191
207,202 211,190
208,201 212,189
208,201 212,188
208,200 213,187
208,199 214,186
209,198 214,185
209,197 215,184
209,196 215,183
210,195 216,182
210,194 216,181
210,193 217,180
189,224 190,214
189,224 191,213
190,223 192,212
191,222 193,211
192,221 194,210
193,220 195,209
194,219 196,208
195,218 197,207
196,217 198,206
197,216 199,205
198,215 200,204
199,214 201,203
200,213 202,202
201,212 203,201
202,211 204,200
203,210 205,199
204,209 205,198
204,209 206,197
205,208 207,196
205,207 208,195
206,206 209,194
207,205 210,193
207,204 211,192
208,203 211,191
208,202 212,190
209,201 213,189
209,200 213,188
209,199 214,187
210,198 215,186
210,197 215,185
210,196 216,184
211,195 216,183
211,194 217,182
211,193 217,181
190,224 191,214
190,224 192,213
191,223 193,212
192,222 194,211
193,221 195,210
194,220 196,209
195,219 197,208
196,218 198,207
197,217 199,206
198,216 200,205
199,215 201,204
200,214 202,203
200,214 203,202
201,213 204,201
202,212 205,200
203,211 206,199
204,210 206,198
205,209 207,197
206,208 208,196
206,207 209,195
207,206 210,194
208,205 211,193
208,204 212,192
208,204 212,191
209,203 213,190
209,202 214,189
210,201 214,188
210,200 215,187
210,199 216,186
211,198 216,185
211,197 217,184
211,196 217,183
212,195 218,182
212,194 218,181
191,224 191,215
191,224 192,214
192,223 193,213
193,222 194,212
194,221 195,211
195,220 196,210
196,219 197,209
197,218 198,208
198,217 199,207
198,217 200,206
199,216 201,205
200,215 202,204
201,214 203,203
202,213 204,202
203,212 205,201
204,211 206,200
205,210 207,199
205,210 207,198
206,209 208,197
207,208 209,196
207,207 210,195
208,206 211,194
209,205 212,193
209,204 213,192
210,203 213,191
210,203 214,190
210,202 215,189
211,201 215,188
211,200 216,187
211,199 217,186
212,198 217,185
212,197 218,184
212,196 218,183
213,195 219,182
191,225 192,215
191,225 193,214
192,224 194,213
193,223 195,212
194,222 196,211
195,221 197,210
196,220 198,209
197,219 199,208
198,218 200,207
199,217 201,206
200,216 202,205
200,216 203,204
201,215 204,203
202,214 205,202
203,213 206,201
204,212 207,200
205,211 208,199
206,210 208,198
207,209 209,197
208,208 210,196
208,207 211,195
209,206 212,194
209,206 213,193
210,205 214,192
210,204 214,191
211,203 215,190
211,202 216,189
212,201 216,188
212,200 217,187
212,199 218,186
213,198 218,185
213,197 219,184
213,196 219,183
191,225 193,215
191,225 194,214
192,224 195,213
193,223 196,212
194,222 197,211
195,221 198,210
196,220 199,209
197,219 200,208
198,218 201,207
199,217 202,206
200,216 203,205
200,216 204,204
201,215 205,203
202,214 206,202
203,213 207,201
204,212 208,200
205,211 209,199
206,210 209,198
207,209 210,197
208,208 211,196
208,207 212,195
209,206 213,194
209,206 214,193
210,205 215,192
210,204 215,191
211,203 216,190
211,202 217,189
212,201 217,188
212,200 218,187
212,199 219,186
213,198 219,185
213,197 220,184
213,196 220,183
192,225 194,215
192,225 195,214
193,224 196,213
194,223 197,212
195,222 198,211
196,221 199,210
197,220 200,209
198,219 201,208
199,218 202,207
200,217 203,206
201,216 204,205
202,215 205,204
203,214 206,203
204,213 207,202
205,212 208,201
206,211 209,200
206,211 210,199
207,210 210,198
208,209 211,197
209,208 212,196
209,207 213,195
210,206 214,194
211,205 215,193
211,204 216,192
212,203 216,191
212,202 217,190
213,201 218,189
213,200 218,188
213,199 219,187
214,198 220,186
214,197 220,185
214,196 221,184
192,226 195,215
192,226 196,214
193,225 197,213
194,224 198,212
195,223 199,211
196,222 200,210
197,221 201,209
198,220 202,208
199,219 203,207
200,218 204,206
201,217 205,205
202,216 206,204
203,215 207,203
204,214 208,202
205,213 209,201
206,212 210,200
207,211 211,199
208,210 211,198
209,209 212,197
210,208 213,196
210,207 214,195
211,206 215,194
212,205 216,193
212,204 217,192
213,203 217,191
213,202 218,190
214,201 219,189
214,200 219,188
214,199 220,187
215,198 221,186
215,197 221,185
193,226 195,216
193,226 196,215
194,225 197,214
195,224 198,213
196,223 199,212
197,222 200,211
198,221 201,210
199,220 202,209
200,219 203,208
201,218 204,207
202,217 205,206
203,216 206,205
204,215 207,204
205,214 208,203
206,213 209,202
207,212 210,201
207,212 211,200
208,211 212,199
209,210 212,198
210,209 213,197
211,208 214,196
211,207 215,195
212,206 216,194
213,205 217,193
213,204 218,192
214,203 218,191
214,202 219,190
215,201 220,189
215,200 220,188
215,199 221,187
216,198 222,186
216,197 222,185
194,226 196,216
194,226 197,215
195,225 198,214
196,224 199,213
197,223 200,212
198,222 201,211
199,221 202,210
200,220 203,209
201,219 204,208
202,218 205,207
203,217 206,206
204,216 207,205
205,215 208,204
206,214 209,203
207,213 210,202
208,212 211,201
208,212 212,200
209,211 213,199
210,210 213,198
211,209 214,197
212,208 215,196
212,207 216,195
213,206 217,194
214,205 218,193
214,204 219,192
215,203 219,191
215,202 220,190
216,201 221,189
216,200 221,188
216,199 222,187
217,198 223,186
195,226 197,216
195,226 198,215
196,225 199,214
197,224 200,213
198,223 201,212
199,222 202,211
200,221 203,210
201,220 204,209
202,219 205,208
203,218 206,207
204,217 207,206
205,216 208,205
206,215 209,204
207,214 210,203
208,213 211,202
208,213 212,201
209,212 213,200
210,211 214,199
211,210 214,198
212,209 215,197
213,208 216,196
213,207 217,195
214,206 218,194
215,205 219,193
215,204 220,192
216,203 220,191
216,202 221,190
217,201 222,189
217,200 222,188
217,199 223,187
195,227 198,216
196,226 199,215
197,225 200,214
198,224 201,213
199,223 202,212
200,222 203,211
201,221 204,210
202,220 205,209
203,219 206,208
204,218 207,207
205,217 208,206
206,216 209,205
207,215 210,204
208,214 211,203
209,213 212,202
210,212 213,201
211,211 214,200
212,210 215,199
213,209 215,198
214,208 216,197
214,207 217,196
215,206 218,195
216,205 219,194
216,204 220,193
217,203 221,192
217,202 221,191
218,201 222,190
218,200 223,189
218,199 223,188
195,227 199,216
196,226 200,215
197,225 201,214
198,224 202,213
199,223 203,212
200,222 204,211
201,221 205,210
202,220 206,209
203,219 207,208
204,218 208,207
205,217 209,206
206,216 210,205
207,215 211,204
208,214 212,203
209,213 213,202
210,212 214,201
211,211 215,200
212,210 216,199
213,209 216,198
214,208 217,197
214,207 218,196
215,206 219,195
216,205 220,194
216,204 221,193
217,203 222,192
217,202 222,191
218,201 223,190
218,200 224,189
218,199 224,188
196,227 200,216
197,226 200,216
198,225 201,215
199,224 202,214
200,223 203,213
201,222 204,212
202,221 205,211
203,220 206,210
204,219 207,209
205,218 208,208
206,217 209,207
207,216 210,206
208,215 211,205
209,214 212,204
210,213 213,203
211,212 214,202
212,211 215,201
213,210 216,200
214,209 217,199
215,208 217,198
215,207 218,197
216,206 219,196
217,205 220,195
217,204 221,194
218,203 222,193
218,202 223,192
219,201 223,191
219,200 224,190
197,227 200,217
197,227 201,216
198,226 202,215
199,225 203,214
200,224 204,213
201,223 205,212
202,222 206,211
203,221 207,210
204,220 208,209
205,219 209,208
206,218 210,207
207,217 211,206
208,216 212,205
209,215 213,204
210,214 214,203
211,213 215,202
212,212 216,201
213,211 217,200
214,210 218,199
215,209 218,198
216,208 219,197
216,207 220,196
217,206 221,195
218,205 222,194
218,204 223,193
219,203 224,192
219,202 224,191
220,201 225,190
198,227 201,217
198,227 202,216
199,226 203,215
200,225 204,214
201,224 205,213
202,223 206,212
203,222 207,211
204,221 208,210
205,220 209,209
206,219 210,208
207,218 211,207
208,217 212,206
209,216 213,205
210,215 214,204
211,214 215,203
212,213 216,202
213,212 217,201
214,211 218,200
215,210 219,199
216,209 219,198
217,208 220,197
217,207 221,196
218,206 222,195
219,205 223,194
219,204 224,193
220,203 225,192
220,202 225,191
199,227 202,217
200,226 203,216
201,225 204,215
202,224 205,214
203,223 206,213
204,222 207,212
205,221 208,211
206,220 209,210
207,219 210,209
208,218 211,208
209,217 212,207
210,216 213,206
211,215 214,205
212,214 215,204
213,213 216,203
214,212 217,202
215,211 218,201
216,210 219,200
217,209 220,199
218,208 220,198
218,207 221,197
219,206 222,196
220,205 223,195
220,204 224,194
221,203 225,193
221,202 226,192
199,228 203,217
200,227 204,216
201,226 205,215
202,225 206,214
203,224 207,213
204,223 208,212
205,222 209,211
206,221 210,210
207,220 211,209
208,219 212,208
209,218 213,207
210,217 214,206
211,216 215,205
212,215 216,204
213,214 217,203
214,213 218,202
215,212 219,201
216,211 220,200
217,210 221,199
218,209 221,198
219,208 222,197
219,207 223,196
220,206 224,195
221,205 225,194
221,204 226,193
199,228 204,217
200,227 204,217
201,226 205,216
202,225 206,215
203,224 207,214
204,223 208,213
205,222 209,212
206,221 210,211
207,220 211,210
208,219 212,209
209,218 213,208
210,217 214,207
211,216 215,206
212,215 216,205
213,214 217,204
214,213 218,203
215,212 219,202
216,211 220,201
217,210 221,200
218,209 222,199
219,208 222,198
219,207 223,197
220,206 224,196
221,205 225,195
221,204 226,194
200,228 205,217
201,227 205,217
202,226 206,216
203,225 207,215
204,224 208,214
205,223 209,213
206,222 210,212
207,221 211,211
208,220 212,210
209,219 213,209
210,218 214,208
211,217 215,207
212,216 216,206
213,215 216,206
214,214 217,205
215,213 218,204
216,212 219,203
217,211 220,202
218,210 221,201
219,209 222,200
220,208 223,199
220,207 223,198
221,206 224,197
222,205 225,196
222,204 226,195
201,228 205,218
202,227 206,217
203,226 207,216
204,225 208,215
205,224 209,214
206,223 210,213
207,222 211,212
208,221 212,211
209,220 213,210
210,219 214,209
211,218 215,208
212,217 216,207
213,216 217,206
214,215 218,205
215,214 219,204
216,213 220,203
217,212 221,202
218,211 222,201
219,210 223,200
220,209 224,199
221,208 224,198
221,207 225,197
222,206 226,196
201,229 206,218
202,228 206,218
203,227 207,217
204,226 208,216
205,225 209,215
206,224 210,214
207,223 211,213
208,222 212,212
209,221 213,211
210,220 214,210
211,219 215,209
212,218 216,208
213,217 217,207
214,216 218,206
215,215 219,205
216,214 220,204
217,213 221,203
218,212 222,202
219,211 223,201
220,210 224,200
221,209 225,199
222,208 225,198
222,207 226,197
223,206 227,196
202,229 207,218
203,228 207,218
204,227 208,217
205,226 209,216
206,225 210,215
207,224 211,214
208,223 212,213
209,222 213,212
210,221 214,211
211,220 215,210
212,219 216,209
213,218 217,208
214,217 218,207
215,216 219,206
216,215 220,205
217,214 221,204
218,213 222,203
219,212 223,202
220,211 224,201
221,210 225,200
222,209 226,199
223,208 226,198
223,207 227,197
203,229 208,218
204,228 208,218
205,227 209,217
206,226 210,216
207,225 211,215
208,224 212,214
209,223 213,213
210,222 214,212
211,221 215,211
212,220 216,210
213,219 217,209
214,218 218,208
215,217 219,207
216,216 220,206
217,215 221,205
218,214 222,204
219,213 223,203
220,212 224,202
221,211 225,201
222,210 226,200
223,209 227,199
224,208 227,198
204,229 209,218
205,228 209,218
206,227 210,217
207,226 211,216
208,225 212,215
209,224 213,214
210,223 214,213
211,222 215,212
212,221 216,211
213,220 217,210
214,219 218,209
215,218 218,209
216,217 219,208
217,216 220,207
218,215 221,206
219,214 222,205
220,213 223,204
221,212 224,203
222,211 225,202
223,210 226,201
224,209 227,200
204,229 210,218
205,228 210,218
206,227 211,217
207,226 212,216
208,225 213,215
209,224 214,214
210,223 215,213
211,222 215,213
212,221 216,212
213,220 217,211
214,219 218,210
215,218 219,209
216,217 220,208
217,216 221,207
218,215 221,207
219,214 222,206
220,213 223,205
221,212 224,204
222,211 225,203
223,210 226,202
224,209 227,201
204,230 211,218
205,229 211,218
206,228 212,217
207,227 213,216
208,226 214,215
209,225 215,214
210,224 215,214
211,223 216,213
212,222 217,212
213,221 218,211
214,220 219,210
215,219 219,210
216,218 220,209
217,217 221,208
218,216 222,207
219,215 223,206
220,214 223,206
221,213 224,205
222,212 225,204
223,211 226,203
224,210 227,202
205,230 211,219
206,229 211,219
207,228 212,218
208,227 213,217
209,226 214,216
210,225 215,215
211,224 216,214
212,223 216,214
213,222 217,213
214,221 218,212
215,220 219,211
216,219 220,210
217,218 221,209
218,217 221,209
219,216 222,208
220,215 223,207
221,214 224,206
222,213 225,205
223,212 226,204
224,211 227,203
206,230 212,219
207,229 212,219
208,228 213,218
209,227 214,217
210,226 215,216
211,225 215,216
212,224 216,215
213,223 217,214
214,222 218,213
215,221 219,212
216,220 219,212
217,219 220,211
218,218 221,210
219,217 222,209
220,216 223,208
221,215 223,208
222,214 224,207
223,213 225,206
224,212 226,205
225,211 227,204
207,230 213,219
208,229 213,219
209,228 214,218
210,227 215,217
211,226 215,217
212,225 216,216
213,224 217,215
214,223 218,214
215,222 218,214
216,221 219,213
217,220 220,212
218,219 220,212
219,218 221,211
220,217 222,210
221,216 223,209
222,215 223,209
223,214 224,208
224,213 225,207
225,212 226,206
208,230 214,219
209,229 214,219
210,228 215,218
211,227 216,217
212,226 216,217
213,225 217,216
214,224 218,215
215,223 218,215
216,222 219,214
217,221 220,213
218,220 221,212
219,219 221,212
220,218 222,211
221,217 223,210
222,216 223,210
223,215 224,209
224,214 225,208
225,213 226,207
208,231 215,219
209,230 215,219
210,229 216,218
211,228 216,218
212,227 217,217
213,226 218,216
214,225 218,216
215,224 219,215
216,223 220,214
217,222 220,214
218,221 221,213
219,220 222,212
220,219 222,212
221,218 223,211
222,217 224,210
223,216 224,210
224,215 225,209
225,214 226,208
208,231 216,219
209,230 216,219
210,229 217,218
211,228 217,218
212,227 218,217
213,226 218,217
214,225 219,216
215,224 219,216
216,223 220,215
217,222 220,215
218,221 221,214
219,220 221,214
220,219 222,213
221,218 222,213
222,217 223,212
223,216 223,212
224,215 224,211
225,214 225,210
209,231 217,219
210,230 217,219
211,229 218,218
212,228 218,218
213,227 219,217
214,226 219,217
215,225 220,216
216,224 220,216
217,223 221,215
218,222 221,215
219,221 222,214
220,220 222,214
221,219 223,213
222,218 223,213
223,217 224,212
224,216 224,212
225,215 225,211
210,231 218,219
211,230 218,219
212,229 218,219
213,228 219,218
214,227 219,218
215,226 220,217
216,225 220,217
217,224 221,216
218,223 221,216
219,222 222,215
220,221 222,215
221,220 223,214
222,219 223,214
223,218 224,213
224,217 224,213
225,216 225,212
211,231 219,219
212,230 219,219
213,229 219,219
214,228 220,218
215,227 220,218
216,226 221,217
217,225 221,217
218,224 222,216
219,223 222,216
220,222 222,216
221,221 223,215
222,220 223,215
223,219 224,214
224,218 224,214
225,217 225,213
212,231 221,218
213,230 221,218
214,229 221,218
215,228 222,217
216,227 222,217
217,226 222,217
218,225 223,216
219,224 223,216
220,223 223,216
221,222 224,215
222,221 224,215
223,220 224,215
224,219 225,214
213,231 222,218
214,230 222,218
215,229 222,218
216,228 222,218
217,227 222,218
218,226 223,217
219,225 223,217
220,224 223,217
221,223 223,217
222,222 224,216
215,230 223,218
216,229 223,218
217,228 223,218
218,227 223,218
219,226 223,218
220,225 224,217
