162,88 181,77
162,89 181,77
162,90 181,77
162,91 182,78
163,92 182,78
163,93 183,79
163,94 183,79
163,95 184,80
164,96 184,80
164,97 185,80
164,98 185,80
164,99 186,81
165,100 186,81
165,101 187,82
165,102 187,82
165,103 187,82
166,104 188,82
166,105 188,82
166,106 189,83
166,107 189,83
166,108 190,84
167,109 190,84
167,110 191,85
167,111 191,85
167,112 192,86
168,113 192,86
168,114 193,87
168,115 193,87
168,116 193,87
168,117 194,88
168,118 194,88
168,119 195,89
169,120 195,89
169,121 196,90
169,122 196,90
169,123 197,91
169,124 197,91
169,125 198,92
170,126 198,92
170,127 199,93
171,128 199,93
172,128 199,94
162,88 181,78
162,89 181,78
162,90 181,78
162,91 182,79
163,92 182,79
163,93 183,80
163,94 183,80
163,95 184,81
164,96 184,81
164,97 184,81
164,98 185,81
164,99 185,81
165,100 186,82
165,101 186,82
165,102 187,83
165,103 187,83
166,104 188,83
166,105 188,83
166,106 188,83
166,107 189,84
166,108 189,84
167,109 190,85
167,110 190,85
167,111 191,86
167,112 191,86
168,113 191,86
168,114 192,87
168,115 192,87
168,116 193,88
168,117 193,88
168,118 194,89
168,119 194,89
169,120 195,90
169,121 195,90
169,122 195,90
169,123 196,91
169,124 196,91
169,125 197,92
170,126 197,92
170,127 198,93
171,128 198,93
172,128 198,94
162,88 181,79
162,89 181,79
162,90 181,79
162,91 182,80
163,92 182,80
163,93 183,81
163,94 183,81
163,95 184,82
164,96 184,82
164,97 184,82
164,98 185,82
164,99 185,82
165,100 186,83
165,101 186,83
165,102 187,84
165,103 187,84
166,104 188,84
166,105 188,84
166,106 188,84
166,107 189,85
166,108 189,85
167,109 190,86
167,110 190,86
167,111 191,87
167,112 191,87
168,113 191,87
168,114 192,88
168,115 192,88
168,116 193,89
168,117 193,89
168,118 194,90
168,119 194,90
169,120 195,91
169,121 195,91
169,122 195,91
169,123 196,92
169,124 196,92
169,125 197,93
170,126 197,93
170,127 197,94
171,128 197,94
172,128 198,95
162,88 182,81
162,89 182,81
162,90 182,81
162,91 183,82
163,92 183,82
163,93 183,82
163,94 184,83
163,95 184,83
164,96 185,83
164,97 185,83
164,98 185,83
164,99 186,84
165,100 186,84
165,101 187,85
165,102 187,85
165,103 187,85
166,104 188,85
166,105 188,85
166,106 189,86
166,107 189,86
166,108 189,86
167,109 190,87
167,110 190,87
167,111 190,87
167,112 191,88
168,113 191,88
168,114 192,89
168,115 192,89
168,116 192,89
168,117 193,90
168,118 193,90
168,119 194,91
169,120 194,91
169,121 194,91
169,122 195,92
169,123 195,92
169,124 196,93
169,125 196,93
170,126 196,93
170,127 196,94
171,128 196,94
172,128 197,95
162,88 182,82
162,89 182,82
162,90 182,82
162,91 183,83
163,92 183,83
163,93 183,83
163,94 184,84
163,95 184,84
164,96 185,84
164,97 185,84
164,98 185,84
164,99 186,85
165,100 186,85
165,101 187,86
165,102 187,86
165,103 187,86
166,104 188,86
166,105 188,86
166,106 189,87
166,107 189,87
166,108 189,87
167,109 190,88
167,110 190,88
167,111 190,88
167,112 191,89
168,113 191,89
168,114 192,90
168,115 192,90
168,116 192,90
168,117 193,91
168,118 193,91
168,119 194,92
169,120 194,92
169,121 194,92
169,122 195,93
169,123 195,93
169,124 195,94
169,125 195,94
170,126 195,94
170,127 196,95
171,128 196,95
172,128 197,96
162,88 183,84
162,89 183,84
162,90 183,84
162,91 184,85
163,92 184,85
163,93 184,85
163,94 185,85
163,95 185,85
164,96 185,85
164,97 186,86
164,98 186,86
164,99 186,86
165,100 187,87
165,101 187,87
165,102 187,87
165,103 188,87
166,104 188,87
166,105 188,87
166,106 189,88
166,107 189,88
166,108 189,88
167,109 190,89
167,110 190,89
167,111 190,89
167,112 191,90
168,113 191,90
168,114 191,90
168,115 192,91
168,116 192,91
168,117 192,91
168,118 193,92
168,119 193,92
169,120 193,92
169,121 194,93
169,122 194,93
169,123 194,93
169,124 194,94
169,125 194,94
170,126 194,94
170,127 195,95
171,128 195,95
172,128 196,96
161,88 183,85
161,89 183,85
161,90 183,85
161,91 184,86
162,92 184,86
162,93 184,86
162,94 185,86
162,95 185,86
163,96 185,86
163,97 186,87
163,98 186,87
163,99 186,87
164,100 187,88
164,101 187,88
164,102 187,88
164,103 188,88
165,104 188,88
165,105 188,88
165,106 189,89
165,107 189,89
165,108 190,90
166,109 190,90
166,110 190,90
166,111 191,91
166,112 191,91
167,113 191,91
167,114 192,92
167,115 192,92
167,116 192,92
167,117 193,93
167,118 193,93
167,119 193,93
168,120 193,94
168,121 193,94
168,122 193,94
168,123 194,95
168,124 194,95
168,125 194,95
169,126 195,96
169,127 195,96
170,128 196,97
161,88 183,86
161,89 183,86
161,90 183,86
161,91 183,86
162,92 184,87
162,93 184,87
162,94 184,87
162,95 185,87
163,96 185,87
163,97 185,87
163,98 186,88
163,99 186,88
164,100 186,88
164,101 187,89
164,102 187,89
164,103 187,89
165,104 188,89
165,105 188,89
165,106 188,89
165,107 189,90
165,108 189,90
166,109 189,90
166,110 190,91
166,111 190,91
166,112 190,91
167,113 191,92
167,114 191,92
167,115 191,92
167,116 192,93
167,117 192,93
167,118 192,93
167,119 192,94
168,120 192,94
168,121 192,94
168,122 193,95
168,123 193,95
168,124 193,95
168,125 194,96
169,126 194,96
169,127 194,96
170,128 195,97
161,88 183,87
161,89 183,87
161,90 183,87
161,91 183,87
162,92 184,88
162,93 184,88
162,94 184,88
162,95 185,88
163,96 185,88
163,97 185,88
163,98 186,89
163,99 186,89
164,100 186,89
164,101 186,89
164,102 187,90
164,103 187,90
165,104 187,90
165,105 188,90
165,106 188,90
165,107 188,90
165,108 189,91
166,109 189,91
166,110 189,91
166,111 189,91
166,112 190,92
167,113 190,92
167,114 190,92
167,115 191,93
167,116 191,93
167,117 191,93
167,118 191,94
167,119 191,94
168,120 191,94
168,121 191,94
168,122 192,95
168,123 192,95
168,124 192,95
168,125 193,96
169,126 193,96
169,127 193,96
170,128 194,97
161,88 183,88
161,89 183,88
161,90 183,88
161,91 183,88
162,92 184,89
162,93 184,89
162,94 184,89
162,95 185,89
163,96 185,89
163,97 185,89
163,98 186,90
163,99 186,90
164,100 186,90
164,101 186,90
164,102 187,91
164,103 187,91
165,104 187,91
165,105 188,91
165,106 188,91
165,107 188,91
165,108 189,92
166,109 189,92
166,110 189,92
166,111 189,92
166,112 190,93
167,113 190,93
167,114 190,93
167,115 190,94
167,116 190,94
167,117 190,94
167,118 191,95
167,119 191,95
168,120 191,95
168,121 191,95
168,122 192,96
168,123 192,96
168,124 192,96
168,125 193,97
169,126 193,97
169,127 193,97
170,128 194,98
161,88 183,89
161,89 183,89
161,90 183,89
161,91 183,89
162,92 184,90
162,93 184,90
162,94 184,90
162,95 184,90
163,96 185,90
163,97 185,90
163,98 185,90
163,99 186,91
164,100 186,91
164,101 186,91
164,102 186,91
164,103 187,92
165,104 187,92
165,105 187,92
165,106 187,92
165,107 188,92
165,108 188,92
166,109 188,92
166,110 189,93
166,111 189,93
166,112 189,93
167,113 189,93
167,114 189,94
167,115 189,94
167,116 189,94
167,117 189,94
167,118 190,95
167,119 190,95
168,120 190,95
168,121 191,96
168,122 191,96
168,123 191,96
168,124 191,96
168,125 192,97
169,126 192,97
169,127 192,97
170,128 193,98
160,89 183,90
160,90 183,90
160,91 183,90
161,92 183,90
161,93 184,91
161,94 184,91
161,95 184,91
162,96 184,91
162,97 185,91
162,98 185,91
162,99 185,91
163,100 185,91
163,101 186,92
163,102 186,92
163,103 186,92
164,104 186,92
164,105 187,93
164,106 187,93
164,107 187,93
164,108 187,93
165,109 188,94
165,110 188,94
165,111 188,94
165,112 188,94
166,113 189,95
166,114 189,95
166,115 189,95
166,116 189,95
166,117 190,96
166,118 190,96
166,119 190,96
167,120 190,96
167,121 191,97
167,122 191,97
167,123 191,97
167,124 191,97
167,125 192,98
168,126 192,98
168,127 192,98
169,128 193,99
160,89 183,91
160,90 183,91
160,91 183,91
161,92 183,91
161,93 183,91
161,94 184,92
161,95 184,92
162,96 184,92
162,97 184,92
162,98 185,92
162,99 185,92
163,100 185,92
163,101 185,92
163,102 186,93
163,103 186,93
164,104 186,93
164,105 186,93
164,106 186,93
164,107 187,94
164,108 187,94
165,109 187,94
165,110 187,94
165,111 188,95
165,112 188,95
166,113 188,95
166,114 188,95
166,115 189,96
166,116 189,96
166,117 189,96
166,118 189,96
166,119 189,96
167,120 190,97
167,121 190,97
167,122 190,97
167,123 190,97
167,124 191,98
167,125 191,98
168,126 191,98
168,127 191,98
169,128 192,99
160,89 183,92
160,90 183,92
160,91 183,92
161,92 183,92
161,93 183,92
161,94 184,93
161,95 184,93
162,96 184,93
162,97 184,93
162,98 184,93
162,99 185,93
163,100 185,93
163,101 185,93
163,102 185,93
163,103 185,93
164,104 186,94
164,105 186,94
164,106 186,94
164,107 186,94
164,108 186,94
165,109 187,95
165,110 187,95
165,111 187,95
165,112 187,95
166,113 187,95
166,114 188,96
166,115 188,96
166,116 188,96
166,117 188,96
166,118 188,96
166,119 189,97
167,120 189,97
167,121 189,97
167,122 189,97
167,123 189,97
167,124 190,98
167,125 190,98
168,126 190,98
168,127 190,98
169,128 191,99
160,89 183,93
160,90 183,93
160,91 183,93
161,92 183,93
161,93 183,93
161,94 184,94
161,95 184,94
162,96 184,94
162,97 184,94
162,98 184,94
162,99 185,94
163,100 185,94
163,101 185,94
163,102 185,94
163,103 185,94
164,104 186,95
164,105 186,95
164,106 186,95
164,107 186,95
164,108 186,95
165,109 187,96
165,110 187,96
165,111 187,96
165,112 187,96
166,113 187,96
166,114 188,97
166,115 188,97
166,116 188,97
166,117 188,97
166,118 188,97
166,119 189,98
167,120 189,98
167,121 189,98
167,122 189,98
167,123 189,98
167,124 190,99
167,125 190,99
168,126 190,99
168,127 190,99
169,128 191,100
160,89 183,94
160,90 183,94
160,91 183,94
161,92 183,94
161,93 183,94
161,94 183,94
161,95 184,95
162,96 184,95
162,97 184,95
162,98 184,95
162,99 184,95
163,100 184,95
163,101 185,95
163,102 185,95
163,103 185,95
164,104 185,95
164,105 185,95
164,106 186,96
164,107 186,96
164,108 186,96
165,109 186,96
165,110 186,96
165,111 186,96
165,112 187,97
166,113 187,97
166,114 187,97
166,115 187,97
166,116 187,97
166,117 188,98
166,118 188,98
166,119 188,98
167,120 188,98
167,121 188,98
167,122 188,98
167,123 189,99
167,124 189,99
167,125 189,99
168,126 189,99
168,127 189,99
169,128 190,100
159,91 182,94
160,92 182,94
160,93 182,94
160,94 182,94
160,95 182,94
161,96 183,95
161,97 183,95
161,98 183,95
161,99 183,95
162,100 183,95
162,101 184,96
162,102 184,96
162,103 184,96
163,104 184,96
163,105 185,96
163,106 185,96
163,107 185,96
163,108 185,96
164,109 185,96
164,110 186,97
164,111 186,97
164,112 186,97
165,113 186,97
165,114 186,97
165,115 187,98
165,116 187,98
165,117 187,98
165,118 187,98
165,119 188,99
166,120 188,99
166,121 188,99
166,122 188,99
166,123 188,99
166,124 189,100
166,125 189,100
167,126 189,100
167,127 189,100
168,128 190,101
159,91 182,95
160,92 182,95
160,93 182,95
160,94 182,95
160,95 182,95
161,96 182,95
161,97 183,96
161,98 183,96
161,99 183,96
162,100 183,96
162,101 183,96
162,102 184,97
162,103 184,97
163,104 184,97
163,105 184,97
163,106 184,97
163,107 185,97
163,108 185,97
164,109 185,97
164,110 185,97
164,111 185,97
164,112 185,97
165,113 186,98
165,114 186,98
165,115 186,98
165,116 186,98
165,117 186,98
165,118 187,99
165,119 187,99
166,120 187,99
166,121 187,99
166,122 187,99
166,123 188,100
166,124 188,100
166,125 188,100
167,126 188,100
167,127 188,100
168,128 189,101
159,91 182,96
160,92 182,96
160,93 182,96
160,94 182,96
160,95 182,96
161,96 182,96
161,97 183,97
161,98 183,97
161,99 183,97
162,100 183,97
162,101 183,97
162,102 184,98
162,103 184,98
163,104 184,98
163,105 184,98
163,106 184,98
163,107 185,98
163,108 185,98
164,109 185,98
164,110 185,98
164,111 185,98
164,112 185,98
165,113 186,99
165,114 186,99
165,115 186,99
165,116 186,99
165,117 186,99
165,118 187,100
165,119 187,100
166,120 187,100
166,121 187,100
166,122 187,100
166,123 188,101
166,124 188,101
166,125 188,101
167,126 188,101
167,127 188,101
168,128 189,102
159,91 181,96
160,92 181,96
160,93 181,96
160,94 181,96
160,95 181,96
161,96 181,96
161,97 182,97
161,98 182,97
161,99 182,97
162,100 182,97
162,101 182,97
162,102 183,98
162,103 183,98
163,104 183,98
163,105 183,98
163,106 183,98
163,107 184,99
163,108 184,99
164,109 184,99
164,110 184,99
164,111 184,99
164,112 184,99
165,113 185,99
165,114 185,99
165,115 185,99
165,116 185,99
165,117 185,99
165,118 186,100
165,119 186,100
166,120 186,100
166,121 186,100
166,122 186,100
166,123 187,101
166,124 187,101
166,125 187,101
167,126 187,101
167,127 187,101
168,128 188,102
159,91 181,97
160,92 181,97
160,93 181,97
160,94 181,97
160,95 181,97
161,96 181,97
161,97 181,97
161,98 182,98
161,99 182,98
162,100 182,98
162,101 182,98
162,102 182,98
162,103 182,98
163,104 183,99
163,105 183,99
163,106 183,99
163,107 183,99
163,108 183,99
164,109 183,99
164,110 184,100
164,111 184,100
164,112 184,100
165,113 184,100
165,114 184,100
165,115 184,100
165,116 185,100
165,117 185,100
165,118 185,100
165,119 185,100
166,120 185,100
166,121 185,100
166,122 186,101
166,123 186,101
166,124 186,101
166,125 186,101
167,126 186,101
167,127 186,101
168,128 187,102
159,91 181,98
160,92 181,98
160,93 181,98
160,94 181,98
160,95 181,98
161,96 181,98
161,97 181,98
161,98 182,99
161,99 182,99
162,100 182,99
162,101 182,99
162,102 182,99
162,103 182,99
163,104 183,100
163,105 183,100
163,106 183,100
163,107 183,100
163,108 183,100
164,109 183,100
164,110 184,101
164,111 184,101
164,112 184,101
165,113 184,101
165,114 184,101
165,115 184,101
165,116 185,101
165,117 185,101
165,118 185,101
165,119 185,101
166,120 185,101
166,121 185,101
166,122 186,102
166,123 186,102
166,124 186,102
166,125 186,102
167,126 186,102
167,127 186,102
168,128 187,103
159,92 180,98
159,93 180,98
159,94 180,98
159,95 180,98
160,96 180,98
160,97 180,98
160,98 181,99
160,99 181,99
161,100 181,99
161,101 181,99
161,102 181,99
161,103 181,99
162,104 182,100
162,105 182,100
162,106 182,100
162,107 182,100
162,108 182,100
163,109 182,100
163,110 183,101
163,111 183,101
163,112 183,101
164,113 183,101
164,114 183,101
164,115 183,101
164,116 184,102
164,117 184,102
164,118 184,102
164,119 184,102
165,120 184,102
165,121 184,102
165,122 185,102
165,123 185,102
165,124 185,102
165,125 185,102
166,126 185,102
166,127 185,102
167,128 186,103
159,92 180,99
159,93 180,99
159,94 180,99
159,95 180,99
160,96 180,99
160,97 180,99
160,98 181,100
160,99 181,100
161,100 181,100
161,101 181,100
161,102 181,100
161,103 181,100
162,104 182,101
162,105 182,101
162,106 182,101
162,107 182,101
162,108 182,101
163,109 182,101
163,110 183,102
163,111 183,102
163,112 183,102
164,113 183,102
164,114 183,102
164,115 183,102
164,116 184,103
164,117 184,103
164,118 184,103
164,119 184,103
165,120 184,103
165,121 184,103
165,122 185,103
165,123 185,103
165,124 185,103
165,125 185,103
166,126 185,103
166,127 185,103
167,128 186,104
159,92 179,99
159,93 179,99
159,94 179,99
159,95 179,99
160,96 179,99
160,97 179,99
160,98 180,100
160,99 180,100
161,100 180,100
161,101 180,100
161,102 180,100
161,103 180,100
162,104 181,101
162,105 181,101
162,106 181,101
162,107 181,101
162,108 181,101
163,109 181,101
163,110 182,102
163,111 182,102
163,112 182,102
164,113 182,102
164,114 182,102
164,115 182,102
164,116 183,103
164,117 183,103
164,118 183,103
164,119 183,103
165,120 183,103
165,121 183,103
165,122 184,104
165,123 184,104
165,124 184,104
165,125 184,104
166,126 184,104
166,127 184,104
167,128 185,104
159,92 179,100
159,93 179,100
159,94 179,100
159,95 179,100
160,96 179,100
160,97 179,100
160,98 179,100
160,99 179,100
161,100 180,101
161,101 180,101
161,102 180,101
161,103 180,101
162,104 180,101
162,105 180,101
162,106 180,101
162,107 181,102
162,108 181,102
163,109 181,102
163,110 181,102
163,111 181,102
163,112 181,102
164,113 181,102
164,114 182,103
164,115 182,103
164,116 182,103
164,117 182,103
164,118 182,103
164,119 182,103
165,120 182,103
165,121 183,104
165,122 183,104
165,123 183,104
165,124 183,104
165,125 183,104
166,126 183,104
166,127 183,104
167,128 184,105
159,92 179,101
159,93 179,101
159,94 179,101
159,95 179,101
160,96 179,101
160,97 179,101
160,98 179,101
160,99 179,101
161,100 179,101
161,101 180,102
161,102 180,102
161,103 180,102
162,104 180,102
162,105 180,102
162,106 180,102
162,107 180,102
162,108 180,102
163,109 180,102
163,110 181,103
163,111 181,103
163,112 181,103
164,113 181,103
164,114 181,103
164,115 181,103
164,116 181,103
164,117 181,103
164,118 181,103
164,119 182,104
165,120 182,104
165,121 182,104
165,122 182,104
165,123 182,104
165,124 182,104
165,125 182,104
166,126 182,104
166,127 182,104
167,128 183,105
158,92 178,101
158,93 178,101
158,94 178,101
158,95 178,101
159,96 178,101
159,97 178,101
159,98 178,101
159,99 178,101
160,100 179,102
160,101 179,102
160,102 179,102
160,103 179,102
161,104 179,102
161,105 179,102
161,106 179,102
161,107 180,103
161,108 180,103
162,109 180,103
162,110 180,103
162,111 180,103
162,112 180,103
163,113 180,103
163,114 181,104
163,115 181,104
163,116 181,104
163,117 181,104
163,118 181,104
163,119 181,104
164,120 181,104
164,121 182,105
164,122 182,105
164,123 182,105
164,124 182,105
164,125 182,105
165,126 182,105
165,127 182,105
166,128 183,106
158,92 178,102
158,93 178,102
158,94 178,102
158,95 178,102
159,96 178,102
159,97 178,102
159,98 178,102
159,99 178,102
160,100 178,102
160,101 179,103
160,102 179,103
160,103 179,103
161,104 179,103
161,105 179,103
161,106 179,103
161,107 179,103
161,108 179,103
162,109 179,103
162,110 180,104
162,111 180,104
162,112 180,104
163,113 180,104
163,114 180,104
163,115 180,104
163,116 180,104
163,117 180,104
163,118 180,104
163,119 181,105
164,120 181,105
164,121 181,105
164,122 181,105
164,123 181,105
164,124 181,105
164,125 181,105
165,126 181,105
165,127 181,105
166,128 182,106
158,92 177,102
158,93 177,102
158,94 177,102
158,95 177,102
159,96 177,102
159,97 177,102
159,98 177,102
159,99 177,102
160,100 177,102
160,101 178,103
160,102 178,103
160,103 178,103
161,104 178,103
161,105 178,103
161,106 178,103
161,107 178,103
161,108 178,103
162,109 178,103
162,110 179,104
162,111 179,104
162,112 179,104
163,113 179,104
163,114 179,104
163,115 179,104
163,116 179,104
163,117 179,104
163,118 179,104
163,119 180,105
164,120 180,105
164,121 180,105
164,122 180,105
164,123 180,105
164,124 180,105
164,125 180,105
165,126 180,105
165,127 180,105
166,128 181,106
158,92 177,103
158,93 177,103
158,94 177,103
158,95 177,103
159,96 177,103
159,97 177,103
159,98 177,103
159,99 177,103
160,100 177,103
160,101 178,104
160,102 178,104
160,103 178,104
161,104 178,104
161,105 178,104
161,106 178,104
161,107 178,104
161,108 178,104
162,109 178,104
162,110 179,105
162,111 179,105
162,112 179,105
163,113 179,105
163,114 179,105
163,115 179,105
163,116 179,105
163,117 179,105
163,118 179,105
163,119 180,106
164,120 180,106
164,121 180,106
164,122 180,106
164,123 180,106
164,124 180,106
164,125 180,106
165,126 180,106
165,127 180,106
166,128 181,107
158,92 176,103
158,93 176,103
158,94 176,103
158,95 176,103
159,96 176,103
159,97 176,103
159,98 176,103
159,99 176,103
160,100 176,103
160,101 177,104
160,102 177,104
160,103 177,104
161,104 177,104
161,105 177,104
161,106 177,104
161,107 177,104
161,108 177,104
162,109 177,104
162,110 178,105
162,111 178,105
162,112 178,105
163,113 178,105
163,114 178,105
163,115 178,105
163,116 178,105
163,117 178,105
163,118 178,105
163,119 179,106
164,120 179,106
164,121 179,106
164,122 179,106
164,123 179,106
164,124 179,106
164,125 179,106
165,126 179,106
165,127 179,106
166,128 180,107
157,93 176,104
157,94 176,104
157,95 176,104
158,96 176,104
158,97 176,104
158,98 176,104
158,99 176,104
159,100 176,104
159,101 176,104
159,102 177,105
159,103 177,105
160,104 177,105
160,105 177,105
160,106 177,105
160,107 177,105
160,108 177,105
161,109 177,105
161,110 177,105
161,111 178,106
161,112 178,106
162,113 178,106
162,114 178,106
162,115 178,106
162,116 178,106
162,117 178,106
162,118 178,106
162,119 178,106
163,120 179,107
163,121 179,107
163,122 179,107
163,123 179,107
163,124 179,107
163,125 179,107
164,126 179,107
164,127 179,107
165,128 180,108
157,93 175,104
157,94 175,104
157,95 175,104
158,96 175,104
158,97 175,104
158,98 175,104
158,99 175,104
159,100 175,104
159,101 175,104
159,102 176,105
159,103 176,105
160,104 176,105
160,105 176,105
160,106 176,105
160,107 176,105
160,108 176,105
161,109 176,105
161,110 176,105
161,111 177,106
161,112 177,106
162,113 177,106
162,114 177,106
162,115 177,106
162,116 177,106
162,117 177,106
162,118 177,106
162,119 177,106
163,120 178,107
163,121 178,107
163,122 178,107
163,123 178,107
163,124 178,107
163,125 178,107
164,126 178,107
164,127 178,107
165,128 179,108
157,93 175,105
157,94 175,105
157,95 175,105
158,96 175,105
158,97 175,105
158,98 175,105
158,99 175,105
159,100 175,105
159,101 175,105
159,102 175,105
159,103 175,105
160,104 175,105
160,105 176,106
160,106 176,106
160,107 176,106
160,108 176,106
161,109 176,106
161,110 176,106
161,111 176,106
161,112 176,106
162,113 176,106
162,114 176,106
162,115 176,106
162,116 176,106
162,117 177,107
162,118 177,107
162,119 177,107
163,120 177,107
163,121 177,107
163,122 177,107
163,123 177,107
163,124 177,107
163,125 177,107
164,126 177,107
164,127 177,107
165,128 178,108
157,93 174,105
157,94 174,105
157,95 174,105
158,96 174,105
158,97 174,105
158,98 174,105
158,99 174,105
159,100 174,105
159,101 174,105
159,102 175,106
159,103 175,106
160,104 175,106
160,105 175,106
160,106 175,106
160,107 175,106
160,108 175,106
161,109 175,106
161,110 175,106
161,111 176,107
161,112 176,107
162,113 176,107
162,114 176,107
162,115 176,107
162,116 176,107
162,117 176,107
162,118 176,107
162,119 176,107
163,120 177,108
163,121 177,108
163,122 177,108
163,123 177,108
163,124 177,108
163,125 177,108
164,126 177,108
164,127 177,108
165,128 178,109
157,93 174,106
157,94 174,106
157,95 174,106
158,96 174,106
158,97 174,106
158,98 174,106
158,99 174,106
159,100 174,106
159,101 174,106
159,102 174,106
159,103 174,106
160,104 174,106
160,105 175,107
160,106 175,107
160,107 175,107
160,108 175,107
161,109 175,107
161,110 175,107
161,111 175,107
161,112 175,107
162,113 175,107
162,114 175,107
162,115 175,107
162,116 175,107
162,117 176,108
162,118 176,108
162,119 176,108
163,120 176,108
163,121 176,108
163,122 176,108
163,123 176,108
163,124 176,108
163,125 176,108
164,126 176,108
164,127 176,108
165,128 177,109
157,93 173,106
157,94 173,106
157,95 173,106
158,96 173,106
158,97 173,106
158,98 173,106
158,99 173,106
159,100 173,106
159,101 173,106
159,102 174,107
159,103 174,107
160,104 174,107
160,105 174,107
160,106 174,107
160,107 174,107
160,108 174,107
161,109 174,107
161,110 174,107
161,111 175,108
161,112 175,108
162,113 175,108
162,114 175,108
162,115 175,108
162,116 175,108
162,117 175,108
162,118 175,108
162,119 175,108
163,120 176,109
163,121 176,109
163,122 176,109
163,123 176,109
163,124 176,109
163,125 176,109
164,126 176,109
164,127 176,109
165,128 177,110
156,94 173,107
156,95 173,107
157,96 173,107
157,97 173,107
157,98 173,107
157,99 173,107
158,100 173,107
158,101 173,107
158,102 173,107
158,103 173,107
159,104 173,107
159,105 173,107
159,106 174,108
159,107 174,108
159,108 174,108
160,109 174,108
160,110 174,108
160,111 174,108
160,112 174,108
161,113 174,108
161,114 174,108
161,115 174,108
161,116 174,108
161,117 175,109
161,118 175,109
161,119 175,109
162,120 175,109
162,121 175,109
162,122 175,109
162,123 175,109
162,124 175,109
162,125 175,109
163,126 175,109
163,127 175,109
164,128 176,110
156,94 172,107
156,95 172,107
157,96 172,107
157,97 172,107
157,98 172,107
157,99 172,107
158,100 172,107
158,101 172,107
158,102 172,107
158,103 172,107
159,104 172,107
159,105 172,107
159,106 173,108
159,107 173,108
159,108 173,108
160,109 173,108
160,110 173,108
160,111 173,108
160,112 173,108
161,113 173,108
161,114 173,108
161,115 173,108
161,116 173,108
161,117 174,109
161,118 174,109
161,119 174,109
162,120 174,109
162,121 174,109
162,122 174,109
162,123 174,109
162,124 174,109
162,125 174,109
163,126 174,109
163,127 174,109
164,128 175,110
156,94 171,107
156,95 171,107
157,96 171,107
157,97 171,107
157,98 171,107
157,99 171,107
158,100 171,107
158,101 171,107
158,102 171,107
158,103 172,108
159,104 172,108
159,105 172,108
159,106 172,108
159,107 172,108
159,108 172,108
160,109 172,108
160,110 172,108
160,111 173,109
160,112 173,109
161,113 173,109
161,114 173,109
161,115 173,109
161,116 173,109
161,117 173,109
161,118 173,109
161,119 173,109
162,120 174,110
162,121 174,110
162,122 174,110
162,123 174,110
162,124 174,110
162,125 174,110
163,126 174,110
163,127 174,110
164,128 175,111
156,94 171,108
156,95 171,108
157,96 171,108
157,97 171,108
157,98 171,108
157,99 171,108
158,100 171,108
158,101 171,108
158,102 171,108
158,103 171,108
159,104 171,108
159,105 171,108
159,106 172,109
159,107 172,109
159,108 172,109
160,109 172,109
160,110 172,109
160,111 172,109
160,112 172,109
161,113 172,109
161,114 172,109
161,115 172,109
161,116 172,109
161,117 173,110
161,118 173,110
161,119 173,110
162,120 173,110
162,121 173,110
162,122 173,110
162,123 173,110
162,124 173,110
162,125 173,110
163,126 173,110
163,127 173,110
164,128 174,111
156,94 170,108
156,95 170,108
157,96 170,108
157,97 170,108
157,98 170,108
157,99 170,108
158,100 170,108
158,101 170,108
158,102 170,108
158,103 171,109
159,104 171,109
159,105 171,109
159,106 171,109
159,107 171,109
159,108 171,109
160,109 171,109
160,110 171,109
160,111 172,110
160,112 172,110
161,113 172,110
161,114 172,110
161,115 172,110
161,116 172,110
161,117 172,110
161,118 172,110
161,119 172,110
162,120 173,111
162,121 173,111
162,122 173,111
162,123 173,111
162,124 173,111
162,125 173,111
163,126 173,111
163,127 173,111
164,128 174,112
155,94 170,109
155,95 170,109
156,96 170,109
156,97 170,109
156,98 170,109
156,99 170,109
157,100 170,109
157,101 170,109
157,102 170,109
157,103 170,109
158,104 170,109
158,105 170,109
158,106 171,110
158,107 171,110
158,108 171,110
159,109 171,110
159,110 171,110
159,111 171,110
159,112 171,110
160,113 171,110
160,114 171,110
160,115 171,110
160,116 171,110
160,117 172,111
160,118 172,111
160,119 172,111
161,120 172,111
161,121 172,111
161,122 172,111
161,123 172,111
161,124 172,111
161,125 172,111
162,126 172,111
162,127 172,111
163,128 173,112
155,94 169,109
155,95 169,109
156,96 169,109
156,97 169,109
156,98 169,109
156,99 169,109
157,100 169,109
157,101 169,109
157,102 169,109
157,103 169,109
158,104 169,109
158,105 169,109
158,106 170,110
158,107 170,110
158,108 170,110
159,109 170,110
159,110 170,110
159,111 170,110
159,112 170,110
160,113 170,110
160,114 170,110
160,115 170,110
160,116 170,110
160,117 171,111
160,118 171,111
160,119 171,111
161,120 171,111
161,121 171,111
161,122 171,111
161,123 171,111
161,124 171,111
161,125 171,111
162,126 171,111
162,127 171,111
163,128 172,112
155,94 169,110
155,95 169,110
156,96 169,110
156,97 169,110
156,98 169,110
156,99 169,110
157,100 169,110
157,101 169,110
157,102 169,110
157,103 169,110
158,104 169,110
158,105 169,110
158,106 170,111
158,107 170,111
158,108 170,111
159,109 170,111
159,110 170,111
159,111 170,111
159,112 170,111
160,113 170,111
160,114 170,111
160,115 170,111
160,116 170,111
160,117 171,112
160,118 171,112
160,119 171,112
161,120 171,112
161,121 171,112
161,122 171,112
161,123 171,112
161,124 171,112
161,125 171,112
162,126 171,112
162,127 171,112
163,128 172,113
155,94 168,110
155,95 168,110
156,96 168,110
156,97 168,110
156,98 168,110
156,99 168,110
157,100 168,110
157,101 168,110
157,102 168,110
157,103 168,110
158,104 168,110
158,105 168,110
158,106 169,111
158,107 169,111
158,108 169,111
159,109 169,111
159,110 169,111
159,111 169,111
159,112 169,111
160,113 169,111
160,114 169,111
160,115 169,111
160,116 169,111
160,117 170,112
160,118 170,112
160,119 170,112
161,120 170,112
161,121 170,112
161,122 170,112
161,123 170,112
161,124 170,112
161,125 170,112
162,126 170,112
162,127 170,112
163,128 171,113
155,94 168,111
155,95 168,111
156,96 168,111
156,97 168,111
156,98 168,111
156,99 168,111
157,100 168,111
157,101 168,111
157,102 168,111
157,103 168,111
158,104 168,111
158,105 168,111
158,106 168,111
158,107 168,111
158,108 168,111
159,109 168,111
159,110 168,111
159,111 169,112
159,112 169,112
160,113 169,112
160,114 169,112
160,115 169,112
160,116 169,112
160,117 169,112
160,118 169,112
160,119 169,112
161,120 169,112
161,121 169,112
161,122 169,112
161,123 169,112
161,124 169,112
161,125 169,112
162,126 169,112
162,127 169,112
163,128 170,113
154,95 167,111
155,96 167,111
155,97 167,111
155,98 167,111
155,99 167,111
156,100 167,111
156,101 167,111
156,102 167,111
156,103 167,111
157,104 167,111
157,105 167,111
157,106 168,112
157,107 168,112
157,108 168,112
158,109 168,112
158,110 168,112
158,111 168,112
158,112 168,112
159,113 168,112
159,114 168,112
159,115 168,112
159,116 168,112
159,117 169,113
159,118 169,113
159,119 169,113
160,120 169,113
160,121 169,113
160,122 169,113
160,123 169,113
160,124 169,113
160,125 169,113
161,126 169,113
161,127 169,113
162,128 170,114
154,95 166,111
155,96 166,111
155,97 166,111
155,98 166,111
155,99 166,111
156,100 166,111
156,101 166,111
156,102 166,111
156,103 166,111
157,104 166,111
157,105 166,111
157,106 167,112
157,107 167,112
157,108 167,112
158,109 167,112
158,110 167,112
158,111 167,112
158,112 167,112
159,113 167,112
159,114 167,112
159,115 167,112
159,116 167,112
159,117 168,113
159,118 168,113
159,119 168,113
160,120 168,113
160,121 168,113
160,122 168,113
160,123 168,113
160,124 168,113
160,125 168,113
161,126 168,113
161,127 168,113
162,128 169,114
154,95 166,112
155,96 166,112
155,97 166,112
155,98 166,112
155,99 166,112
156,100 166,112
156,101 166,112
156,102 166,112
156,103 166,112
157,104 166,112
157,105 166,112
157,106 166,112
157,107 166,112
157,108 166,112
158,109 166,112
158,110 166,112
158,111 166,112
158,112 167,113
159,113 167,113
159,114 167,113
159,115 167,113
159,116 167,113
159,117 167,113
159,118 167,113
159,119 167,113
160,120 167,113
160,121 167,113
160,122 167,113
160,123 167,113
160,124 167,113
160,125 167,113
161,126 167,113
161,127 167,113
162,128 168,114
154,95 165,112
155,96 165,112
155,97 165,112
155,98 165,112
155,99 165,112
156,100 165,112
156,101 165,112
156,102 165,112
156,103 165,112
157,104 165,112
157,105 165,112
157,106 166,113
157,107 166,113
157,108 166,113
158,109 166,113
158,110 166,113
158,111 166,113
158,112 166,113
159,113 166,113
159,114 166,113
159,115 166,113
159,116 166,113
159,117 167,114
159,118 167,114
159,119 167,114
160,120 167,114
160,121 167,114
160,122 167,114
160,123 167,114
160,124 167,114
160,125 167,114
161,126 167,114
161,127 167,114
162,128 168,115
154,95 164,112
155,96 164,112
155,97 164,112
155,98 164,112
155,99 164,112
156,100 164,112
156,101 164,112
156,102 164,112
156,103 164,112
157,104 164,112
157,105 164,112
157,106 165,113
157,107 165,113
157,108 165,113
158,109 165,113
158,110 165,113
158,111 165,113
158,112 165,113
159,113 165,113
159,114 165,113
159,115 165,113
159,116 165,113
159,117 166,114
159,118 166,114
159,119 166,114
160,120 166,114
160,121 166,114
160,122 166,114
160,123 166,114
160,124 166,114
160,125 166,114
161,126 166,114
161,127 166,114
162,128 167,115
154,95 164,113
155,96 164,113
155,97 164,113
155,98 164,113
155,99 164,113
156,100 164,113
156,101 164,113
156,102 164,113
156,103 164,113
157,104 164,113
157,105 164,113
157,106 164,113
157,107 164,113
157,108 164,113
158,109 164,113
158,110 164,113
158,111 164,113
158,112 165,114
159,113 165,114
159,114 165,114
159,115 165,114
159,116 165,114
159,117 165,114
159,118 165,114
159,119 165,114
160,120 165,114
160,121 165,114
160,122 165,114
160,123 165,114
160,124 165,114
160,125 165,114
161,126 165,114
161,127 165,114
162,128 166,115
153,95 163,113
154,96 163,113
154,97 163,113
154,98 163,113
154,99 163,113
155,100 163,113
155,101 163,113
155,102 163,113
155,103 163,113
156,104 163,113
156,105 163,113
156,106 164,114
156,107 164,114
156,108 164,114
157,109 164,114
157,110 164,114
157,111 164,114
157,112 164,114
158,113 164,114
158,114 164,114
158,115 164,114
158,116 164,114
158,117 165,115
158,118 165,115
158,119 165,115
159,120 165,115
159,121 165,115
159,122 165,115
159,123 165,115
159,124 165,115
159,125 165,115
160,126 165,115
160,127 165,115
161,128 166,116
153,95 163,114
154,96 163,114
154,97 163,114
154,98 163,114
154,99 163,114
155,100 163,114
155,101 163,114
155,102 163,114
155,103 163,114
156,104 163,114
156,105 163,114
156,106 163,114
156,107 163,114
156,108 163,114
157,109 163,114
157,110 163,114
157,111 163,114
157,112 164,115
158,113 164,115
158,114 164,115
158,115 164,115
158,116 164,115
158,117 164,115
158,118 164,115
158,119 164,115
159,120 164,115
159,121 164,115
159,122 164,115
159,123 164,115
159,124 164,115
159,125 164,115
160,126 164,115
160,127 164,115
161,128 165,116
153,95 162,114
154,96 162,114
154,97 162,114
154,98 162,114
154,99 162,114
155,100 162,114
155,101 162,114
155,102 162,114
155,103 162,114
156,104 162,114
156,105 162,114
156,106 162,114
156,107 162,114
156,108 162,114
157,109 162,114
157,110 162,114
157,111 162,114
157,112 163,115
158,113 163,115
158,114 163,115
158,115 163,115
158,116 163,115
158,117 163,115
158,118 163,115
158,119 163,115
159,120 163,115
159,121 163,115
159,122 163,115
159,123 163,115
159,124 163,115
159,125 163,115
160,126 163,115
160,127 163,115
161,128 164,116
153,95 161,114
154,96 161,114
154,97 161,114
154,98 161,114
154,99 161,114
155,100 161,114
155,101 161,114
155,102 161,114
155,103 161,114
156,104 161,114
156,105 161,114
156,106 161,114
156,107 161,114
156,108 161,114
157,109 161,114
157,110 161,114
157,111 161,114
157,112 162,115
158,113 162,115
158,114 162,115
158,115 162,115
158,116 162,115
158,117 162,115
158,118 162,115
158,119 162,115
159,120 162,115
159,121 162,115
159,122 162,115
159,123 162,115
159,124 162,115
159,125 162,115
160,126 162,115
160,127 162,115
161,128 163,116
153,95 160,114
154,96 160,114
154,97 160,114
154,98 160,114
154,99 160,114
155,100 160,114
155,101 160,114
155,102 160,114
155,103 160,114
156,104 160,114
156,105 160,114
156,106 161,115
156,107 161,115
156,108 161,115
157,109 161,115
157,110 161,115
157,111 161,115
157,112 161,115
158,113 161,115
158,114 161,115
158,115 161,115
158,116 161,115
158,117 162,116
158,118 162,116
158,119 162,116
159,120 162,116
159,121 162,116
159,122 162,116
159,123 162,116
159,124 162,116
159,125 162,116
160,126 162,116
160,127 162,116
161,128 163,117
153,96 160,115
153,97 160,115
153,98 160,115
153,99 160,115
154,100 160,115
154,101 160,115
154,102 160,115
154,103 160,115
155,104 160,115
155,105 160,115
155,106 160,115
155,107 160,115
155,108 160,115
156,109 160,115
156,110 160,115
156,111 160,115
156,112 161,116
157,113 161,116
157,114 161,116
157,115 161,116
157,116 161,116
157,117 161,116
157,118 161,116
157,119 161,116
158,120 161,116
158,121 161,116
158,122 161,116
158,123 161,116
158,124 161,116
158,125 161,116
159,126 161,116
159,127 161,116
160,128 162,117
153,96 159,115
153,97 159,115
153,98 159,115
153,99 159,115
154,100 159,115
154,101 159,115
154,102 159,115
154,103 159,115
155,104 159,115
155,105 159,115
155,106 159,115
155,107 159,115
155,108 159,115
156,109 159,115
156,110 159,115
156,111 159,115
156,112 160,116
157,113 160,116
157,114 160,116
157,115 160,116
157,116 160,116
157,117 160,116
157,118 160,116
157,119 160,116
158,120 160,116
158,121 160,116
158,122 160,116
158,123 160,116
158,124 160,116
158,125 160,116
159,126 160,116
159,127 160,116
160,128 161,117
153,96 158,115
153,97 158,115
153,98 158,115
153,99 158,115
154,100 158,115
154,101 158,115
154,102 158,115
154,103 158,115
155,104 158,115
155,105 158,115
155,106 158,115
155,107 159,116
155,108 159,116
156,109 159,116
156,110 159,116
156,111 159,116
156,112 159,116
157,113 159,116
157,114 159,116
157,115 159,116
157,116 159,116
157,117 159,116
157,118 160,117
157,119 160,117
158,120 160,117
158,121 160,117
158,122 160,117
158,123 160,117
158,124 160,117
158,125 160,117
159,126 160,117
159,127 160,117
160,128 161,118
153,96 157,115
153,97 157,115
153,98 157,115
153,99 157,115
154,100 157,115
154,101 157,115
154,102 157,115
154,103 157,115
155,104 157,115
155,105 157,115
155,106 157,115
155,107 158,116
155,108 158,116
156,109 158,116
156,110 158,116
156,111 158,116
156,112 158,116
157,113 158,116
157,114 158,116
157,115 158,116
157,116 158,116
157,117 158,116
157,118 159,117
157,119 159,117
158,120 159,117
158,121 159,117
158,122 159,117
158,123 159,117
158,124 159,117
158,125 159,117
159,126 159,117
159,127 159,117
160,128 160,118
153,96 157,116
153,97 157,116
153,98 157,116
153,99 157,116
154,100 157,116
154,101 157,116
154,102 157,116
154,103 157,116
155,104 157,116
155,105 157,116
155,106 157,116
155,107 157,116
155,108 157,116
156,109 157,116
156,110 157,116
156,111 157,116
156,112 158,117
157,113 158,117
157,114 158,117
157,115 158,117
157,116 158,117
157,117 158,117
157,118 158,117
157,119 158,117
158,120 158,117
158,121 158,117
158,122 158,117
158,123 158,117
158,124 158,117
158,125 158,117
159,126 158,117
159,127 158,117
160,128 159,118
152,96 156,116
152,97 156,116
152,98 156,116
152,99 156,116
153,100 156,116
153,101 156,116
153,102 156,116
153,103 156,116
154,104 156,116
154,105 156,116
154,106 156,116
154,107 156,116
154,108 156,116
155,109 156,116
155,110 156,116
155,111 156,116
155,112 157,117
156,113 157,117
156,114 157,117
156,115 157,117
156,116 157,117
156,117 157,117
156,118 157,117
156,119 157,117
157,120 157,117
157,121 157,117
157,122 157,117
157,123 157,117
157,124 157,117
157,125 157,117
158,126 157,117
158,127 157,117
159,128 158,118
152,96 155,116
152,97 155,116
152,98 155,116
152,99 155,116
153,100 155,116
153,101 155,116
153,102 155,116
153,103 155,116
154,104 155,116
154,105 155,116
154,106 155,116
154,107 155,116
154,108 155,116
155,109 155,116
155,110 155,116
155,111 155,116
155,112 156,117
156,113 156,117
156,114 156,117
156,115 156,117
156,116 156,117
156,117 156,117
156,118 156,117
156,119 156,117
157,120 156,117
157,121 156,117
157,122 156,117
157,123 156,117
157,124 156,117
157,125 156,117
158,126 156,117
158,127 156,117
159,128 157,118
152,96 154,116
152,97 154,116
152,98 154,116
152,99 154,116
153,100 154,116
153,101 154,116
153,102 154,116
153,103 154,116
154,104 154,116
154,105 154,116
154,106 154,116
154,107 155,117
154,108 155,117
155,109 155,117
155,110 155,117
155,111 155,117
155,112 155,117
156,113 155,117
156,114 155,117
156,115 155,117
156,116 155,117
156,117 155,117
156,118 156,118
156,119 156,118
157,120 156,118
157,121 156,118
157,122 156,118
157,123 156,118
157,124 156,118
157,125 156,118
158,126 156,118
158,127 156,118
159,128 157,119
152,96 153,116
152,97 153,116
152,98 153,116
152,99 153,116
153,100 153,116
153,101 153,116
153,102 153,116
153,103 153,116
154,104 153,116
154,105 153,116
154,106 153,116
154,107 154,117
154,108 154,117
155,109 154,117
155,110 154,117
155,111 154,117
155,112 154,117
156,113 154,117
156,114 154,117
156,115 154,117
156,116 154,117
156,117 154,117
156,118 155,118
156,119 155,118
157,120 155,118
157,121 155,118
157,122 155,118
157,123 155,118
157,124 155,118
157,125 155,118
158,126 155,118
158,127 155,118
159,128 156,119
152,96 152,116
152,97 152,116
152,98 152,116
152,99 152,116
153,100 152,116
153,101 152,116
153,102 152,116
153,103 152,116
154,104 152,116
154,105 152,116
154,106 152,116
154,107 153,117
154,108 153,117
155,109 153,117
155,110 153,117
155,111 153,117
155,112 153,117
156,113 153,117
156,114 153,117
156,115 153,117
156,116 153,117
156,117 153,117
156,118 154,118
156,119 154,118
157,120 154,118
157,121 154,118
157,122 154,118
157,123 154,118
157,124 154,118
157,125 154,118
158,126 154,118
158,127 154,118
159,128 155,119
151,96 152,117
151,97 152,117
151,98 152,117
151,99 152,117
152,100 152,117
152,101 152,117
152,102 152,117
152,103 152,117
153,104 152,117
153,105 152,117
153,106 152,117
153,107 152,117
153,108 152,117
154,109 152,117
154,110 152,117
154,111 152,117
154,112 152,117
155,113 153,118
155,114 153,118
155,115 153,118
155,116 153,118
155,117 153,118
155,118 153,118
155,119 153,118
156,120 153,118
156,121 153,118
156,122 153,118
156,123 153,118
156,124 153,118
156,125 153,118
157,126 153,118
157,127 153,118
158,128 153,118
159,129 154,119
151,96 151,117
151,97 151,117
151,98 151,117
151,99 151,117
152,100 151,117
152,101 151,117
152,102 151,117
152,103 151,117
153,104 151,117
153,105 151,117
153,106 151,117
153,107 151,117
153,108 151,117
154,109 151,117
154,110 151,117
154,111 151,117
154,112 151,117
155,113 152,118
155,114 152,118
155,115 152,118
155,116 152,118
155,117 152,118
155,118 152,118
155,119 152,118
156,120 152,118
156,121 152,118
156,122 152,118
156,123 152,118
156,124 152,118
156,125 152,118
157,126 152,118
157,127 152,118
158,128 152,118
159,129 153,119
151,96 150,117
151,97 150,117
151,98 150,117
151,99 150,117
152,100 150,117
152,101 150,117
152,102 150,117
152,103 150,117
153,104 150,117
153,105 150,117
153,106 150,117
153,107 150,117
153,108 150,117
154,109 150,117
154,110 150,117
154,111 150,117
154,112 150,117
155,113 151,118
155,114 151,118
155,115 151,118
155,116 151,118
155,117 151,118
155,118 151,118
155,119 151,118
156,120 151,118
156,121 151,118
156,122 151,118
156,123 151,118
156,124 151,118
156,125 151,118
157,126 151,118
157,127 151,118
158,128 151,118
159,129 152,119
151,96 149,117
151,97 149,117
151,98 149,117
151,99 149,117
152,100 149,117
152,101 149,117
152,102 149,117
152,103 149,117
153,104 149,117
153,105 149,117
153,106 149,117
153,107 149,117
153,108 149,117
154,109 149,117
154,110 149,117
154,111 149,117
154,112 149,117
155,113 150,118
155,114 150,118
155,115 150,118
155,116 150,118
155,117 150,118
155,118 150,118
155,119 150,118
156,120 150,118
156,121 150,118
156,122 150,118
156,123 150,118
156,124 150,118
156,125 150,118
157,126 150,118
157,127 150,118
158,128 150,118
159,129 151,119
151,96 148,117
151,97 148,117
151,98 148,117
151,99 148,117
152,100 148,117
152,101 148,117
152,102 148,117
152,103 148,117
153,104 148,117
153,105 148,117
153,106 148,117
153,107 148,117
153,108 148,117
154,109 148,117
154,110 148,117
154,111 148,117
154,112 148,117
155,113 149,118
155,114 149,118
155,115 149,118
155,116 149,118
155,117 149,118
155,118 149,118
155,119 149,118
156,120 149,118
156,121 149,118
156,122 149,118
156,123 149,118
156,124 149,118
156,125 149,118
157,126 149,118
157,127 149,118
158,128 149,118
159,129 150,119
151,96 147,117
151,97 147,117
151,98 147,117
151,99 147,117
152,100 147,117
152,101 147,117
152,102 147,117
152,103 147,117
153,104 147,117
153,105 147,117
153,106 147,117
153,107 147,117
153,108 147,117
154,109 147,117
154,110 147,117
154,111 147,117
154,112 147,117
155,113 148,118
155,114 148,118
155,115 148,118
155,116 148,118
155,117 148,118
155,118 148,118
155,119 148,118
156,120 148,118
156,121 148,118
156,122 148,118
156,123 148,118
156,124 148,118
156,125 148,118
157,126 148,118
157,127 148,118
158,128 148,118
159,129 149,119
150,96 146,117
150,97 146,117
150,98 146,117
150,99 146,117
151,100 146,117
151,101 146,117
151,102 146,117
151,103 146,117
152,104 146,117
152,105 146,117
152,106 146,117
152,107 146,117
152,108 146,117
153,109 146,117
153,110 146,117
153,111 146,117
153,112 146,117
154,113 147,118
154,114 147,118
154,115 147,118
154,116 147,118
154,117 147,118
154,118 147,118
154,119 147,118
155,120 147,118
155,121 147,118
155,122 147,118
155,123 147,118
155,124 147,118
155,125 147,118
156,126 147,118
156,127 147,118
157,128 147,118
158,129 148,119
150,96 145,117
150,97 145,117
150,98 145,117
150,99 145,117
151,100 145,117
151,101 145,117
151,102 145,117
151,103 145,117
152,104 145,117
152,105 145,117
152,106 145,117
152,107 145,117
152,108 145,117
153,109 145,117
153,110 145,117
153,111 145,117
153,112 145,117
154,113 146,118
154,114 146,118
154,115 146,118
154,116 146,118
154,117 146,118
154,118 146,118
154,119 146,118
155,120 146,118
155,121 146,118
155,122 146,118
155,123 146,118
155,124 146,118
155,125 146,118
156,126 146,118
156,127 146,118
157,128 146,118
158,129 147,119
150,96 144,117
150,97 144,117
150,98 144,117
150,99 144,117
151,100 144,117
151,101 144,117
151,102 144,117
151,103 144,117
152,104 144,117
152,105 144,117
152,106 144,117
152,107 144,117
152,108 144,117
153,109 144,117
153,110 144,117
153,111 144,117
153,112 144,117
154,113 145,118
154,114 145,118
154,115 145,118
154,116 145,118
154,117 145,118
154,118 145,118
154,119 145,118
155,120 145,118
155,121 145,118
155,122 145,118
155,123 145,118
155,124 145,118
155,125 145,118
156,126 145,118
156,127 145,118
157,128 145,118
158,129 146,119
150,96 144,116
150,97 144,116
150,98 144,116
150,99 144,116
151,100 144,116
151,101 144,116
151,102 144,116
151,103 144,116
152,104 144,116
152,105 144,116
152,106 144,116
152,107 143,117
152,108 143,117
153,109 143,117
153,110 143,117
153,111 143,117
153,112 143,117
154,113 143,117
154,114 143,117
154,115 143,117
154,116 143,117
154,117 143,117
154,118 144,118
154,119 144,118
155,120 144,118
155,121 144,118
155,122 144,118
155,123 144,118
155,124 144,118
155,125 144,118
156,126 144,118
156,127 144,118
157,128 144,118
158,129 145,119
150,96 143,116
150,97 143,116
150,98 143,116
150,99 143,116
151,100 143,116
151,101 143,116
151,102 143,116
151,103 143,116
152,104 143,116
152,105 143,116
152,106 143,116
152,107 142,117
152,108 142,117
153,109 142,117
153,110 142,117
153,111 142,117
153,112 142,117
154,113 142,117
154,114 142,117
154,115 142,117
154,116 142,117
154,117 142,117
154,118 143,118
154,119 143,118
155,120 143,118
155,121 143,118
155,122 143,118
155,123 143,118
155,124 143,118
155,125 143,118
156,126 143,118
156,127 143,118
157,128 143,118
158,129 144,119
149,96 142,116
149,97 142,116
149,98 142,116
149,99 142,116
150,100 142,116
150,101 142,116
150,102 142,116
150,103 142,116
151,104 142,116
151,105 142,116
151,106 142,116
151,107 142,116
151,108 142,116
152,109 142,116
152,110 142,116
152,111 142,116
152,112 142,116
153,113 141,117
153,114 141,117
153,115 141,117
153,116 141,117
153,117 141,117
153,118 141,117
153,119 141,117
154,120 141,117
154,121 141,117
154,122 141,117
154,123 141,117
154,124 141,117
154,125 141,117
155,126 141,117
155,127 141,117
156,128 141,117
157,129 142,118
149,96 141,116
149,97 141,116
149,98 141,116
149,99 141,116
150,100 141,116
150,101 141,116
150,102 141,116
150,103 141,116
151,104 141,116
151,105 141,116
151,106 141,116
151,107 141,116
151,108 141,116
152,109 141,116
152,110 141,116
152,111 141,116
152,112 141,116
153,113 140,117
153,114 140,117
153,115 140,117
153,116 140,117
153,117 140,117
153,118 140,117
153,119 140,117
154,120 140,117
154,121 140,117
154,122 140,117
154,123 140,117
154,124 140,117
154,125 140,117
155,126 140,117
155,127 140,117
156,128 140,117
157,129 141,118
149,96 140,116
149,97 140,116
149,98 140,116
149,99 140,116
150,100 140,116
150,101 140,116
150,102 140,116
150,103 140,116
151,104 140,116
151,105 140,116
151,106 140,116
151,107 140,116
151,108 140,116
152,109 140,116
152,110 140,116
152,111 140,116
152,112 140,116
153,113 140,116
153,114 140,116
153,115 140,116
153,116 140,116
153,117 140,116
153,118 140,116
153,119 140,116
154,120 140,116
154,121 140,116
154,122 140,116
154,123 140,116
154,124 140,116
154,125 140,116
155,126 140,116
155,127 140,116
156,128 140,116
157,129 139,117
149,96 140,115
149,97 140,115
149,98 140,115
149,99 140,115
150,100 140,115
150,101 140,115
150,102 140,115
150,103 140,115
151,104 140,115
151,105 140,115
151,106 140,115
151,107 140,115
151,108 140,115
152,109 140,115
152,110 140,115
152,111 140,115
152,112 140,115
153,113 139,116
153,114 139,116
153,115 139,116
153,116 139,116
153,117 139,116
153,118 139,116
153,119 139,116
154,120 139,116
154,121 139,116
154,122 139,116
154,123 139,116
154,124 139,116
154,125 139,116
155,126 139,116
155,127 139,116
156,128 139,116
157,129 138,117
149,96 139,115
149,97 139,115
149,98 139,115
149,99 139,115
150,100 139,115
150,101 139,115
150,102 139,115
150,103 139,115
151,104 139,115
151,105 139,115
151,106 139,115
151,107 139,115
151,108 139,115
152,109 139,115
152,110 139,115
152,111 139,115
152,112 139,115
153,113 139,115
153,114 139,115
153,115 139,115
153,116 139,115
153,117 139,115
153,118 139,115
153,119 139,115
154,120 139,115
154,121 139,115
154,122 139,115
154,123 139,115
154,124 139,115
154,125 139,115
155,126 139,115
155,127 139,115
156,128 139,115
157,129 138,116
148,96 138,115
148,97 138,115
148,98 138,115
148,99 138,115
149,100 138,115
149,101 138,115
149,102 138,115
149,103 138,115
150,104 138,115
150,105 138,115
150,106 138,115
150,107 138,115
150,108 138,115
151,109 138,115
151,110 138,115
151,111 138,115
151,112 138,115
152,113 138,115
152,114 138,115
152,115 138,115
152,116 138,115
152,117 138,115
152,118 138,115
152,119 138,115
153,120 138,115
153,121 138,115
153,122 138,115
153,123 138,115
153,124 138,115
153,125 138,115
154,126 138,115
154,127 138,115
155,128 138,115
156,129 137,116
148,96 137,115
148,97 137,115
148,98 137,115
148,99 137,115
149,100 137,115
149,101 137,115
149,102 137,115
149,103 137,115
150,104 137,115
150,105 137,115
150,106 137,115
150,107 137,115
150,108 137,115
151,109 137,115
151,110 137,115
151,111 137,115
151,112 137,115
152,113 137,115
152,114 137,115
152,115 137,115
152,116 137,115
152,117 137,115
152,118 137,115
152,119 137,115
153,120 137,115
153,121 137,115
153,122 137,115
153,123 137,115
153,124 137,115
153,125 137,115
154,126 137,115
154,127 137,115
155,128 137,115
156,129 136,116
148,96 137,114
148,97 137,114
148,98 137,114
148,99 137,114
149,100 137,114
149,101 137,114
149,102 137,114
149,103 137,114
150,104 137,114
150,105 137,114
150,106 137,114
150,107 137,114
150,108 137,114
151,109 137,114
151,110 137,114
151,111 137,114
151,112 137,114
152,113 136,115
152,114 136,115
152,115 136,115
152,116 136,115
152,117 136,115
152,118 136,115
152,119 136,115
153,120 136,115
153,121 136,115
153,122 136,115
153,123 136,115
153,124 136,115
153,125 136,115
154,126 136,115
154,127 136,115
155,128 136,115
156,129 135,116
148,96 136,114
148,97 136,114
148,98 136,114
148,99 136,114
149,100 136,114
149,101 136,114
149,102 136,114
149,103 136,114
150,104 136,114
150,105 136,114
150,106 136,114
150,107 136,114
150,108 136,114
151,109 136,114
151,110 136,114
151,111 136,114
151,112 136,114
152,113 136,114
152,114 136,114
152,115 136,114
152,116 136,114
152,117 136,114
152,118 136,114
152,119 136,114
153,120 136,114
153,121 136,114
153,122 136,114
153,123 136,114
153,124 136,114
153,125 136,114
154,126 136,114
154,127 136,114
155,128 136,114
156,129 135,115
148,96 135,114
148,97 135,114
148,98 135,114
148,99 135,114
149,100 135,114
149,101 135,114
149,102 135,114
149,103 135,114
150,104 135,114
150,105 135,114
150,106 135,114
150,107 135,114
150,108 135,114
151,109 135,114
151,110 135,114
151,111 135,114
151,112 135,114
152,113 135,114
152,114 135,114
152,115 135,114
152,116 135,114
152,117 135,114
152,118 135,114
152,119 135,114
153,120 135,114
153,121 135,114
153,122 135,114
153,123 135,114
153,124 135,114
153,125 135,114
154,126 135,114
154,127 135,114
155,128 135,114
156,129 134,115
148,96 135,113
148,97 135,113
148,98 135,113
148,99 135,113
149,100 135,113
149,101 135,113
149,102 135,113
149,103 135,113
150,104 135,113
150,105 135,113
150,106 135,113
150,107 135,113
150,108 135,113
151,109 135,113
151,110 135,113
151,111 135,113
151,112 135,113
152,113 134,114
152,114 134,114
152,115 134,114
152,116 134,114
152,117 134,114
152,118 134,114
152,119 134,114
153,120 134,114
153,121 134,114
153,122 134,114
153,123 134,114
153,124 134,114
153,125 134,114
154,126 134,114
154,127 134,114
155,128 134,114
156,129 133,115
148,95 134,113
147,96 134,113
147,97 134,113
147,98 134,113
147,99 134,113
148,100 134,113
148,101 134,113
148,102 134,113
148,103 134,113
149,104 134,113
149,105 134,113
149,106 134,113
149,107 134,113
149,108 134,113
150,109 134,113
150,110 134,113
150,111 134,113
150,112 134,113
151,113 134,113
151,114 134,113
151,115 134,113
151,116 134,113
151,117 134,113
151,118 134,113
151,119 134,113
152,120 134,113
152,121 134,113
152,122 134,113
152,123 134,113
152,124 134,113
152,125 134,113
153,126 134,113
153,127 134,113
154,128 134,113
155,129 133,114
148,95 133,113
147,96 133,113
147,97 133,113
147,98 133,113
147,99 133,113
148,100 133,113
148,101 133,113
148,102 133,113
148,103 133,113
149,104 133,113
149,105 133,113
149,106 133,113
149,107 133,113
149,108 133,113
150,109 133,113
150,110 133,113
150,111 133,113
150,112 133,113
151,113 133,113
151,114 133,113
151,115 133,113
151,116 133,113
151,117 133,113
151,118 133,113
151,119 133,113
152,120 133,113
152,121 133,113
152,122 133,113
152,123 133,113
152,124 133,113
152,125 133,113
153,126 133,113
153,127 133,113
154,128 133,113
155,129 132,114
148,95 133,112
147,96 133,112
147,97 133,112
147,98 133,112
147,99 133,112
148,100 133,112
148,101 133,112
148,102 133,112
148,103 133,112
149,104 133,112
149,105 133,112
149,106 133,112
149,107 133,112
149,108 133,112
150,109 133,112
150,110 133,112
150,111 133,112
150,112 132,113
151,113 132,113
151,114 132,113
151,115 132,113
151,116 132,113
151,117 132,113
151,118 132,113
151,119 132,113
152,120 132,113
152,121 132,113
152,122 132,113
152,123 132,113
152,124 132,113
152,125 132,113
153,126 132,113
153,127 132,113
154,128 132,113
155,129 131,114
148,95 132,112
147,96 132,112
147,97 132,112
147,98 132,112
147,99 132,112
148,100 132,112
148,101 132,112
148,102 132,112
148,103 132,112
149,104 132,112
149,105 132,112
149,106 132,112
149,107 132,112
149,108 132,112
150,109 132,112
150,110 132,112
150,111 132,112
150,112 132,112
151,113 132,112
151,114 132,112
151,115 132,112
151,116 132,112
151,117 132,112
151,118 132,112
151,119 132,112
152,120 132,112
152,121 132,112
152,122 132,112
152,123 132,112
152,124 132,112
152,125 132,112
153,126 132,112
153,127 132,112
154,128 132,112
155,129 131,113
148,95 131,112
147,96 131,112
147,97 131,112
147,98 131,112
147,99 131,112
148,100 131,112
148,101 131,112
148,102 131,112
148,103 131,112
149,104 131,112
149,105 131,112
149,106 131,112
149,107 131,112
149,108 131,112
150,109 131,112
150,110 131,112
150,111 131,112
150,112 131,112
151,113 131,112
151,114 131,112
151,115 131,112
151,116 131,112
151,117 131,112
151,118 131,112
151,119 131,112
152,120 131,112
152,121 131,112
152,122 131,112
152,123 131,112
152,124 131,112
152,125 131,112
153,126 131,112
153,127 131,112
154,128 131,112
155,129 130,113
147,95 131,111
146,96 131,111
146,97 131,111
146,98 131,111
146,99 131,111
147,100 131,111
147,101 131,111
147,102 131,111
147,103 131,111
148,104 131,111
148,105 131,111
148,106 131,111
148,107 131,111
148,108 131,111
149,109 131,111
149,110 131,111
149,111 131,111
149,112 130,112
150,113 130,112
150,114 130,112
150,115 130,112
150,116 130,112
150,117 130,112
150,118 130,112
150,119 130,112
151,120 130,112
151,121 130,112
151,122 130,112
151,123 130,112
151,124 130,112
151,125 130,112
152,126 130,112
152,127 130,112
153,128 130,112
154,129 129,113
147,95 130,111
146,96 130,111
146,97 130,111
146,98 130,111
146,99 130,111
147,100 130,111
147,101 130,111
147,102 130,111
147,103 130,111
148,104 130,111
148,105 130,111
148,106 130,111
148,107 130,111
148,108 130,111
149,109 130,111
149,110 130,111
149,111 130,111
149,112 130,111
150,113 130,111
150,114 130,111
150,115 130,111
150,116 130,111
150,117 130,111
150,118 130,111
150,119 130,111
151,120 130,111
151,121 130,111
151,122 130,111
151,123 130,111
151,124 130,111
151,125 130,111
152,126 130,111
152,127 130,111
153,128 130,111
154,129 129,112
147,95 130,110
146,96 130,110
146,97 130,110
146,98 130,110
146,99 130,110
147,100 130,110
147,101 130,110
147,102 130,110
147,103 130,110
148,104 130,110
148,105 130,110
148,106 130,110
148,107 130,110
148,108 130,110
149,109 130,110
149,110 130,110
149,111 130,110
149,112 129,111
150,113 129,111
150,114 129,111
150,115 129,111
150,116 129,111
150,117 129,111
150,118 129,111
150,119 129,111
151,120 129,111
151,121 129,111
151,122 129,111
151,123 129,111
151,124 129,111
151,125 129,111
152,126 129,111
152,127 129,111
153,128 129,111
154,129 128,112
147,95 129,110
146,96 129,110
146,97 129,110
146,98 129,110
146,99 129,110
147,100 129,110
147,101 129,110
147,102 129,110
147,103 129,110
148,104 129,110
148,105 129,110
148,106 129,110
148,107 129,110
148,108 129,110
149,109 129,110
149,110 129,110
149,111 129,110
149,112 128,111
150,113 128,111
150,114 128,111
150,115 128,111
150,116 128,111
150,117 128,111
150,118 128,111
150,119 128,111
151,120 128,111
151,121 128,111
151,122 128,111
151,123 128,111
151,124 128,111
151,125 128,111
152,126 128,111
152,127 128,111
153,128 128,111
154,129 127,112
147,95 129,109
146,96 129,109
146,97 129,109
146,98 129,109
146,99 129,109
147,100 129,109
147,101 129,109
147,102 129,109
147,103 129,109
148,104 129,109
148,105 129,109
148,106 129,109
148,107 129,109
148,108 129,109
149,109 129,109
149,110 129,109
149,111 129,109
149,112 128,110
150,113 128,110
150,114 128,110
150,115 128,110
150,116 128,110
150,117 128,110
150,118 128,110
150,119 128,110
151,120 128,110
151,121 128,110
151,122 128,110
151,123 128,110
151,124 128,110
151,125 128,110
152,126 128,110
152,127 128,110
153,128 128,110
154,129 127,111
146,95 128,109
145,96 128,109
145,97 128,109
145,98 128,109
145,99 128,109
146,100 128,109
146,101 128,109
146,102 128,109
146,103 128,109
147,104 128,109
147,105 128,109
147,106 128,109
147,107 128,109
147,108 128,109
148,109 128,109
148,110 128,109
148,111 128,109
148,112 127,110
149,113 127,110
149,114 127,110
149,115 127,110
149,116 127,110
149,117 127,110
149,118 127,110
149,119 127,110
150,120 127,110
150,121 127,110
150,122 127,110
150,123 127,110
150,124 127,110
150,125 127,110
151,126 127,110
151,127 127,110
152,128 127,110
153,129 126,111
146,95 128,108
145,96 128,108
145,97 128,108
145,98 128,108
145,99 128,108
146,100 128,108
146,101 128,108
146,102 128,108
146,103 128,108
147,104 128,108
147,105 128,108
147,106 128,108
147,107 128,108
147,108 128,108
148,109 128,108
148,110 128,108
148,111 128,108
148,112 127,109
149,113 127,109
149,114 127,109
149,115 127,109
149,116 127,109
149,117 127,109
149,118 127,109
149,119 127,109
150,120 127,109
150,121 127,109
150,122 127,109
150,123 127,109
150,124 127,109
150,125 127,109
151,126 127,109
151,127 127,109
152,128 127,109
153,129 126,110
146,95 127,108
145,96 127,108
145,97 127,108
145,98 127,108
145,99 127,108
146,100 127,108
146,101 127,108
146,102 127,108
146,103 127,108
147,104 127,108
147,105 127,108
147,106 127,108
147,107 127,108
147,108 127,108
148,109 127,108
148,110 127,108
148,111 127,108
148,112 126,109
149,113 126,109
149,114 126,109
149,115 126,109
149,116 126,109
149,117 126,109
149,118 126,109
149,119 126,109
150,120 126,109
150,121 126,109
150,122 126,109
150,123 126,109
150,124 126,109
150,125 126,109
151,126 126,109
151,127 126,109
152,128 126,109
153,129 125,110
146,95 127,107
145,96 127,107
145,97 127,107
145,98 127,107
145,99 127,107
146,100 127,107
146,101 127,107
146,102 127,107
146,103 127,107
147,104 127,107
147,105 127,107
147,106 127,107
147,107 126,108
147,108 126,108
148,109 126,108
148,110 126,108
148,111 126,108
148,112 126,108
149,113 126,108
149,114 126,108
149,115 126,108
149,116 126,108
149,117 126,108
149,118 125,109
149,119 125,109
150,120 125,109
150,121 125,109
150,122 125,109
150,123 125,109
150,124 125,109
150,125 125,109
151,126 125,109
151,127 125,109
152,128 125,109
153,129 124,110
146,95 126,107
145,96 126,107
145,97 126,107
145,98 126,107
145,99 126,107
146,100 126,107
146,101 126,107
146,102 126,107
146,103 126,107
147,104 126,107
147,105 126,107
147,106 126,107
147,107 126,107
147,108 126,107
148,109 126,107
148,110 126,107
148,111 126,107
148,112 125,108
149,113 125,108
149,114 125,108
149,115 125,108
149,116 125,108
149,117 125,108
149,118 125,108
149,119 125,108
150,120 125,108
150,121 125,108
150,122 125,108
150,123 125,108
150,124 125,108
150,125 125,108
151,126 125,108
151,127 125,108
152,128 125,108
153,129 124,109
146,95 126,106
145,96 126,106
145,97 126,106
145,98 126,106
145,99 126,106
146,100 126,106
146,101 126,106
146,102 126,106
146,103 126,106
147,104 126,106
147,105 126,106
147,106 126,106
147,107 125,107
147,108 125,107
148,109 125,107
148,110 125,107
148,111 125,107
148,112 125,107
149,113 125,107
149,114 125,107
149,115 125,107
149,116 125,107
149,117 125,107
149,118 124,108
149,119 124,108
150,120 124,108
150,121 124,108
150,122 124,108
150,123 124,108
150,124 124,108
150,125 124,108
151,126 124,108
151,127 124,108
152,128 124,108
153,129 123,109
146,94 125,106
145,95 125,106
144,96 125,106
144,97 125,106
144,98 125,106
144,99 125,106
145,100 125,106
145,101 125,106
145,102 125,106
145,103 125,106
146,104 125,106
146,105 125,106
146,106 125,106
146,107 125,106
146,108 125,106
147,109 125,106
147,110 125,106
147,111 125,106
147,112 124,107
148,113 124,107
148,114 124,107
148,115 124,107
148,116 124,107
148,117 124,107
148,118 124,107
148,119 124,107
149,120 124,107
149,121 124,107
149,122 124,107
149,123 124,107
149,124 124,107
149,125 124,107
150,126 124,107
150,127 124,107
151,128 124,107
152,129 123,108
146,94 125,105
145,95 125,105
144,96 125,105
144,97 125,105
144,98 125,105
144,99 125,105
145,100 125,105
145,101 125,105
145,102 125,105
145,103 125,105
146,104 125,105
146,105 125,105
146,106 124,106
146,107 124,106
146,108 124,106
147,109 124,106
147,110 124,106
147,111 124,106
147,112 124,106
148,113 124,106
148,114 124,106
148,115 124,106
148,116 124,106
148,117 124,106
148,118 123,107
148,119 123,107
149,120 123,107
149,121 123,107
149,122 123,107
149,123 123,107
149,124 123,107
149,125 123,107
150,126 123,107
150,127 123,107
151,128 123,107
152,129 122,108
146,94 125,104
145,95 125,104
144,96 125,104
144,97 125,104
144,98 125,104
144,99 125,104
145,100 125,104
145,101 125,104
145,102 125,104
145,103 124,105
146,104 124,105
146,105 124,105
146,106 124,105
146,107 124,105
146,108 124,105
147,109 124,105
147,110 124,105
147,111 124,105
147,112 123,106
148,113 123,106
148,114 123,106
148,115 123,106
148,116 123,106
148,117 123,106
148,118 123,106
148,119 123,106
149,120 123,106
149,121 122,107
149,122 122,107
149,123 122,107
149,124 122,107
149,125 122,107
150,126 122,107
150,127 122,107
151,128 122,107
152,129 121,108
146,94 124,104
145,95 124,104
144,96 124,104
144,97 124,104
144,98 124,104
144,99 124,104
145,100 124,104
145,101 124,104
145,102 124,104
145,103 124,104
146,104 124,104
146,105 124,104
146,106 123,105
146,107 123,105
146,108 123,105
147,109 123,105
147,110 123,105
147,111 123,105
147,112 123,105
148,113 123,105
148,114 123,105
148,115 123,105
148,116 123,105
148,117 123,105
148,118 122,106
148,119 122,106
149,120 122,106
149,121 122,106
149,122 122,106
149,123 122,106
149,124 122,106
149,125 122,106
150,126 122,106
150,127 122,106
151,128 122,106
152,129 121,107
146,94 124,103
145,95 124,103
144,96 124,103
144,97 124,103
144,98 124,103
144,99 124,103
145,100 124,103
145,101 124,103
145,102 124,103
145,103 123,104
146,104 123,104
146,105 123,104
146,106 123,104
146,107 123,104
146,108 123,104
147,109 123,104
147,110 123,104
147,111 123,104
147,112 122,105
148,113 122,105
148,114 122,105
148,115 122,105
148,116 122,105
148,117 122,105
148,118 122,105
148,119 122,105
149,120 122,105
149,121 121,106
149,122 121,106
149,123 121,106
149,124 121,106
149,125 121,106
150,126 121,106
150,127 121,106
151,128 121,106
152,129 120,107
145,94 124,102
144,95 124,102
143,96 124,102
143,97 124,102
144,100 124,102
144,101 124,102
145,104 124,102
145,105 124,102
145,106 123,103
145,107 123,103
146,109 123,103
146,110 123,103
146,111 123,103
146,112 123,103
147,113 123,103
147,114 122,104
147,115 122,104
147,116 122,104
147,117 122,104
147,118 122,104
147,119 122,104
148,120 122,104
148,121 122,104
148,122 121,105
148,123 121,105
148,124 121,105
148,125 121,105
149,126 121,105
149,127 121,105
150,128 121,105
151,129 120,106
145,94 124,101
144,95 124,101
143,96 124,101
143,97 124,101
144,100 124,101
144,101 124,101
145,104 123,102
145,105 123,102
145,106 123,102
145,107 123,102
146,109 123,102
146,110 123,102
146,111 122,103
146,112 122,103
147,113 122,103
147,114 122,103
147,115 122,103
147,116 122,103
147,117 121,104
147,118 121,104
147,119 121,104
148,120 121,104
148,121 121,104
148,122 121,104
148,123 120,105
148,124 120,105
148,125 120,105
149,126 120,105
149,127 120,105
150,128 120,105
151,129 119,106
145,94 124,100
144,95 124,100
143,96 124,100
143,97 124,100
144,100 124,100
144,101 123,101
145,104 123,101
145,105 123,101
145,106 123,101
145,107 123,101
146,109 122,102
146,110 122,102
146,111 122,102
146,112 122,102
147,113 122,102
147,114 121,103
147,115 121,103
147,116 121,103
147,117 121,103
147,118 121,103
147,119 120,104
148,120 120,104
148,121 120,104
148,122 120,104
148,123 120,104
148,124 119,105
148,125 119,105
149,126 119,105
149,127 119,105
150,128 119,105
151,129 118,106
145,94 124,99
144,95 124,99
143,96 124,99
143,97 124,99
144,100 124,99
144,101 123,100
145,104 123,100
145,105 123,100
145,106 123,100
145,107 123,100
146,109 122,101
146,110 122,101
146,111 122,101
146,112 122,101
147,113 122,101
147,114 121,102
147,115 121,102
147,116 121,102
147,117 121,102
147,118 121,102
147,119 120,103
148,120 120,103
148,121 120,103
148,122 120,103
148,123 120,103
148,124 119,104
148,125 119,104
149,126 119,104
149,127 119,104
150,128 119,104
151,129 118,105
145,94 124,98
144,95 124,98
143,96 124,98
143,97 124,98
144,100 124,98
144,101 123,99
145,104 123,99
145,105 123,99
145,106 123,99
145,107 122,100
146,109 122,100
146,110 122,100
146,111 122,100
146,112 121,101
147,113 121,101
147,114 121,101
147,115 121,101
147,116 121,101
147,117 120,102
147,118 120,102
147,119 120,102
148,120 120,102
148,121 119,103
148,122 119,103
148,123 119,103
148,124 119,103
148,125 118,104
149,126 118,104
149,127 118,104
150,128 118,104
151,129 117,105
144,94 125,98
143,95 125,98
146,113 125,98
146,114 124,97
146,115 124,97
146,116 123,98
146,117 123,98
146,118 122,99
146,119 122,99
147,120 121,100
147,121 121,100
147,122 121,100
147,123 120,101
147,124 120,101
147,125 119,102
148,126 119,102
148,127 118,103
149,128 118,103
150,129 117,104
144,94 125,97
143,95 125,97
146,113 124,96
146,114 124,96
146,115 123,97
146,116 123,97
146,117 122,98
146,118 122,98
146,119 121,99
147,120 121,99
147,121 120,100
147,122 120,100
147,123 119,101
147,124 119,101
147,125 118,102
148,126 118,102
148,127 117,103
149,128 117,103
150,129 116,104
144,94 125,96
143,95 125,96
146,113 124,95
146,114 124,95
146,115 123,96
146,116 123,96
146,117 122,97
146,118 122,97
146,119 121,98
147,120 120,99
147,121 120,99
147,122 119,100
147,123 119,100
147,124 118,101
147,125 118,101
148,126 117,102
148,127 117,102
149,128 116,103
150,129 115,104
144,94 125,95
143,95 125,95
146,113 124,94
146,114 124,94
146,115 123,95
146,116 123,95
146,117 122,96
146,118 122,96
146,119 121,97
147,120 120,98
147,121 120,98
147,122 119,99
147,123 119,99
147,124 118,100
147,125 118,100
148,126 117,101
148,127 117,101
149,128 116,102
150,129 115,103
144,94 125,94
143,95 125,94
146,113 124,93
146,114 124,93
146,115 123,94
146,116 122,95
146,117 122,95
146,118 121,96
146,119 121,96
147,120 120,97
147,121 119,98
147,122 119,98
147,123 118,99
147,124 118,99
147,125 117,100
148,126 116,101
148,127 116,101
149,128 115,102
150,129 114,103
144,94 125,93
143,95 125,93
146,113 124,92
146,114 124,92
146,115 123,93
146,116 122,94
146,117 122,94
146,118 121,95
146,119 121,95
147,120 120,96
147,121 119,97
147,122 119,97
147,123 118,98
147,124 118,98
147,125 117,99
148,126 116,100
148,127 116,100
149,128 115,101
150,129 114,102
143,94 125,92
143,94 124,91
142,95 123,92
146,120 122,93
146,121 121,94
146,122 120,95
146,123 119,96
146,124 118,97
146,125 117,98
147,126 116,99
147,127 115,100
148,128 114,101
149,129 113,102
143,94 125,91
143,94 124,90
142,95 123,91
146,120 122,92
146,121 121,93
146,122 120,94
146,123 119,95
146,123 118,96
146,124 117,97
146,125 116,98
147,126 115,99
147,127 114,100
148,128 113,101
149,129 112,102
143,94 126,91
143,94 125,90
142,95 124,89
146,120 123,90
146,121 122,91
146,121 121,92
146,122 120,93
146,123 119,94
146,124 118,95
146,125 117,96
146,125 116,97
147,126 115,98
147,127 114,99
148,128 113,100
149,129 112,101
143,94 126,90
143,94 125,89
142,95 124,88
146,120 123,89
146,120 122,90
146,121 121,91
146,122 120,92
146,123 119,93
146,123 118,94
146,124 117,95
146,125 116,96
147,126 115,97
147,126 114,98
147,127 113,99
148,128 112,100
149,129 111,101
143,94 126,89
143,94 125,88
142,95 124,87
146,120 123,88
146,120 122,89
146,121 121,90
146,122 120,91
146,123 119,92
146,123 118,93
146,124 117,94
146,125 116,95
147,126 115,96
147,126 114,97
147,127 113,98
148,128 112,99
149,129 111,100
142,94 126,88
142,94 125,87
142,94 124,86
142,94 123,87
146,126 122,88
146,126 121,89
146,126 120,90
146,126 119,91
146,127 118,92
146,127 117,93
146,127 116,94
146,127 115,95
147,128 114,96
147,128 113,97
147,128 112,98
147,128 111,99
148,129 110,100
142,94 126,87
142,94 125,86
142,94 124,85
142,94 123,86
146,126 122,87
146,126 121,88
146,126 120,89
146,126 119,90
146,127 118,91
146,127 117,92
146,127 116,93
146,127 115,94
147,128 114,95
147,128 113,96
147,128 112,97
147,128 111,98
148,129 110,99
142,94 126,86
142,94 125,85
142,94 123,85
142,94 122,86
146,126 121,87
146,126 120,88
146,126 119,89
146,126 118,90
146,127 117,91
146,127 116,92
146,127 115,93
146,127 114,94
147,128 113,95
147,128 112,96
147,128 111,97
147,128 110,98
148,129 109,99
142,94 123,84
142,94 122,85
142,94 121,86
142,94 120,87
146,126 119,88
146,126 118,89
146,126 117,90
146,126 116,91
146,127 115,92
146,127 114,93
146,127 113,94
146,127 112,95
147,128 111,96
147,128 110,97
147,128 109,98
148,129 108,99
142,94 122,84
142,94 121,85
142,94 120,86
142,94 119,87
146,126 118,88
146,126 117,89
146,126 116,90
146,126 115,91
146,127 114,92
146,127 113,93
146,127 112,94
146,127 111,95
147,128 110,96
147,128 109,97
147,128 108,98
148,129 107,99
146,128 121,84
146,128 120,85
146,128 119,86
146,128 118,87
146,128 117,88
146,128 116,89
146,128 115,90
146,128 114,91
146,128 113,92
146,128 112,93
146,128 111,94
146,128 110,95
147,129 109,96
146,128 121,83
146,128 120,84
146,128 119,85
146,128 118,86
146,128 117,87
146,128 116,88
146,128 115,89
146,128 114,90
146,128 113,91
146,128 112,92
146,128 111,93
147,129 110,94
146,128 120,83
146,128 119,84
146,128 118,85
146,128 117,86
146,128 116,87
146,128 115,88
146,128 114,89
146,128 113,90
147,129 112,91
146,128 119,83
146,128 118,84
146,128 117,85
146,128 116,86
146,128 115,87
147,129 114,88
146,128 119,82
146,128 118,83
146,128 117,84
147,129 116,85
146,129 118,82
