118,244 108,238
118,244 107,237
118,243 106,236
118,242 105,235
117,241 104,235
117,241 103,234
116,240 102,234
115,240 101,234
114,241 100,234
113,242 99,234
113,242 98,234
113,243 97,234
112,244 96,234
112,245 95,234
112,246 94,234
118,244 107,238
118,244 106,237
118,243 105,236
118,242 104,236
117,241 103,235
116,240 102,235
115,240 101,235
115,240 100,235
114,241 99,235
113,242 98,235
113,243 97,235
112,244 96,235
112,245 95,235
112,246 94,235
118,244 107,239
118,244 106,238
118,243 105,237
118,242 104,237
117,241 103,236
117,241 102,236
116,240 101,236
115,240 100,236
114,241 99,236
113,242 98,236
113,242 97,236
113,243 96,236
112,244 95,236
112,245 94,236
112,246 93,235
118,245 106,239
118,245 105,238
117,244 104,238
117,243 103,237
117,242 102,237
116,241 101,237
115,241 100,237
115,241 99,237
114,242 98,237
114,243 97,237
113,244 96,237
113,245 95,237
113,246 94,237
112,247 93,236
118,245 106,240
118,245 105,239
117,244 104,239
117,243 103,238
117,242 102,238
116,241 101,238
115,241 100,238
115,241 99,238
114,242 98,238
114,243 97,238
113,244 96,238
113,245 95,238
113,246 94,238
112,247 93,237
118,246 105,240
118,246 104,240
117,245 103,239
116,244 102,239
116,243 101,239
115,242 100,239
116,242 99,239
116,242 98,239
115,243 97,239
114,244 96,239
114,245 95,239
114,246 94,239
113,247 93,238
118,246 105,241
118,246 104,241
117,245 103,240
116,244 102,240
116,243 101,240
116,243 100,240
115,242 99,240
116,242 98,240
115,243 97,240
115,243 96,240
114,244 95,240
114,245 94,240
114,246 93,239
113,247 92,238
118,246 103,241
118,246 102,241
117,245 101,241
116,244 100,241
116,243 99,241
115,242 98,241
116,242 97,241
115,243 96,241
114,244 95,241
114,245 94,241
114,246 93,240
113,247 92,239
118,247 103,242
118,247 102,242
117,246 101,242
117,246 100,242
116,245 99,242
116,245 98,242
115,244 97,242
115,244 96,242
115,245 95,242
115,245 94,242
115,246 93,241
114,247 92,240
118,247 102,243
118,247 101,243
117,246 100,243
117,246 99,243
116,245 98,243
115,244 97,243
115,244 96,243
115,245 95,243
115,245 94,243
115,246 93,242
114,247 92,241
119,247 100,244
119,247 99,244
118,248 98,244
118,248 97,244
117,247 96,244
116,246 95,244
116,246 94,244
115,247 93,243
114,248 92,242
119,247 99,245
119,247 98,245
118,248 97,245
117,247 96,245
117,247 95,245
116,246 94,245
115,247 93,244
114,248 92,243
119,247 97,246
119,247 96,246
118,248 95,246
117,247 94,246
116,246 93,245
115,247 92,244
114,248 91,243
119,248 95,247
118,249 95,247
117,248 94,247
116,247 93,246
115,248 92,245
119,246 91,244
119,248 93,247
118,249 93,247
117,248 93,247
116,247 92,246
115,248 92,246
119,246 91,245
118,250 92,247
117,249 92,247
116,248 92,247
119,245 91,246
118,250 92,248
117,249 92,248
116,248 92,248
119,245 91,247
117,250 91,248
116,249 91,248
