5,26 4,18
5,26 5,18
6,26 6,18
7,26 7,18
7,26 8,18
8,26 9,18
9,26 10,18
10,26 11,18
5,26 4,19
5,26 5,19
6,26 6,19
7,26 7,19
7,26 8,19
8,26 9,19
9,26 10,19
10,26 11,19
5,26 4,20
5,26 5,20
6,26 6,20
7,26 7,20
7,26 8,20
8,26 9,20
9,26 10,20
10,26 11,20
5,27 4,21
5,27 5,21
6,27 6,21
7,27 7,21
7,27 8,21
8,27 9,21
9,27 10,21
10,27 11,21
5,27 4,22
5,27 5,22
6,27 6,22
7,27 7,22
7,27 8,22
8,27 9,22
9,27 10,22
10,27 11,22
5,27 4,23
5,27 5,23
6,27 6,23
7,27 7,23
7,27 8,23
8,27 9,23
9,27 10,23
10,27 11,23
5,28 3,23
5,28 4,24
6,28 5,24
6,28 6,24
7,28 7,24
7,28 8,24
8,28 9,24
8,28 10,24
9,28 11,24
10,28 12,23
5,28 3,24
5,28 4,25
6,28 5,25
7,28 6,25
7,28 9,25
8,28 10,25
9,28 11,25
10,28 12,24
5,28 2,24
5,28 3,25
6,28 4,26
7,28 5,26
7,28 10,26
8,28 11,26
9,28 12,25
10,28 13,24
4,28 2,25
4,28 3,26
5,29 4,27
6,29 5,27
6,29 10,27
9,29 11,27
10,29 12,26
11,28 13,25
4,28 1,25
5,29 2,26
6,29 3,27
9,29 12,27
10,29 13,26
11,28 14,25
4,28 1,26
5,29 1,26
6,29 2,27
9,29 2,27
10,29 13,27
11,28 14,26
4,29 1,27
11,29 14,27
