36,50 28,57
37,50 28,57
35,51 28,57
37,51 28,57
34,52 29,57
37,52 29,57
35,52 29,57
36,52 27,58
36,51 28,57
36,51 29,57
36,51 27,58
38,60 29,63
38,59 29,63
38,58 28,63
39,57 28,62
38,57 29,61
40,56 28,61
39,56 30,60
40,55 29,60
39,55 30,59
38,55 29,59
37,55 29,59
37,54 29,58
36,54 28,58
35,54 28,59
35,55 27,59
34,55 27,60
34,56 26,60
33,56 26,61
32,56 25,61
32,57 25,62
37,59 28,64
37,58 28,64
37,57 27,64
38,56 27,63
37,56 27,62
36,56 27,61
36,55 27,61
35,56 28,60
35,57 26,62
34,57 26,63
33,57 25,63
33,58 24,63
36,59 26,64
36,58 26,64
36,57 26,64
35,58 26,64
34,58 26,64
34,59 25,64
39,61 31,65
39,61 31,64
40,60 31,63
40,59 31,62
40,59 30,62
41,59 31,61
41,58 32,61
41,58 32,60
42,58 33,60
42,57 34,60
42,57 34,59
43,57 35,59
44,57 36,59
44,57 37,60
45,57 36,60
45,58 37,61
45,58 37,62
45,59 37,63
45,60 38,64
45,60 37,64
45,61 38,65
45,62 38,66
39,61 32,65
39,61 32,64
40,60 32,63
40,59 32,62
41,59 33,62
41,58 33,61
42,58 34,61
42,57 35,61
43,57 35,60
43,57 36,61
44,57 36,62
45,57 36,63
45,58 36,64
45,59 37,65
45,60 36,65
45,61 37,66
45,62 37,67
41,60 33,66
41,60 33,65
42,60 33,64
42,59 33,63
42,59 34,63
43,59 34,62
43,58 35,62
43,58 35,63
44,58 35,64
44,59 35,65
44,59 36,66
44,60 35,66
44,61 36,67
42,61 34,67
42,61 33,67
42,61 34,66
42,61 34,65
42,61 34,64
43,60 35,67
47,61 40,65
47,61 40,64
47,60 40,63
47,59 39,63
47,58 39,62
47,57 39,61
48,57 40,61
48,57 41,61
49,57 42,61
50,58 43,62
49,58 42,62
50,59 43,63
49,60 43,64
49,59 43,65
48,61 41,65
48,61 41,64
48,61 41,63
48,60 41,62
48,60 40,62
48,60 42,63
48,59 42,64
48,59 42,65
48,58 42,66
51,60 45,67
51,60 45,66
51,60 45,65
52,60 45,64
52,60 45,63
52,59 45,62
52,59 45,61
52,58 45,60
52,58 44,60
52,58 45,59
52,57 46,59
52,57 47,59
51,57 48,59
51,57 49,60
51,56 48,60
51,56 50,61
51,56 49,61
52,56 50,62
52,56 50,63
52,55 51,64
52,55 51,65
53,55 50,65
53,55 49,65
53,55 49,63
53,54 48,65
53,54 48,63
54,54 47,65
54,54 47,64
55,54 47,63
53,60 45,67
53,60 45,66
53,60 45,65
53,60 45,64
53,59 45,63
53,59 45,62
53,59 45,61
53,58 45,60
53,58 44,60
53,58 45,59
53,58 46,59
53,57 47,59
53,57 48,59
53,57 49,60
53,56 48,60
53,56 50,61
53,56 49,61
53,56 50,62
54,56 50,63
54,56 51,64
54,56 51,65
54,55 50,65
54,55 49,65
54,55 49,63
54,55 48,65
55,55 48,63
55,55 47,65
55,55 47,64
56,55 47,63
54,61 46,66
54,61 46,65
54,61 46,64
54,60 46,63
54,60 46,62
54,59 46,61
54,59 46,60
54,58 47,60
54,58 48,61
54,57 47,61
54,57 49,62
55,57 48,62
55,57 51,66
55,56 50,66
55,56 49,66
56,56 48,66
56,56 47,66
57,56 47,62
55,60 46,66
55,60 46,65
55,60 46,64
55,60 46,63
55,60 46,62
55,58 46,61
55,58 46,60
55,58 47,60
55,58 48,61
56,58 47,61
56,58 49,62
56,58 48,62
56,58 51,66
56,57 50,66
56,57 49,66
56,57 48,66
56,57 47,66
57,57 47,62
56,61 47,67
56,61 51,67
56,60 50,67
56,60 49,67
57,58 48,67
57,60 48,68
57,60 50,68
57,60 49,68
56,49 65,56
56,49 67,56
58,49 64,57
58,49 68,57
56,50 58,58
59,50 69,58
59,50 57,59
56,51 69,59
56,51 53,60
63,51 71,60
56,52 52,61
56,52 74,61
65,52 52,62
56,53 75,62
56,53 52,63
66,53 74,63
66,53 52,64
58,54 71,64
66,54 73,64
66,54 52,65
59,55 70,65
68,55 72,65
68,55 52,66
59,56 54,66
59,56 56,66
67,56 58,66
59,57 60,66
59,57 63,66
65,57 65,66
59,58 67,66
59,58 68,66
63,58 53,67
63,58 55,67
58,59 57,67
60,59 59,67
60,59 64,67
62,59 66,67
64,59 68,67
64,59 52,68
59,60 54,68
59,60 65,68
61,60 54,60
63,60 55,60
63,60 55,65
58,61 56,60
62,61 57,65
62,61 59,58
57,49 59,65
57,49 60,58
57,53 61,58
60,51 61,66
60,51 62,58
61,51 62,66
61,58 63,58
61,58 64,65
62,51 66,56
62,51 66,65
64,52 69,65
64,57 70,60
64,57 72,61
66,56 72,63
67,55 73,61
56,49 66,57
56,49 65,57
58,49 67,57
58,49 65,58
56,50 64,58
59,50 68,58
59,50 67,58
56,51 59,59
56,51 58,59
63,51 68,59
56,52 58,60
56,52 57,60
65,52 69,60
65,52 68,60
56,53 54,61
66,53 53,61
66,53 71,61
58,54 70,61
58,54 53,62
66,54 74,62
59,55 73,62
59,55 53,63
68,55 53,64
68,55 73,63
59,56 53,65
67,56 70,64
67,56 71,63
59,57 70,63
59,57 53,66
65,57 69,64
59,58 54,65
59,58 56,65
63,58 58,65
63,58 61,65
58,59 60,65
60,59 63,65
60,59 62,65
62,59 65,65
62,59 68,65
64,59 67,65
59,60 55,61
59,60 56,61
61,60 56,64
61,60 55,64
63,60 54,64
58,61 57,61
58,61 58,64
62,61 57,64
62,61 60,59
57,49 60,64
57,53 59,64
57,53 61,59
60,51 62,59
60,51 63,59
61,51 64,59
61,58 65,64
61,58 64,64
62,51 63,64
62,51 67,64
64,52 66,64
64,57 68,64
64,57 69,61
66,56 72,62
67,55 71,62
57,50 66,58
57,50 66,59
58,50 65,59
57,51 67,59
59,51 60,60
58,51 59,60
58,51 67,60
57,52 59,61
63,52 58,61
62,52 68,61
65,53 67,61
65,53 55,62
64,53 54,62
65,54 70,62
59,54 69,62
59,53 54,63
59,53 69,63
58,53 68,63
66,55 62,64
65,55 61,64
60,56 56,62
60,56 57,62
60,55 57,63
60,54 56,63
60,57 55,63
60,58 58,62
60,58 59,63
65,56 58,63
64,56 61,60
59,59 61,63
62,58 60,63
62,58 62,60
63,57 63,60
62,57 64,60
58,52 65,60
61,52 66,63
61,52 65,63
60,52 64,63
59,52 63,63
61,57 62,63
63,53 67,63
63,56 68,62
62,53 66,60
62,53 61,61
61,53 60,61
64,54 66,61
63,54 60,62
63,54 59,62
64,55 67,62
60,53 66,62
61,56 62,61
61,56 62,62
61,55 61,62
61,54 63,61
63,55 64,61
63,55 65,61
62,56 65,62
62,54 64,62
62,55 63,62
39,53 32,58
39,52 32,57
39,51 32,56
39,50 31,56
39,49 31,55
39,48 30,55
39,47 30,54
39,46 30,53
39,45 30,52
39,44 30,51
40,44 30,50
40,43 30,49
40,42 30,48
40,41 31,48
41,41 31,47
41,40 31,46
42,40 32,46
42,39 32,45
43,39 33,45
44,39 34,45
44,38 34,44
45,38 35,44
46,38 36,44
47,38 37,44
48,38 38,44
49,38 39,44
51,39 41,45
50,39 40,45
49,39 39,45
52,40 42,46
51,40 41,46
52,41 42,47
53,42 43,48
52,42 42,48
53,43 43,49
54,44 43,50
53,44 44,51
54,45 43,51
54,46 44,52
54,47 44,53
54,48 44,54
54,49 44,55
54,50 44,56
54,51 45,57
54,52 44,57
40,53 32,58
40,53 32,57
40,52 32,56
40,51 31,56
40,50 31,55
40,49 30,55
40,48 30,54
40,47 30,53
40,46 30,52
40,45 30,51
41,45 30,50
41,44 30,49
41,44 30,48
41,43 31,48
41,42 31,47
42,42 31,46
42,41 32,46
43,41 32,45
43,40 33,45
44,40 34,45
45,40 34,44
45,39 35,44
46,39 36,44
46,39 37,44
47,39 38,44
48,39 39,44
50,40 41,45
49,40 40,45
48,40 39,45
51,41 42,46
50,41 41,46
51,42 42,47
52,43 43,48
51,43 42,48
51,43 43,49
52,44 43,50
53,45 44,51
52,45 43,51
53,46 44,52
53,47 44,53
53,48 44,54
53,49 44,55
53,50 44,56
53,51 45,57
53,52 44,57
41,54 33,58
41,54 33,57
41,53 33,56
41,52 33,55
41,51 32,55
41,50 32,54
41,49 31,54
41,48 31,53
41,47 31,52
41,46 31,51
42,46 31,50
42,45 31,49
42,44 32,49
42,43 32,48
42,43 32,47
43,43 33,47
43,42 33,46
44,42 34,46
44,41 35,46
45,41 35,45
46,41 36,45
46,40 37,45
47,40 38,45
49,41 40,46
48,41 39,46
47,41 38,46
50,42 41,47
49,42 40,47
49,42 41,48
50,43 42,49
51,44 41,49
50,44 42,50
51,45 42,51
52,46 43,52
51,46 42,52
52,47 43,53
52,48 43,54
52,49 43,55
52,50 43,56
52,51 43,57
52,52 44,58
52,53 43,58
42,55 34,57
42,55 34,56
42,54 34,55
42,53 34,54
42,52 33,54
42,51 33,53
42,50 32,53
42,49 32,52
42,48 32,51
42,47 32,50
43,47 33,50
43,46 33,49
43,45 33,48
43,45 34,48
43,44 34,47
44,44 35,47
44,43 36,47
45,43 36,46
45,42 37,46
46,42 39,47
47,42 38,47
48,42 37,47
49,43 40,48
48,43 39,48
49,44 40,49
49,44 41,50
50,45 40,50
49,45 41,51
50,46 41,52
51,47 42,53
50,47 41,53
51,48 42,54
51,49 42,55
51,50 42,56
51,51 42,57
51,52 42,58
51,53 43,59
51,54 42,59
43,55 35,57
43,54 35,57
43,53 35,56
43,52 35,55
43,51 35,54
43,50 35,53
43,49 34,53
43,48 34,52
44,48 33,52
44,47 33,51
44,46 34,51
44,45 34,50
45,45 34,49
45,44 35,49
46,44 35,48
46,43 36,48
47,43 37,48
48,44 38,48
47,44 39,49
48,45 38,49
49,46 39,50
48,46 40,51
49,47 39,51
50,48 40,52
49,48 40,53
50,49 41,54
50,50 40,54
50,51 41,55
50,52 41,56
50,53 41,57
50,54 41,58
50,55 41,59
44,55 36,57
44,54 36,57
44,53 36,56
44,52 36,55
44,51 36,54
44,50 36,53
44,49 36,52
45,49 35,52
45,48 35,51
45,47 35,50
45,46 36,50
46,46 36,49
46,45 37,49
47,45 38,50
47,46 37,50
48,47 38,51
47,47 39,52
48,48 38,52
49,49 39,53
48,49 39,54
49,50 40,55
49,51 39,55
49,52 40,56
49,53 40,57
49,54 40,58
49,55 40,59
45,55 37,58
45,54 37,58
45,53 37,57
45,52 37,56
45,51 37,55
45,50 37,54
46,50 37,53
46,49 37,52
46,48 37,51
46,47 36,51
47,48 36,51
47,49 38,53
48,50 38,54
47,50 38,55
48,51 39,56
48,52 38,56
48,53 39,57
48,54 39,58
48,55 39,59
46,56 38,59
46,55 38,59
46,54 38,59
46,53 38,59
46,52 38,59
46,51 38,58
47,51 38,58
47,52 38,58
47,53 38,58
47,54 38,58
47,55 38,57
56,49 47,28
56,49 52,28
56,49 45,29
56,49 54,29
56,49 44,30
56,49 55,30
56,49 43,31
56,49 56,31
56,49 43,32
58,49 57,32
58,49 42,33
58,49 57,33
58,49 42,34
58,49 58,34
58,49 41,35
58,49 58,35
58,49 40,36
58,50 58,36
58,50 40,37
58,50 58,37
58,50 40,38
58,50 58,38
58,50 41,39
58,50 58,39
58,50 41,40
59,50 58,40
59,50 41,41
59,50 58,41
59,50 41,42
59,50 58,42
59,50 41,43
59,50 58,43
59,50 42,44
59,50 58,44
59,51 43,45
59,51 58,45
59,51 44,46
59,51 58,46
59,51 44,47
59,51 58,47
59,51 45,48
59,51 58,48
63,51 45,49
63,51 58,49
63,51 45,50
63,51 58,50
63,51 46,51
63,51 58,51
63,51 46,52
63,51 58,52
57,49 46,53
57,49 58,53
57,49 46,54
57,49 58,54
57,49 46,55
57,49 58,55
57,49 46,56
57,49 58,56
57,49 47,57
60,51 58,57
60,51 49,58
60,51 57,58
60,51 50,59
60,51 56,59
60,51 51,60
60,51 52,60
60,51 46,29
61,51 48,28
61,51 48,57
61,51 49,28
61,51 50,28
61,51 51,28
61,51 53,29
61,51 53,59
61,51 54,59
62,51 55,59
56,49 48,29
56,49 47,29
56,49 52,29
56,49 51,29
56,49 46,30
56,49 45,30
56,49 54,30
56,49 53,30
56,49 45,31
56,49 44,31
56,49 55,31
58,49 54,31
58,49 44,32
58,49 56,32
58,49 55,32
58,49 44,33
58,49 43,33
58,49 56,33
58,49 43,34
58,49 57,34
58,49 56,34
58,50 43,35
58,50 42,35
58,50 57,35
58,50 42,36
58,50 41,36
58,50 57,36
58,50 41,37
58,50 57,37
58,50 41,38
58,50 57,38
59,50 57,39
59,50 42,40
59,50 42,39
59,50 42,38
59,50 57,40
59,50 42,41
59,50 57,41
59,50 42,42
59,50 57,42
59,50 42,43
59,51 57,43
59,51 57,44
59,51 43,44
59,51 43,43
59,51 57,45
59,51 44,45
59,51 44,44
59,51 57,46
59,51 45,47
59,51 45,46
63,51 45,45
63,51 57,47
63,51 57,48
63,51 46,49
63,51 46,48
63,51 46,47
63,51 57,49
63,51 46,50
63,51 57,50
63,51 57,51
57,49 47,52
57,49 47,51
57,49 47,50
57,49 57,52
57,49 47,53
57,49 57,53
57,49 47,54
57,49 57,54
57,49 47,55
57,49 57,55
60,51 47,56
60,51 57,56
60,51 57,57
60,51 48,56
60,51 50,58
60,51 50,57
60,51 49,57
60,51 56,58
60,51 56,57
60,51 51,59
61,51 51,58
61,51 55,58
61,51 52,59
61,51 47,30
61,51 49,29
61,51 49,56
61,51 50,29
61,51 52,30
61,51 54,58
61,51 53,58
62,51 52,58
56,49 49,30
56,49 48,30
56,49 51,30
56,49 50,30
56,49 47,31
56,49 46,31
56,49 53,31
56,49 52,31
56,49 46,32
58,49 45,32
58,49 54,32
58,49 53,32
58,49 45,33
58,49 55,33
58,49 54,33
58,49 45,34
58,49 44,34
58,49 55,34
58,50 44,35
58,50 56,35
58,50 55,35
58,50 44,36
58,50 43,36
58,50 56,36
58,50 43,37
58,50 42,37
58,50 56,37
59,50 56,38
59,50 56,39
59,50 56,40
59,50 43,41
59,50 43,40
59,50 43,39
59,50 43,38
59,50 56,41
59,50 43,42
59,51 56,42
59,51 56,43
59,51 56,44
59,51 56,45
59,51 44,43
59,51 44,42
59,51 56,46
59,51 45,44
59,51 45,43
63,51 56,47
63,51 46,46
63,51 46,45
63,51 46,44
63,51 56,48
63,51 56,49
63,51 47,49
63,51 47,48
63,51 47,47
57,49 47,46
57,49 56,50
57,49 56,51
57,49 56,52
57,49 48,53
57,49 48,52
57,49 48,51
57,49 48,50
57,49 48,49
60,51 56,53
60,51 48,54
60,51 56,54
60,51 48,55
60,51 56,55
60,51 56,56
60,51 49,55
60,51 51,57
60,51 51,56
61,51 50,56
61,51 55,57
61,51 55,56
61,51 52,57
61,51 54,57
61,51 48,31
61,51 50,55
61,51 51,31
62,51 53,57
56,49 50,31
56,49 49,31
56,49 48,32
56,49 47,32
56,49 52,32
56,49 51,32
56,49 47,33
56,49 46,33
58,49 53,33
58,49 52,33
58,49 46,34
58,49 54,34
58,49 53,34
58,49 46,35
58,49 45,35
58,49 54,35
58,50 45,36
58,50 55,36
58,50 54,36
58,50 45,37
58,50 44,37
58,50 55,37
58,50 44,38
58,50 55,38
59,50 55,39
59,50 55,40
59,50 55,41
59,50 44,41
59,50 44,40
59,50 44,39
59,50 55,42
59,50 55,43
59,51 55,44
59,51 55,45
59,51 55,46
59,51 45,42
59,51 45,41
59,51 55,47
59,51 46,43
59,51 46,42
63,51 55,48
63,51 47,45
63,51 47,44
63,51 47,43
63,51 55,49
63,51 55,50
63,51 48,48
63,51 48,47
57,49 48,46
57,49 48,45
57,49 55,51
57,49 55,52
57,49 55,53
57,49 49,54
57,49 49,53
57,49 49,52
60,51 49,51
60,51 49,50
60,51 49,49
60,51 49,48
60,51 55,54
60,51 55,55
60,51 50,54
60,51 52,56
61,51 52,55
61,51 51,55
61,51 54,56
61,51 54,55
61,51 53,56
61,51 49,32
61,51 51,54
62,51 50,32
56,49 49,33
56,49 48,33
56,49 51,33
56,49 50,33
56,49 48,34
56,49 47,34
56,49 52,34
58,49 51,34
58,49 47,35
58,49 53,35
58,49 52,35
58,49 47,36
58,49 46,36
58,49 53,36
58,50 46,37
58,50 54,37
58,50 53,37
58,50 46,38
58,50 45,38
58,50 54,38
59,50 45,39
59,50 54,39
59,50 54,40
59,50 54,41
59,50 54,42
59,50 45,40
59,50 54,43
59,51 54,44
59,51 54,45
59,51 54,46
59,51 54,47
59,51 46,41
59,51 46,40
59,51 54,48
63,51 47,42
63,51 47,41
63,51 54,49
63,51 48,44
63,51 48,43
63,51 48,42
57,49 54,50
57,49 54,51
57,49 49,47
57,49 49,46
57,49 49,45
57,49 49,44
57,49 54,52
60,51 54,53
60,51 54,54
60,51 50,53
60,51 50,52
60,51 50,51
60,51 50,50
60,51 50,49
61,51 50,48
61,51 50,47
61,51 51,53
61,51 53,55
61,51 53,54
61,51 52,54
62,51 52,53
56,49 50,34
56,49 49,34
56,49 49,35
56,49 48,35
56,49 51,35
56,49 50,35
58,49 48,36
58,49 52,36
58,49 51,36
58,49 48,37
58,49 47,37
58,50 52,37
58,50 47,38
58,50 53,38
58,50 52,38
58,50 47,39
58,50 46,39
59,50 53,39
59,50 53,40
59,50 53,41
59,50 53,42
59,50 53,43
59,51 53,44
59,51 53,45
59,51 53,46
59,51 53,47
59,51 53,48
59,51 47,40
63,51 53,49
63,51 48,41
63,51 48,40
63,51 53,50
63,51 49,43
57,49 49,42
57,49 49,41
57,49 53,51
57,49 53,52
57,49 50,46
57,49 50,45
60,51 50,44
60,51 50,43
60,51 53,53
60,51 51,52
60,51 51,51
61,51 51,50
61,51 51,49
61,51 51,48
61,51 51,47
61,51 51,46
62,51 52,52
56,49 50,36
56,49 49,36
56,49 49,37
56,49 51,37
58,49 50,37
58,49 49,38
58,49 48,38
58,50 51,38
58,50 48,39
58,50 52,39
58,50 51,39
59,50 52,40
59,50 52,41
59,50 52,42
59,51 52,43
59,51 52,44
59,51 52,45
59,51 52,46
63,51 52,47
63,51 52,48
63,51 52,49
57,49 52,50
57,49 49,40
57,49 49,39
57,49 52,51
60,51 50,42
60,51 50,41
60,51 50,40
61,51 51,45
61,51 51,44
61,51 51,43
62,51 51,42
56,49 50,38
58,49 50,38
58,50 50,38
59,50 50,39
59,51 50,39
63,51 50,39
57,49 51,40
60,51 51,40
61,51 51,40
62,51 51,41
56,53 53,40
56,53 58,40
56,53 51,41
56,53 60,41
56,53 50,42
56,53 61,42
56,53 49,43
64,53 61,43
64,53 49,44
64,53 62,44
64,53 48,45
64,53 62,45
64,53 48,46
64,53 63,46
57,53 48,47
57,53 63,47
57,53 47,48
57,53 63,48
57,53 47,49
57,53 63,49
57,53 47,50
58,53 63,50
58,53 47,51
58,53 63,51
58,53 47,52
58,53 63,52
58,53 47,53
58,53 63,53
59,53 46,54
59,53 63,54
59,53 46,55
59,53 62,55
59,53 46,56
59,53 62,56
59,53 47,57
60,53 62,57
60,53 49,58
60,53 57,58
60,53 50,59
60,53 56,59
60,53 51,60
60,53 52,60
61,53 48,57
61,53 52,41
61,53 53,59
61,53 54,40
61,53 54,59
61,53 55,40
61,53 55,59
62,53 56,40
62,53 57,40
62,53 58,57
62,53 59,41
62,53 59,57
62,53 60,57
63,53 61,57
56,53 54,41
56,53 53,41
56,53 58,41
56,53 57,41
56,53 52,42
56,53 51,42
56,53 60,42
56,53 59,42
56,53 51,43
64,53 50,43
64,53 60,43
64,53 50,44
64,53 61,44
64,53 60,44
64,53 50,45
64,53 49,45
64,53 61,45
57,53 49,46
57,53 62,46
57,53 61,46
57,53 49,47
57,53 62,47
57,53 49,48
57,53 48,48
57,53 62,48
58,53 48,49
58,53 62,49
58,53 48,50
58,53 62,50
58,53 48,51
58,53 62,51
58,53 48,52
58,53 62,52
59,53 48,53
59,53 62,53
59,53 48,54
59,53 47,54
59,53 62,54
59,53 47,55
59,53 47,56
59,53 61,56
60,53 61,55
60,53 61,54
60,53 48,56
60,53 50,58
60,53 50,57
60,53 49,57
60,53 56,58
60,53 57,57
61,53 56,57
61,53 51,59
61,53 51,58
61,53 55,58
61,53 52,59
61,53 49,56
61,53 53,42
61,53 54,58
62,53 53,58
62,53 52,58
62,53 55,41
62,53 56,41
62,53 59,56
62,53 58,56
62,53 57,56
62,53 58,42
63,53 60,56
56,53 55,42
56,53 54,42
56,53 57,42
56,53 56,42
56,53 53,43
56,53 52,43
56,53 59,43
64,53 58,43
64,53 52,44
64,53 51,44
64,53 59,44
64,53 51,45
64,53 60,45
64,53 59,45
57,53 51,46
57,53 50,46
57,53 60,46
57,53 50,47
57,53 61,47
57,53 60,47
57,53 50,48
58,53 61,48
58,53 50,49
58,53 49,49
58,53 61,49
58,53 49,50
58,53 61,50
59,53 49,51
59,53 61,51
59,53 49,52
59,53 61,52
59,53 49,53
59,53 61,53
59,53 49,54
60,53 49,55
60,53 48,55
60,53 60,55
60,53 60,54
60,53 60,53
60,53 51,57
60,53 51,56
61,53 50,56
61,53 55,57
61,53 56,56
61,53 55,56
61,53 52,57
61,53 54,57
61,53 50,55
62,53 54,43
62,53 53,57
62,53 59,55
62,53 58,55
62,53 57,55
62,53 56,55
63,53 57,43
56,53 56,43
56,53 55,43
56,53 54,44
56,53 53,44
56,53 58,44
56,53 57,44
64,53 53,45
64,53 52,45
64,53 58,45
64,53 52,46
64,53 59,46
64,53 58,46
57,53 52,47
57,53 51,47
57,53 59,47
57,53 51,48
57,53 60,48
58,53 59,48
58,53 51,49
58,53 60,49
58,53 51,50
58,53 50,50
58,53 60,50
59,53 50,51
59,53 60,51
59,53 50,52
59,53 60,52
59,53 50,53
59,53 50,54
60,53 59,54
60,53 59,53
60,53 59,52
60,53 52,56
60,53 52,55
61,53 51,55
61,53 54,56
61,53 55,55
61,53 54,55
61,53 53,56
61,53 51,54
62,53 55,44
62,53 58,54
62,53 57,54
62,53 56,54
62,53 55,54
63,53 56,44
56,53 55,45
56,53 54,45
56,53 57,45
56,53 56,45
56,53 54,46
64,53 53,46
64,53 57,46
64,53 53,47
64,53 58,47
57,53 57,47
57,53 53,48
57,53 52,48
57,53 58,48
58,53 52,49
58,53 59,49
58,53 58,49
58,53 52,50
59,53 59,50
59,53 52,51
59,53 51,51
59,53 59,51
59,53 51,52
60,53 51,53
60,53 58,53
60,53 58,52
60,53 58,51
61,53 53,55
61,53 53,54
61,53 52,54
61,53 54,54
62,53 52,53
62,53 57,53
62,53 56,53
62,53 55,53
63,53 54,53
56,53 56,46
56,53 55,46
56,53 55,47
64,53 54,47
64,53 56,47
64,53 54,48
57,53 57,48
57,53 56,48
57,53 54,49
58,53 53,49
58,53 57,49
59,53 53,50
59,53 58,50
59,53 57,50
60,53 53,51
60,53 53,52
60,53 52,52
61,53 57,52
61,53 57,51
61,53 53,53
62,53 56,52
62,53 55,52
63,53 54,52
56,53 55,48
64,53 55,49
57,53 56,49
58,53 55,50
59,53 54,50
60,53 56,50
61,53 54,51
62,53 56,51
63,53 55,51
41,46 32,52
45,46 32,52
40,47 36,52
46,47 31,53
40,48 37,53
47,48 31,54
40,49 37,54
47,49 31,55
41,50 37,55
46,50 32,56
42,46 36,56
42,50 33,52
43,46 33,56
43,50 34,52
44,46 34,56
44,50 35,52
45,50 35,56
42,47 33,53
41,47 33,53
45,47 32,53
44,47 36,53
41,48 35,53
46,48 32,54
45,48 36,54
41,49 36,54
46,49 32,55
42,49 36,55
45,49 33,55
43,47 35,55
43,49 34,53
44,49 34,55
43,48 34,54
42,48 33,54
44,48 35,54
39,60 30,64
39,59 30,64
39,58 30,63
40,57 29,62
41,56 29,62
41,55 30,61
40,54 31,60
39,54 31,60
38,54 31,59
37,53 30,58
36,53 29,57
35,53 29,57
34,53 28,57
34,54 27,58
33,55 27,58
32,55 26,59
31,56 25,60
31,57 24,61
39,60 30,64
39,60 30,63
39,59 29,62
40,58 30,61
41,57 31,60
41,57 32,59
42,56 33,59
43,56 34,58
44,56 35,58
44,56 36,58
45,56 37,59
46,57 38,60
46,58 38,61
46,58 38,62
46,59 38,63
46,60 39,64
46,61 39,65
46,61 39,65
46,61 39,64
46,60 38,63
46,59 38,62
46,58 38,61
46,58 38,60
46,57 39,60
47,56 40,60
48,56 41,60
48,56 42,60
49,56 43,60
50,56 43,61
50,57 44,61
50,57 44,62
51,58 44,63
51,59 44,64
50,60 44,65
50,61 44,66
50,61 44,66
50,61 44,65
50,60 44,64
50,60 44,63
51,59 44,62
51,59 44,61
51,58 43,61
51,58 43,60
50,57 44,59
50,57 45,58
50,56 46,58
50,56 47,58
51,55 48,58
51,55 49,59
52,54 50,60
52,54 51,61
53,53 51,62
53,53 51,63
54,53 50,64
54,53 49,64
55,53 48,64
38,53 31,58
38,52 31,58
38,51 31,57
38,50 30,57
38,49 30,56
38,48 29,55
38,47 29,54
38,46 29,53
38,45 29,52
38,44 29,51
39,43 29,50
39,42 29,49
39,41 29,48
40,40 30,47
41,39 30,46
42,38 31,45
43,38 32,44
44,37 33,44
45,37 34,43
46,37 35,43
47,37 36,43
48,37 37,43
49,37 38,43
50,38 39,43
51,38 40,44
52,39 41,44
53,40 42,45
53,41 43,46
54,42 43,47
54,43 44,48
55,44 44,49
55,45 44,50
55,46 45,51
55,47 45,52
55,48 45,53
55,49 45,54
55,50 45,55
55,51 45,56
55,52 46,57
42,44 32,51
42,43 32,50
42,42 32,49
32,59 27,65
33,60 28,66
35,60 29,65
37,61 30,66
41,62 34,68
43,62 35,68
44,63 36,68
46,63 40,66
47,62 41,67
49,62 43,67
51,62 46,68
