s01a.txt

040000179
002008054
006005008
080070910
050090030
019060040
300400700
570100200
928000060

845632179
732918654
196745328
683574912
457291836
219863547
361429785
574186293
928357461

tentativas: 503

0.4930284023284912 segundos



s01b.txt

802050701
007082460
010900000
600001832
500000009
184300006
000004020
095610300
308090607

832456791
957182463
416973258
679541832
523768149
184329576
761834925
295617384
348295617

tentativas: 98

0.45702648162841797 segundos



s01c.txt

000000007
720309001
008705060
502890000
040501090
000063705
030906100
200107053
900000000

495618237
726349581
318725469
572894316
643571892
189263745
837956124
264187953
951432678

tentativas: 2900

1.536087989807129 segundos



s02a.txt

206000049
037009000
100700006
000580900
705000804
009062000
900004001
000300490
410000208

256831749
837649512
194725386
641587923
725193864
389462175
978254631
562318497
413976258

tentativas: 1377

2.3111324310302734 segundos



s02b.txt

025007004
001005020
700020500
509004800
000000000
007500609
003070006
040100700
800200910

325867194
681495327
794321568
539614872
268739451
417582639
153978246
942156783
876243915

tentativas: 702

0.60103440284729 segundos



s02c.txt

001725000
080010006
250000130
070000500
000106000
009000080
045000029
700090060
000648300

361725948
987413256
254869137
876934512
523186794
419257683
645371829
738592461
192648375

tentativas: 4818

1.45408296585083 segundos



s03a.txt

050200000
300005080
960078200
000030020
708000103
040080000
001640032
070500001
000009050

857261394
312495786
964378215
195734628
728956143
643182579
581647932
479523861
236819457

tentativas: 2198

0.9300529956817627 segundos



s03b.txt

800200046
007900000
100000500
000500032
408000701
320007000
006000009
000003200
280006003

893275146
657941328
142638597
971584632
468329751
325167984
536412879
714893265
289756413

tentativas: 6605

1.7330992221832275 segundos



s03c.txt

001725000
080010000
250000130
070000500
000186000
009000080
045000029
000090060
000648300

361725948
987413256
254869137
876934512
523186794
419257683
645371829
738592461
192648375

tentativas: 2803

1.8211042881011963 segundos



s04a.txt

050090000
004800009
000107280
560000137
000000000
173000042
021508000
600003800
000010060

857392416
214856379
936147285
568429137
492731658
173685942
321568794
645973821
789214563

tentativas: 19134

4.037230730056763 segundos



s04b.txt

000400702
064000050
100007009
210008003
000050000
800100075
900700008
080000920
507002000

359481762
764923851
128567349
215678493
473259186
896134275
942716538
681345927
537892614

tentativas: 1316

0.838047981262207 segundos



s04c.txt

000054306
000003270
000720001
900070053
000000000
820010009
300061000
046900000
701540000

172854396
468193275
539726481
914672853
657389124
823415769
385261947
246937518
791548632

tentativas: 141

0.44902539253234863 segundos



s05a.txt

105000370
000000200
097300010
000053102
300801004
201470000
070008640
008000000
012000807

125649378
834715296
697382415
746953182
359821764
281476953
573298641
468137529
912564837

tentativas: 944

0.6270358562469482 segundos



s05b.txt

001300702
006200010
020000004
200601309
000000000
403809007
100000080
050006400
904008500

841365792
736294815
529187634
285671349
697432158
413859267
172543986
358926471
964718523

tentativas: 2588

0.9280529022216797 segundos



s05c.txt

001725000
080010000
250000130
070000500
000106000
009000080
045000029
000090060
000648300

361725948
987413256
254869137
876934512
523186794
419257683
645371829
738592461
192648375

tentativas: 8656

2.265129566192627 segundos



s06a.txt

008060900
000203678
706051004
973048100
620039050
001700000
580900306
000000000
040005721

238467915
415293678
796851234
973548162
624139857
851726493
587912346
162374589
349685721

tentativas: 87

0.44702577590942383 segundos



s06b.txt

302065047
050034182
090170060
206090308
100000270
089503400
470300005
000648091
000200000

312865947
657934182
894172563
246791358
135486279
789523416
478319625
523648791
961257834

tentativas: 43

0.4350247383117676 segundos



s06c.txt

071039000
460075010
830060702
042000058
600000970
010500004
000008469
790342000
500001300

271839546
469275813
835164792
342917658
658423971
917586234
123758469
796342185
584691327

tentativas: 88

0.4450256824493408 segundos



s07a.txt

002004000
008600000
090000030
800062000
140030509
070000000
035008607
000000042
000901003

362794185
518623794
497185236
859462371
146837529
273519468
935248617
781356942
624971853

tentativas: 22442

5.575318813323975 segundos



s07b.txt

000040009
000700000
001000600
013690400
000000008
000528000
067180000
000000902
954030010

672841359
495763281
381952674
813697425
526314798
749528136
267189543
138475962
954236817

tentativas: 222484

43.28347563743591 segundos



s07c.txt

007001400
060000000
205000000
001760058
000030000
090204000
030050009
004000600
050080721

987521463
463978512
215346987
341769258
726835194
598214376
132657849
874192635
659483721

tentativas: 18420

4.105234622955322 segundos



s08a.txt

670008010
020060000
000030000
201000006
480001700
000000009
004500000
000000300
003400802

675948213
328165974
149732568
291357486
486291735
537684129
814523697
952876341
763419852

tentativas: 7378

2.052117347717285 segundos



s08b.txt

000000000
100040070
700500020
017600500
060000300
000802600
000900045
009208000
008030000

384729156
125346978
796581423
417693582
862415397
953872614
231967845
649258731
578134269

tentativas: 12687

2.9581692218780518 segundos



s08c.txt

903000024
007094000
001006030
064008000
000000040
000900050
000003700
500000100
080060000

953781624
627394518
841256937
364518279
295637841
178942356
419823765
536479182
782165493

tentativas: 10645

2.4631407260894775 segundos



s09a.txt

090384000
002070000
000000071
500003240
030000000
001005090
000800000
706520000
000006400

197384562
852671934
463952871
589713246
634298715
271465398
315847629
746529183
928136457

tentativas: 21394

5.130293369293213 segundos



s09b.txt

040000000
806000007
500000100
005190060
004050000
000300091
000002436
090000000
000008020

149725683
826431957
573869142
385197264
914256378
267384591
758912436
492673815
631548729

tentativas: 101130

20.4661705493927 segundos



s09c.txt

027000800
001000700
000400000
300000080
050000009
070028000
090067000
580000030
000040056

927136845
641985723
835472691
364759182
258614379
179328564
493567218
586291437
712843956

tentativas: 520170

1 minuto, 42.334853172302246 segundos



s10a.txt

002000500
010705020
400090007
049000730
801030409
036000210
200080004
080902060
007000800

972863541
618745923
453291687
549128736
821637459
736459218
295386174
184972365
367514892

tentativas: 2008

0.8400478363037109 segundos



s10b.txt

050010040
107000602
000905000
208030501
040070020
901080406
000401000
304000709
020060010

852716943
197843652
463925187
278634591
645179328
931582476
786491235
314258769
529367814

tentativas: 658

0.6560373306274414 segundos



s10c.txt

000602000
400050001
085010620
038206710
000000000
019407350
026040530
900020007
000809000

193672485
462358971
785914623
538296714
674135298
219487356
826741539
941523867
357869142

tentativas: 307

1.2110693454742432 segundos



s11a.txt

000000000
079050180
800000007
007306800
450708096
003502700
700000005
016030420
000000000

345871269
279653184
861429537
197346852
452718396
683592741
738264915
516937428
924185673

tentativas: 39955

8.43248200416565 segundos



s11b.txt

000000085
000210009
960080100
500800016
000000000
890006007
009070052
300054000
480000000

132649785
758213649
964785123
543897216
276531894
891426537
619378452
327154968
485962371

tentativas: 26457

5.457312107086182 segundos



s11c.txt

700004001
020060080
001500200
800090700
050307020
006050008
008009100
090010060
500800003

785924631
924163587
631578249
843692715
159387426
276451398
468739152
397215864
512846973

tentativas: 7821

2.0651180744171143 segundos



s12a.txt

000003017
015009008
060000000
100007000
009000200
000500004
000000020
500600340
340200000

294863517
715429638
863751492
152947863
479386251
638512974
986134725
521678349
347295186

tentativas: 1774

0.8510487079620361 segundos



s12b.txt

380000000
000400785
009020300
060090000
800302009
000040070
001070500
495006000
000000092

384567921
126439785
759821346
563798214
847312659
912645873
231974568
495286137
678153492

tentativas: 5740

1.5370879173278809 segundos



s12c.txt

000700800
006000031
040002000
024070000
010030080
000060290
000800070
860000500
002006000

159743862
276589431
348612759
624978315
917235684
583164297
435821976
861497523
792356148

tentativas: 1415

1.0960626602172852 segundos



s13a.txt

703108459
900060800
000000000
010290367
075003008
000701000
002070015
086350020
000010000

763128459
924567831
851934276
418295367
275643198
639781542
342876915
186359724
597412683

tentativas: 224

0.5110292434692383 segundos



s13b.txt

000059020
090740000
406001908
017020500
800005702
000003041
580600000
934000280
061002000

173859624
298746153
456231978
317428569
849165732
625973841
582694317
934517286
761382495

tentativas: 280

0.480027437210083 segundos



s13c.txt

907501820
035020010
018006003
000000209
090652001
102049500
386400000
750210600
400000080

947531826
635824917
218796453
563187249
894652371
172349568
386475192
759218634
421963785

tentativas: 72

0.44402527809143066 segundos



s14a.txt

000060005
624000010
001000300
008004037
009100500
007500090
082470000
090310000
000029053

873961425
624753918
951248376
518694237
269137584
437582691
382475169
795316842
146829753

tentativas: 3271

1.0330591201782227 segundos



s14b.txt

806000052
090740000
072658034
000200063
903160007
000000000
000500600
410000325
507000008

846913752
395742816
172658934
754289163
983165247
621437589
238594671
419876325
567321498

tentativas: 1092

0.6290361881256104 segundos



s14c.txt

100843000
008027031
600000000
004300100
537900080
010004305
490030070
300100000
000405010

172843659
958627431
643519728
864352197
537961284
219784365
491238576
385176942
726495813

tentativas: 3024

1.081061840057373 segundos



s15a.txt

790000003
400000060
801004002
005000000
300100000
040006209
200030506
030605421
000000300

792568143
453219867
861374952
625893714
379142685
148756239
284931576
937685421
516427398

tentativas: 15559

3.478198766708374 segundos



s15b.txt

000815400
105000030
000004001
019000080
060400000
208790000
001000043
800000297
006002000

673815429
145279836
982634571
419563782
367428915
258791364
521987643
834156297
796342158

tentativas: 15226

3.467198133468628 segundos



s15c.txt

790000003
000000060
801004002
005000000
300100000
040006209
200030006
030605421
000000000

792568143
453219867
861374952
625893714
379142685
148756239
284931576
937685421
516427398

tentativas: 47821

10.842620134353638 segundos



s16.txt

100007090
030020008
009600500
005300900
010080002
600004000
300000010
040000007
007000300

162857493
534129678
789643521
475312986
913586742
628794135
356478219
241935867
897261354

tentativas: 8969

2.4431397914886475 segundos




4 minutos, 42.39515233039856 segundos