s01a.txt

040000179
002008054
006005008
080070910
050090030
019060040
300400700
570100200
928000060

845632179
732918654
196745328
683574912
457291836
219863547
361429785
574186293
928357461

tentativas: 503

4.22024130821228 segundos



s01b.txt

802050701
007082460
010900000
600001832
500000009
184300006
000004020
095610300
308090607

832456791
957182463
416973258
679541832
523768149
184329576
761834925
295617384
348295617

tentativas: 98

1.1610665321350098 segundos



s01c.txt

000000007
720309001
008705060
502890000
040501090
000063705
030906100
200107053
900000000

495618237
726349581
318725469
572894316
643571892
189263745
837956124
264187953
951432678

tentativas: 2900

16.925968170166016 segundos



s02a.txt

206000049
037009000
100700006
000580900
705000804
009062000
900004001
000300490
410000208

256831749
837649512
194725386
641587923
725193864
389462175
978254631
562318497
413976258

tentativas: 1377

10.791616916656494 segundos



s02b.txt

025007004
001005020
700020500
509004800
000000000
007500609
003070006
040100700
800200910

325867194
681495327
794321568
539614872
268739451
417582639
153978246
942156783
876243915

tentativas: 702

5.106292247772217 segundos



s02c.txt

001725000
080010006
250000130
070000500
000106000
009000080
045000029
700090060
000648300

361725948
987413256
254869137
876934512
523186794
419257683
645371829
738592461
192648375

tentativas: 4818

35.930055141448975 segundos



s03a.txt

050200000
300005080
960078200
000030020
708000103
040080000
001640032
070500001
000009050

857261394
312495786
964378215
195734628
728956143
643182579
581647932
479523861
236819457

tentativas: 2198

14.47082781791687 segundos



s03b.txt

800200046
007900000
100000500
000500032
408000701
320007000
006000009
000003200
280006003

893275146
657941328
142638597
971584632
468329751
325167984
536412879
714893265
289756413

tentativas: 6605

52.175984144210815 segundos



s03c.txt

001725000
080010000
250000130
070000500
000186000
009000080
045000029
000090060
000648300

361725948
987413256
254869137
876934512
523186794
419257683
645371829
738592461
192648375

tentativas: 2803

19.609121799468994 segundos



s04a.txt

050090000
004800009
000107280
560000137
000000000
173000042
021508000
600003800
000010060

857392416
214856379
936147285
568429137
492731658
173685942
321568794
645973821
789214563

tentativas: 19134

2 minutos, 16.643815517425537 segundos



s04b.txt

000400702
064000050
100007009
210008003
000050000
800100075
900700008
080000920
507002000

359481762
764923851
128567349
215678493
473259186
896134275
942716538
681345927
537892614

tentativas: 1316

9.103520631790161 segundos



s04c.txt

000054306
000003270
000720001
900070053
000000000
820010009
300061000
046900000
701540000

172854396
468193275
539726481
914672853
657389124
823415769
385261947
246937518
791548632

tentativas: 141

1.4670836925506592 segundos



s05a.txt

105000370
000000200
097300010
000053102
300801004
201470000
070008640
008000000
012000807

125649378
834715296
697382415
746953182
359821764
281476953
573298641
468137529
912564837

tentativas: 944

6.676381826400757 segundos



s05b.txt

001300702
006200010
020000004
200601309
000000000
403809007
100000080
050006400
904008500

841365792
736294815
529187634
285671349
697432158
413859267
172543986
358926471
964718523

tentativas: 2588

19.55911874771118 segundos



s05c.txt

001725000
080010000
250000130
070000500
000106000
009000080
045000029
000090060
000648300

361725948
987413256
254869137
876934512
523186794
419257683
645371829
738592461
192648375

tentativas: 8656

1 minuto, 2.742588758468628 segundos



s06a.txt

008060900
000203678
706051004
973048100
620039050
001700000
580900306
000000000
040005721

238467915
415293678
796851234
973548162
624139857
851726493
587912346
162374589
349685721

tentativas: 87

1.0920627117156982 segundos



s06b.txt

302065047
050034182
090170060
206090308
100000270
089503400
470300005
000648091
000200000

312865947
657934182
894172563
246791358
135486279
789523416
478319625
523648791
961257834

tentativas: 43

0.8270473480224609 segundos



s06c.txt

071039000
460075010
830060702
042000058
600000970
010500004
000008469
790342000
500001300

271839546
469275813
835164792
342917658
658423971
917586234
123758469
796342185
584691327

tentativas: 88

1.0430598258972168 segundos



s07a.txt

002004000
008600000
090000030
800062000
140030509
070000000
035008607
000000042
000901003