137,131 124,212
137,131 123,213
137,131 122,214
136,132 121,215
136,132 120,216
136,132 120,217
135,133 119,217
135,133 118,218
134,134 117,219
134,134 116,219
134,134 115,219
133,134 114,219
133,134 113,219
132,135 112,220
132,135 111,220
132,135 110,220
131,136 109,220
131,136 108,220
131,136 107,221
131,137 106,221
131,137 105,221
130,138 104,221
130,138 103,221
130,138 102,221
129,139 101,221
129,139 100,221
129,140 99,221
129,140 98,221
129,140 97,221
128,141 96,221
128,141 95,221
128,142 94,221
128,142 93,221
128,142 92,220
127,141 91,220
127,141 90,220
127,141 89,219
126,141 88,219
126,141 87,219
126,140 86,219
126,140 85,218
126,140 84,218
125,139 83,217
125,139 82,217
125,138 81,217
125,138 80,216
125,138 79,216
125,137 78,215
125,137 77,214
124,136 76,213
137,131 123,212
137,131 124,211
137,131 122,213
136,132 121,214
136,132 120,215
136,132 119,216
135,133 118,217
135,133 117,218
134,134 116,218
134,134 115,218
134,134 114,218
133,134 113,218
133,134 112,219
132,135 111,219
132,135 110,219
132,135 109,219
131,136 108,219
131,136 107,220
131,137 106,220
131,137 105,220
131,137 104,220
130,138 103,220
130,138 102,220
129,139 101,220
129,139 100,220
129,139 99,220
129,140 98,220
129,140 97,220
128,141 96,220
128,141 95,220
128,141 94,220
128,142 93,220
128,142 92,219
127,141 91,219
127,141 90,219
127,141 89,218
126,141 88,218
126,141 87,218
126,140 86,218
126,140 85,217
126,140 84,217
125,139 83,216
125,139 82,216
125,138 81,216
125,138 80,215
125,138 79,215
125,137 78,214
125,137 77,213
124,136 76,212
137,131 122,212
137,131 123,211
137,131 124,210
136,132 121,213
136,132 120,214
136,132 119,215
135,133 118,216
135,133 117,217
134,134 116,217
134,134 115,217
134,134 114,217
133,134 113,217
133,134 112,218
132,135 111,218
132,135 110,218
132,135 109,218
131,136 108,218
131,136 107,219
131,137 106,219
131,137 105,219
131,137 104,219
130,138 103,219
130,138 102,219
129,139 101,219
129,139 100,219
129,139 99,219
129,140 98,219
129,140 97,219
128,141 96,219
128,141 95,219
128,141 94,219
128,142 93,219
128,142 92,218
127,141 91,218
127,141 90,218
127,141 89,217
126,141 88,217
126,141 87,217
126,140 86,217
126,140 85,216
126,140 84,216
125,139 83,215
125,139 82,215
125,138 81,215
125,138 80,214
125,138 79,214
125,137 78,213
125,137 77,212
124,136 76,211
137,131 121,212
137,131 122,211
137,131 123,210
136,132 124,209
136,132 120,213
136,132 119,214
135,133 118,215
135,133 117,216
134,134 116,216
134,134 115,216
134,134 114,216
133,134 113,216
133,134 112,217
132,135 111,217
132,135 110,217
132,135 109,217
131,136 108,217
131,136 107,218
131,137 106,218
131,137 105,218
131,137 104,218
130,138 103,218
130,138 102,218
129,139 101,218
129,139 100,218
129,139 99,218
129,140 98,218
129,140 97,218
128,141 96,218
128,141 95,218
128,141 94,218
128,142 93,218
128,142 92,217
127,141 91,217
127,141 90,217
127,141 89,216
126,141 88,216
126,141 87,216
126,140 86,216
126,140 85,215
126,140 84,215
125,139 83,214
125,139 82,214
125,138 81,214
125,138 80,213
125,138 79,213
125,137 78,212
125,137 77,211
124,136 76,210
136,131 120,212
136,131 121,211
136,131 122,210
135,132 123,209
135,132 119,213
135,132 118,214
134,133 117,215
134,133 116,215
134,133 115,215
133,133 114,215
133,133 113,215
133,133 112,216
132,134 111,216
132,134 110,216
132,134 109,216
131,135 108,216
131,135 107,217
131,135 106,217
130,136 105,217
130,136 104,217
130,136 103,217
130,137 102,217
130,137 101,217
130,137 100,217
129,138 99,217
129,138 98,217
129,138 97,217
128,139 96,217
128,139 95,217
128,139 94,217
128,140 93,217
128,140 92,216
128,140 91,216
127,140 90,216
127,140 89,215
127,140 88,215
126,139 87,215
126,139 86,215
126,139 85,214
126,138 84,214
126,138 83,213
126,138 82,213
126,137 81,213
126,137 80,212
126,137 79,212
125,136 78,211
125,136 77,210
126,137 76,209
136,131 119,212
136,131 120,211
136,131 121,210
135,132 122,209
135,132 118,213
135,132 117,214
134,133 116,214
134,133 115,214
134,133 114,214
133,133 113,214
133,133 112,215
133,133 111,215
132,134 110,215
132,134 109,215
132,134 108,215
131,135 107,216
131,135 106,216
131,135 105,216
130,136 104,216
130,136 103,216
130,136 102,216
130,137 101,216
130,137 100,216
129,138 99,216
129,138 98,216
129,138 97,216
128,139 96,216
128,139 95,216
128,139 94,216
128,140 93,216
128,140 92,215
128,140 91,215
127,140 90,215
127,140 89,214
127,140 88,214
126,139 87,214
126,139 86,214
126,139 85,213
126,138 84,213
126,138 83,212
126,138 82,212
126,137 81,212
126,137 80,211
126,137 79,211
125,136 78,210
125,136 77,209
126,137 76,208
136,131 118,212
136,131 119,211
136,131 120,210
135,132 121,209
135,132 117,213
135,132 116,213
134,133 115,213
134,133 114,213
134,133 113,213
133,133 112,214
133,133 111,214
133,133 110,214
132,134 109,214
132,134 108,214
132,134 107,215
131,135 106,215
131,135 105,215
130,136 104,215
130,136 103,215
130,136 102,215
130,137 101,215
130,137 100,215
130,137 99,215
129,138 98,215
129,138 97,215
129,138 96,215
128,139 95,215
128,139 94,215
128,139 93,215
128,140 92,214
128,140 91,214
127,140 90,214
127,140 89,213
127,140 88,213
126,139 87,213
126,139 86,213
126,139 85,212
126,138 84,212
126,138 83,211
126,138 82,211
126,137 81,211
126,137 80,210
126,137 79,210
125,136 78,209
125,136 77,208
126,137 76,207
136,131 117,212
136,131 118,211
136,131 119,210
135,132 120,209
135,132 116,212
135,132 115,212
134,133 114,212
134,133 113,212
134,133 112,213
133,133 111,213
133,133 110,213
132,134 109,213
132,134 108,213
132,134 107,214
131,135 106,214
131,135 105,214
131,135 104,214
130,136 103,214
130,136 102,214
130,137 101,214
130,137 100,214
130,137 99,214
129,138 98,214
129,138 97,214
129,138 96,214
128,139 95,214
128,139 94,214
128,140 93,214
128,140 92,213
128,140 91,213
127,140 90,213
127,140 89,212
127,140 88,212
126,139 87,212
126,139 86,212
126,138 85,211
126,138 84,211
126,138 83,210
126,137 82,210
126,137 81,210
126,137 80,209
125,136 79,209
125,136 78,208
126,137 77,207
135,131 117,211
135,131 118,210
135,131 119,209
135,131 116,211
134,132 115,211
134,132 114,211
134,132 113,211
133,132 112,212
133,132 111,212
133,132 110,212
132,133 109,212
132,133 108,212
132,133 107,213
131,134 106,213
131,134 105,213
131,134 104,213
130,135 103,213
130,135 102,213
130,135 101,213
129,136 100,213
129,136 99,213
129,136 98,213
129,136 97,213
129,137 96,213
129,137 95,213
129,137 94,213
128,138 93,213
128,138 92,212
128,138 91,212
127,139 90,212
127,139 89,211
127,139 88,211
127,138 87,211
127,138 86,211
127,138 85,210
127,137 84,210
127,137 83,209
127,137 82,209
126,136 81,209
126,136 80,208
126,136 79,208
127,137 78,207
135,131 117,210
135,131 118,209
135,131 116,210
134,132 115,210
134,132 114,210
134,132 113,210
133,132 112,211
133,132 111,211
133,132 110,211
132,133 109,211
132,133 108,211
132,133 107,212
131,134 106,212
131,134 105,212
131,134 104,212
130,135 103,212
130,135 102,212
130,135 101,212
129,136 100,212
129,136 99,212
129,136 98,212
129,137 97,212
129,137 96,212
129,137 95,212
128,138 94,212
128,138 93,212
128,138 92,211
127,139 91,211
127,139 90,211
127,139 89,210
127,138 88,210
127,138 87,210
127,138 86,210
127,137 85,209
127,137 84,209
127,137 83,208
126,136 82,208
126,136 81,208
126,136 80,207
127,137 79,207
135,131 117,209
135,131 116,209
135,131 115,209
134,132 114,209
134,132 113,209
134,132 112,210
133,132 111,210
133,132 110,210
133,132 109,210
132,133 108,210
132,133 107,211
132,133 106,211
131,134 105,211
131,134 104,211
131,134 103,211
130,135 102,211
130,135 101,211
130,135 100,211
129,136 99,211
129,136 98,211
129,137 97,211
129,137 96,211
129,137 95,211
128,138 94,211
128,138 93,211
128,138 92,210
127,139 91,210
127,139 90,210
127,139 89,209
127,138 88,209
127,138 87,209
127,138 86,209
127,137 85,208
127,137 84,208
127,137 83,207
126,136 82,207
126,136 81,207
127,137 80,206
135,131 116,208
135,131 115,208
135,131 114,208
134,132 113,208
134,132 112,209
134,132 111,209
133,132 110,209
133,132 109,209
133,132 108,209
132,133 107,210
132,133 106,210
132,133 105,210
131,134 104,210
131,134 103,210
130,135 102,210
130,135 101,210
130,135 100,210
129,136 99,210
129,136 98,210
129,136 97,210
129,137 96,210
129,137 95,210
129,137 94,210
128,138 93,210
128,138 92,209
127,139 91,209
127,139 90,209
127,139 89,208
127,138 88,208
127,138 87,208
127,138 86,208
127,137 85,207
127,137 84,207
127,137 83,206
126,136 82,206
126,136 81,206
127,137 80,205
134,131 116,207
134,131 115,207
134,131 114,207
134,131 113,207
135,130 112,208
135,130 111,208
135,130 110,208
135,130 109,208
132,132 108,208
132,132 107,209
132,132 106,209
132,132 105,209
133,131 104,209
133,131 103,209
133,131 102,209
133,131 101,209
131,133 100,209
131,133 99,209
131,133 98,209
131,133 97,209
130,134 96,209
130,134 95,209
130,134 94,209
130,134 93,209
129,135 92,208
129,135 91,208
129,135 90,208
129,135 89,207
128,136 88,207
128,136 87,207
128,136 86,207
128,136 85,206
128,137 84,206
128,137 83,205
128,137 82,205
128,137 81,205
127,136 80,204
134,131 116,206
134,131 115,206
134,131 114,206
134,131 113,206
135,130 112,207
135,130 111,207
135,130 110,207
135,130 109,207
132,132 108,207
132,132 107,208
132,132 106,208
132,132 105,208
133,131 104,208
133,131 103,208
133,131 102,208
133,131 101,208
131,133 100,208
131,133 99,208
131,133 98,208
131,133 97,208
130,134 96,208
130,134 95,208
130,134 94,208
130,134 93,208
129,135 92,207
129,135 91,207
129,135 90,207
129,135 89,206
128,136 88,206
128,136 87,206
128,136 86,206
128,136 85,205
128,137 84,205
128,137 83,204
128,137 82,204
127,136 81,204
134,131 116,205
134,131 115,205
134,131 114,205
134,131 113,205
135,130 112,206
135,130 111,206
135,130 110,206
135,130 109,206
132,132 108,206
132,132 107,207
132,132 106,207
132,132 105,207
133,131 104,207
133,131 103,207
133,131 102,207
133,131 101,207
131,133 100,207
131,133 99,207
131,133 98,207
130,134 97,207
130,134 96,207
130,134 95,207
130,134 94,207
129,135 93,207
129,135 92,206
129,135 91,206
129,135 90,206
128,136 89,205
128,136 88,205
128,136 87,205
128,136 86,205
128,137 85,204
128,137 84,204
128,137 83,203
127,136 82,203
134,131 115,204
134,131 114,204
134,131 113,204
134,131 112,205
135,130 111,205
135,130 110,205
135,130 109,205
135,130 108,205
132,132 107,206
132,132 106,206
132,132 105,206
133,131 104,206
133,131 103,206
133,131 102,206
133,131 101,206
131,133 100,206
131,133 99,206
131,133 98,206
131,133 97,206
130,134 96,206
130,134 95,206
130,134 94,206
129,135 93,206
129,135 92,205
129,135 91,205
129,135 90,205
128,136 89,204
128,136 88,204
128,136 87,204
128,136 86,204
128,137 85,203
128,137 84,203
128,137 83,202
127,136 82,202
134,130 115,203
134,130 114,203
134,130 113,203
134,130 112,204
134,130 111,204
135,129 110,204
135,129 109,204
135,129 108,204
135,129 107,205
135,129 106,205
131,132 105,205
131,132 104,205
131,132 103,205
131,132 102,205
132,131 101,205
132,131 100,205
132,131 99,205
132,131 98,205
132,131 97,205
133,130 96,205
133,130 95,205
133,130 94,205
133,130 93,205
130,133 92,204
130,133 91,204
130,133 90,204
130,133 89,203
130,133 88,203
129,134 87,203
129,134 86,203
129,134 85,202
129,134 84,202
128,135 83,201
134,130 114,202
134,130 113,202
134,130 112,203
134,130 111,203
134,130 110,203
135,129 109,203
135,129 108,203
135,129 107,204
135,129 106,204
131,132 105,204
131,132 104,204
131,132 103,204
131,132 102,204
131,132 101,204
132,131 100,204
132,131 99,204
132,131 98,204
132,131 97,204
133,130 96,204
133,130 95,204
133,130 94,204
133,130 93,204
133,130 92,203
130,133 91,203
130,133 90,203
130,133 89,202
130,133 88,202
129,134 87,202
129,134 86,202
129,134 85,201
129,134 84,201
128,135 83,200
134,130 114,201
134,130 113,201
134,130 112,202
134,130 111,202
134,130 110,202
135,129 109,202
135,129 108,202
135,129 107,203
135,129 106,203
131,132 105,203
131,132 104,203
131,132 103,203
131,132 102,203
132,131 101,203
132,131 100,203
132,131 99,203
132,131 98,203
132,131 97,203
133,130 96,203
133,130 95,203
133,130 94,203
133,130 93,203
130,133 92,202
130,133 91,202
130,133 90,202
130,133 89,201
129,134 88,201
129,134 87,201
129,134 86,201
129,134 85,200
128,135 84,200
134,129 112,201
134,129 113,200
134,129 111,201
134,129 110,201
134,129 109,201
135,128 108,201
135,128 107,202
135,128 106,202
135,128 105,202
135,128 104,202
130,132 103,202
130,132 102,202
130,132 101,202
130,132 100,202
131,131 99,202
131,131 98,202
131,131 97,202
131,131 96,202
131,131 95,202
132,130 94,202
132,130 93,202
132,130 92,201
132,130 91,201
132,130 90,201
133,129 89,200
133,129 88,200
133,129 87,200
133,129 86,200
129,133 85,199
134,129 112,200
134,129 111,200
134,129 110,200
134,129 109,200
134,129 108,200
135,128 107,201
135,128 106,201
135,128 105,201
135,128 104,201
130,132 103,201
130,132 102,201
130,132 101,201
130,132 100,201
131,131 99,201
131,131 98,201
131,131 97,201
131,131 96,201
131,131 95,201
132,130 94,201
132,130 93,201
132,130 92,200
132,130 91,200
133,129 90,200
133,129 89,199
133,129 88,199
133,129 87,199
129,133 86,199
134,129 111,199
134,129 110,199
134,129 109,199
134,129 108,199
135,128 107,200
135,128 106,200
135,128 105,200
135,128 104,200
130,132 103,200
130,132 102,200
130,132 101,200
130,132 100,200
131,131 99,200
131,131 98,200
131,131 97,200
131,131 96,200
132,130 95,200
132,130 94,200
132,130 93,200
132,130 92,199
133,129 91,199
133,129 90,199
133,129 89,198
133,129 88,198
129,133 87,198
134,129 111,198
134,129 110,198
134,129 109,198
134,129 108,198
135,128 107,199
135,128 106,199
135,128 105,199
135,128 104,199
130,132 103,199
130,132 102,199
130,132 101,199
130,132 100,199
131,131 99,199
131,131 98,199
131,131 97,199
131,131 96,199
132,130 95,199
132,130 94,199
132,130 93,199
132,130 92,198
133,129 91,198
133,129 90,198
133,129 89,197
129,133 88,197
134,128 110,197
134,128 109,197
134,128 108,197
134,128 107,198
134,128 106,198
135,127 105,198
135,127 104,198
135,127 103,198
135,127 102,198
130,131 101,198
130,131 100,198
130,131 99,198
130,131 98,198
130,131 97,198
131,130 96,198
131,130 95,198
131,130 94,198
131,130 93,198
132,129 92,197
132,129 91,197
132,129 90,197
132,129 89,196
133,128 88,196
134,128 109,196
134,128 108,196
134,128 107,197
134,128 106,197
135,127 105,197
135,127 104,197
135,127 103,197
135,127 102,197
130,131 101,197
130,131 100,197
130,131 99,197
130,131 98,197
131,130 97,197
131,130 96,197
131,130 95,197
131,130 94,197
132,129 93,197
132,129 92,196
132,129 91,196
132,129 90,196
133,128 89,195
134,128 107,196
134,128 108,195
134,128 106,196
134,128 105,196
135,127 104,196
135,127 103,196
135,127 102,196
135,127 101,196
130,131 100,196
130,131 99,196
130,131 98,196
131,130 97,196
131,130 96,196
131,130 95,196
131,130 94,196
132,129 93,196
132,129 92,195
132,129 91,195
133,128 90,195
134,128 107,195
134,128 108,194
134,128 106,195
134,128 105,195
135,127 104,195
135,127 103,195
135,127 102,195
130,131 101,195
130,131 100,195
130,131 99,195
130,131 98,195
131,130 97,195
131,130 96,195
131,130 95,195
132,129 94,195
132,129 93,195
132,129 92,194
133,128 91,194
134,127 107,194
134,127 106,194
134,127 105,194
134,127 104,194
135,126 103,194
135,126 102,194
135,126 101,194
135,126 100,194
131,129 99,194
131,129 98,194
131,129 97,194
131,129 96,194
132,128 95,194
132,128 94,194
132,128 93,194
133,127 92,193
134,127 106,193
134,127 105,193
134,127 104,193
134,127 103,193
135,126 102,193
135,126 101,193
135,126 100,193
131,129 99,193
131,129 98,193
131,129 97,193
132,128 96,193
132,128 95,193
132,128 94,193
133,127 93,193
134,127 105,192
134,127 104,192
134,127 103,192
135,126 102,192
135,126 101,192
135,126 100,192
131,129 99,192
131,129 98,192
131,129 97,192
132,128 96,192
132,128 95,192
133,127 94,192
134,127 104,191
134,127 103,191
134,127 102,191
135,126 101,191
135,126 100,191
131,129 99,191
131,129 98,191
132,128 97,191
132,128 96,191
133,127 95,191
134,126 103,190
134,126 102,190
134,126 101,190
133,126 100,190
133,126 99,190
132,127 98,190
132,127 97,190
133,126 96,190
134,126 102,189
134,126 101,189
133,126 100,189
133,126 99,189
132,127 98,189
133,126 97,189
134,126 101,188
133,126 100,188
132,127 99,188
133,126 98,188
134,125 100,187
134,125 99,187
124,135 75,212
124,135 74,212
124,135 73,211
124,134 72,210
124,134 71,209
124,133 71,208
124,133 70,207
124,133 70,206
124,132 69,205
124,132 68,204
124,131 68,203
124,131 67,202
124,131 67,201
124,130 66,200
124,130 66,199
124,129 66,198
124,129 66,197
124,129 65,196
124,128 65,195
124,128 65,194
124,127 65,193
124,127 65,192
124,127 65,191
125,126 65,190
125,126 65,189
125,125 65,188
125,125 65,187
125,124 65,186
125,124 65,185
125,124 65,184
125,123 65,183
125,123 65,182
126,122 66,181
126,122 66,180
126,122 66,179
126,121 67,178
126,121 67,177
126,120 67,176
126,120 67,175
126,120 68,174
126,119 68,173
126,119 69,172
127,118 70,171
127,118 70,170
127,118 71,169
127,117 71,168
127,117 72,167
128,116 73,166
128,116 74,165
128,115 75,164
124,135 75,211
124,135 74,211
124,135 73,210
124,134 72,209
124,134 72,208
124,133 71,207
124,133 71,206
124,133 70,205
124,132 69,204
124,132 69,203
124,131 68,202
124,131 68,201
124,130 67,200
124,130 67,199
124,130 67,198
124,129 67,197
124,129 66,196
124,128 66,195
124,128 66,194
124,128 66,193
124,127 66,192
124,127 66,191
125,126 66,190
125,126 66,189
125,125 66,188
125,125 66,187
125,125 66,186
125,124 66,185
125,124 66,184
125,123 66,183
125,123 66,182
125,123 67,181
126,122 67,180
126,122 67,179
126,121 68,178
126,121 68,177
126,120 68,176
126,120 68,175
126,120 69,174
126,119 69,173
126,119 70,172
127,118 71,171
127,118 71,170
127,118 72,169
127,117 72,168
127,117 73,167
128,116 74,166
128,116 75,165
128,115 76,164
124,135 75,210
124,135 74,210
124,135 73,209
124,134 73,208
124,134 72,207
124,133 72,206
124,133 71,205
124,133 70,204
124,132 70,203
124,132 69,202
124,131 69,201
124,131 68,200
124,130 68,199
124,130 68,198
124,130 68,197
124,129 67,196
124,129 67,195
124,128 67,194
124,128 67,193
124,127 67,192
124,127 67,191
124,127 67,190
125,126 67,189
125,126 67,188
125,125 67,187
125,125 67,186
125,124 67,185
125,124 67,184
125,124 67,183
125,123 67,182
125,123 68,181
126,122 68,180
126,122 68,179
126,121 69,178
126,121 69,177
126,121 69,176
126,120 69,175
126,120 70,174
126,119 70,173
126,119 71,172
127,118 72,171
127,118 72,170
127,118 73,169
127,117 73,168
127,117 74,167
128,116 75,166
128,116 76,165
128,115 77,164
124,135 75,209
124,135 74,209
124,135 74,208
124,134 73,207
124,134 73,206
124,133 72,205
124,133 71,204
124,132 71,203
124,132 70,202
124,132 70,201
124,131 69,200
124,131 69,199
124,130 69,198
124,130 69,197
124,129 68,196
124,129 68,195
124,129 68,194
124,128 68,193
124,128 68,192
124,127 68,191
124,127 68,190
125,126 68,189
125,126 68,188
125,125 68,187
125,125 68,186
125,125 68,185
125,124 68,184
125,124 68,183
125,123 68,182
125,123 69,181
126,122 69,180
126,122 69,179
126,122 70,178
126,121 70,177
126,121 70,176
126,120 70,175
126,120 71,174
126,119 71,173
126,119 72,172
126,119 73,171
127,118 73,170
127,118 74,169
127,117 74,168
127,117 75,167
128,116 76,166
128,116 77,165
128,115 78,164
125,135 75,208
125,135 74,207
125,135 74,206
125,134 73,205
125,134 72,204
125,133 72,203
125,133 71,202
125,132 71,201
125,132 70,200
125,131 70,199
125,131 70,198
125,130 70,197
125,130 69,196
125,130 69,195
125,129 69,194
125,129 69,193
125,128 69,192
125,128 69,191
125,127 69,190
125,127 69,189
126,126 69,188
126,126 69,187
126,125 69,186
126,125 69,185
126,125 69,184
126,124 69,183
126,124 69,182
126,123 70,181
126,123 70,180
127,122 70,179
127,122 71,178
127,121 71,177
127,121 71,176
127,120 71,175
127,120 72,174
127,120 72,173
127,119 73,172
127,119 74,171
128,118 74,170
128,118 75,169
128,117 75,168
128,117 76,167
129,116 77,166
129,116 78,165
129,115 79,164
125,135 75,207
125,135 75,206
125,135 74,205
125,134 73,204
125,134 73,203
125,133 72,202
125,133 72,201
125,132 71,200
125,132 71,199
125,131 71,198
125,131 71,197
125,130 70,196
125,130 70,195
125,129 70,194
125,129 70,193
125,128 70,192
125,128 70,191
125,127 70,190
125,127 70,189
126,126 70,188
126,126 70,187
126,125 70,186
126,125 70,185
126,125 70,184
126,124 70,183
126,124 70,182
126,123 71,181
126,123 71,180
127,122 71,179
127,122 72,178
127,121 72,177
127,121 72,176
127,120 72,175
127,120 73,174
127,119 73,173
127,119 74,172
128,118 75,171
128,118 75,170
128,117 76,169
128,117 76,168
129,116 77,167
129,116 78,166
129,115 79,165
125,135 75,205
125,135 76,206
125,134 74,204
125,134 74,203
125,133 73,202
125,133 73,201
125,132 72,200
125,132 72,199
125,131 72,198
125,131 72,197
125,130 71,196
125,130 71,195
125,129 71,194
125,129 71,193
125,128 71,192
125,128 71,191
125,127 71,190
125,127 71,189
126,126 71,188
126,126 71,187
126,125 71,186
126,125 71,185
126,124 71,184
126,124 71,183
126,123 71,182
126,123 72,181
127,122 72,180
127,122 72,179
127,121 73,178
127,121 73,177
127,120 73,176
127,120 73,175
127,119 74,174
127,119 74,173
128,118 75,172
128,118 76,171
128,117 76,170
128,117 77,169
129,116 77,168
129,116 78,167
129,115 79,166
126,135 75,204
126,135 76,205
126,135 77,206
126,134 74,202
126,134 75,203
126,133 73,200
126,133 74,201
126,132 73,199
126,132 73,198
126,131 73,197
126,131 72,196
126,130 72,195
126,130 72,194
126,129 72,193
126,129 72,192
126,129 72,191
126,128 72,190
126,128 72,189
126,127 72,188
126,127 72,187
127,126 72,186
127,126 72,185
127,125 72,184
127,125 72,183
127,124 72,182
127,124 73,181
127,123 73,180
127,123 73,179
127,123 74,178
128,122 74,177
128,122 74,176
128,121 74,175
128,121 75,174
128,120 75,173
128,120 76,172
128,119 77,171
128,119 77,170
129,118 78,169
129,118 78,168
129,117 79,167
126,135 76,204
126,135 77,205
126,135 78,206
126,134 75,202
126,134 76,203
126,133 74,200
126,133 75,201
126,132 74,199
126,132 74,198
126,131 74,197
126,131 73,196
126,130 73,195
126,130 73,194
126,129 73,193
126,129 73,192
126,128 73,191
126,128 73,190
126,127 73,189
126,127 73,188
127,126 73,187
127,126 73,186
127,126 73,185
127,125 73,184
127,125 73,183
127,124 73,182
127,124 74,181
127,123 74,180
127,123 74,179
128,122 75,178
128,122 75,177
128,121 75,176
128,121 75,175
128,120 76,174
128,120 76,173
128,119 77,172
128,119 78,171
129,118 78,170
129,118 79,169
129,117 79,168
126,135 77,204
126,135 78,205
126,135 79,206
126,134 76,202
126,134 77,203
126,133 75,200
126,133 76,201
126,132 75,199
126,132 75,198
126,131 75,197
126,131 74,196
126,130 74,195
126,130 74,194
126,129 74,193
126,129 74,192
126,128 74,191
126,128 74,190
126,127 74,189
126,127 74,188
127,126 74,187
127,126 74,186
127,125 74,185
127,125 74,184
127,124 74,183
127,124 74,182
127,123 75,181
127,123 75,180
128,122 75,179
128,122 76,178
128,121 76,177
128,121 76,176
128,120 76,175
128,120 77,174
128,119 77,173
128,119 78,172
129,118 79,171
129,118 79,170
129,117 80,169
127,135 78,204
127,135 79,205
127,135 77,202
127,134 78,203
127,134 76,200
127,133 77,201
127,133 76,199
127,132 76,198
127,132 76,197
127,131 75,196
127,131 75,195
127,130 75,194
127,130 75,193
127,129 75,192
127,129 75,191
127,128 75,190
127,128 75,189
127,127 75,188
127,127 75,187
127,127 75,186
128,126 75,185
128,126 75,184
128,125 75,183
128,125 75,182
128,124 76,181
128,124 76,180
128,123 76,179
128,123 77,178
129,122 77,177
129,122 77,176
129,121 77,175
129,121 78,174
129,120 78,173
129,120 79,172
129,119 80,171
129,119 80,170
130,118 81,169
127,135 79,204
127,135 79,203
127,135 78,202
127,134 78,201
127,134 77,200
127,133 77,199
127,133 77,198
127,132 77,197
127,132 76,196
127,131 76,195
127,131 76,194
127,130 76,193
127,130 76,192
127,129 76,191
127,129 76,190
127,128 76,189
127,128 76,188
127,127 76,187
127,127 76,186
128,126 76,185
128,126 76,184
128,125 76,183
128,125 76,182
128,124 77,181
128,124 77,180
128,123 77,179
128,123 78,178
129,122 78,177
129,122 78,176
129,121 78,175
129,121 79,174
129,120 79,173
129,120 80,172
129,119 81,171
129,119 81,170
130,118 82,169
127,135 79,202
127,135 80,203
127,134 78,200
127,134 79,201
127,133 78,199
127,133 78,198
127,132 78,197
127,132 77,196
127,131 77,195
127,131 77,194
127,130 77,193
127,130 77,192
127,129 77,191
127,129 77,190
127,128 77,189
127,128 77,188
127,127 77,187
127,127 77,186
128,126 77,185
128,126 77,184
128,125 77,183
128,125 77,182
128,124 78,181
128,124 78,180
128,123 78,179
128,123 79,178
129,122 79,177
129,122 79,176
129,121 79,175
129,121 80,174
129,120 80,173
129,120 81,172
129,119 82,171
130,118 82,170
127,135 80,202
127,135 81,203
127,134 79,200
127,134 80,201
127,133 79,199
127,133 79,198
127,132 79,197
127,132 78,196
127,131 78,195
127,131 78,194
127,130 78,193
127,130 78,192
127,129 78,191
127,129 78,190
127,128 78,189
127,128 78,188
127,127 78,187
128,126 78,186
128,126 78,185
128,125 78,184
128,125 78,183
128,124 78,182
128,124 79,181
128,123 79,180
128,123 79,179
129,122 80,178
129,122 80,177
129,121 80,176
129,121 80,175
129,120 81,174
129,120 81,173
129,119 82,172
130,118 83,171
128,134 81,202
128,134 81,201
128,133 80,200
128,133 80,199
128,132 80,198
128,132 80,197
128,131 79,196
128,131 79,195
128,130 79,194
128,130 79,193
128,129 79,192
128,129 79,191
128,128 79,190
128,128 79,189
128,127 79,188
128,127 79,187
129,126 79,186
129,126 79,185
129,125 79,184
129,125 79,183
129,124 79,182
129,124 80,181
129,123 80,180
129,123 80,179
130,122 81,178
130,122 81,177
130,121 81,176
130,121 81,175
130,120 82,174
130,120 82,173
130,119 83,172
131,118 84,171
128,134 81,200
128,134 82,201
128,133 81,199
128,133 81,198
128,132 81,197
128,132 80,196
128,131 80,195
128,131 80,194
128,130 80,193
128,130 80,192
128,129 80,191
128,128 80,190
128,128 80,189
128,127 80,188
128,127 80,187
129,126 80,186
129,126 80,185
129,125 80,184
129,125 80,183
129,124 80,182
129,123 81,181
129,123 81,180
130,122 81,179
130,122 82,178
130,121 82,177
130,121 82,176
130,120 82,175
130,120 83,174
130,119 83,173
131,118 84,172
128,134 82,200
128,134 82,199
128,133 82,198
128,133 82,197
128,132 81,196
128,132 81,195
128,131 81,194
128,130 81,193
128,130 81,192
128,129 81,191
128,129 81,190
128,128 81,189
128,127 81,188
128,127 81,187
129,126 81,186
129,126 81,185
129,125 81,184
129,124 81,183
129,124 81,182
129,123 82,181
129,123 82,180
130,122 82,179
130,121 83,178
130,121 83,177
130,120 83,176
130,120 83,175
130,119 84,174
131,118 84,173
129,132 83,199
129,132 83,198
129,131 83,197
129,131 82,196
129,130 82,195
129,130 82,194
129,129 82,193
129,129 82,192
129,128 82,191
129,127 82,190
129,127 82,189
130,126 82,188
130,126 82,187
130,125 82,186
130,125 82,185
130,124 82,184
130,124 82,183
130,123 82,182
131,122 83,181
131,122 83,180
131,121 83,179
131,121 84,178
131,120 84,177
131,120 84,176
131,119 84,175
132,118 85,174
129,132 84,199
129,132 84,198
129,131 84,197
129,131 83,196
129,130 83,195
129,130 83,194
129,129 83,193
129,129 83,192
129,128 83,191
129,127 83,190
129,127 83,189
130,126 83,188
130,126 83,187
130,125 83,186
130,125 83,185
130,124 83,184
130,124 83,183
130,123 83,182
131,122 84,181
131,122 84,180
131,121 84,179
131,121 85,178
131,120 85,177
131,120 85,176
131,119 85,175
132,118 86,174
129,132 85,198
129,132 85,197
129,131 84,196
129,131 84,195
129,130 84,194
129,129 84,193
129,129 84,192
129,128 84,191
129,128 84,190
129,127 84,189
130,126 84,188
130,126 84,187
130,125 84,186
130,125 84,185
130,124 84,184
130,123 84,183
130,123 84,182
131,122 85,181
131,122 85,180
131,121 85,179
131,120 86,178
131,120 86,177
131,119 86,176
132,118 86,175
130,130 86,198
130,130 86,197
130,129 85,196
130,129 85,195
130,128 85,194
130,128 85,193
130,127 85,192
130,127 85,191
131,126 85,190
131,126 85,189
131,125 85,188
131,124 85,187
131,124 85,186
131,123 85,185
131,123 85,184
132,122 85,183
132,122 85,182
132,121 86,181
132,121 86,180
132,120 86,179
132,120 87,178
132,119 87,177
133,118 87,176
130,130 86,196
130,130 87,197
130,129 86,195
130,129 86,194
130,128 86,193
130,127 86,192
130,127 86,191
131,126 86,190
131,126 86,189
131,125 86,188
131,124 86,187
131,124 86,186
131,123 86,185
131,123 86,184
132,122 86,183
132,121 86,182
132,121 87,181
132,120 87,180
132,120 87,179
132,119 88,178
133,118 88,177
130,130 87,196
130,130 87,195
130,129 87,194
130,129 87,193
130,128 87,192
130,127 87,191
130,127 87,190
131,126 87,189
131,125 87,188
131,125 87,187
131,124 87,186
131,124 87,185
131,123 87,184
132,122 87,183
132,122 87,182
132,121 88,181
132,120 88,180
132,120 88,179
132,119 89,178
133,118 89,177
130,130 88,195
130,130 88,194
130,129 88,193
130,128 88,192
130,128 88,191
130,127 88,190
131,126 88,189
131,126 88,188
131,125 88,187
131,124 88,186
131,123 88,185
131,123 88,184
132,122 88,183
132,121 88,182
132,121 89,181
132,120 89,180
132,119 89,179
133,118 90,178
131,128 89,194
131,128 89,193
131,127 89,192
132,126 89,191
132,126 89,190
132,125 89,189
132,124 89,188
132,124 89,187
132,123 89,186
133,122 89,185
133,122 89,184
133,121 89,183
133,120 89,182
133,120 90,181
133,119 90,180
134,118 90,179
131,128 90,194
131,128 90,193
131,127 90,192
132,126 90,191
132,126 90,190
132,125 90,189
132,124 90,188
132,123 90,187
132,123 90,186
133,122 90,185
133,121 90,184
133,121 90,183
133,120 90,182
133,119 91,181
134,118 91,180
131,128 91,193
131,128 91,192
131,127 91,191
132,126 91,190
132,125 91,189
132,124 91,188
132,123 91,187
132,123 91,186
133,122 91,185
133,121 91,184
133,120 91,183
133,119 91,182
134,118 92,181
133,125 92,192
133,125 92,191
133,124 92,190
133,124 92,189
133,123 92,188
134,122 92,187
134,122 92,186
134,121 92,185
134,120 92,184
134,120 92,183
134,119 92,182
135,118 93,181
133,125 93,192
133,125 93,191
133,124 93,190
133,123 93,189
133,123 93,188
134,122 93,187
134,121 93,186
134,121 93,185
134,120 93,184
134,119 93,183
135,118 93,182
133,125 94,191
133,125 94,190
133,124 94,189
133,123 94,188
134,122 94,187
134,121 94,186
134,120 94,185
134,119 94,184
135,118 94,183
134,124 95,190
134,123 95,189
135,122 95,188
135,121 95,187
135,120 95,186
135,119 95,185
136,118 95,184
134,124 96,189
134,123 96,189
135,122 96,188
135,121 96,187
135,120 96,187
135,119 96,186
136,118 96,185
134,124 97,188
134,123 97,188
135,122 97,188
135,121 97,187
135,120 97,187
135,119 97,187
136,118 97,186
135,124 98,187
135,123 98,187
136,122 98,187
136,121 98,187
129,114 75,163
129,114 76,162
129,114 77,161
130,114 78,160
130,114 79,159
130,114 80,159
131,113 81,158
131,113 82,157
131,112 83,157
131,112 84,156
131,112 85,156
132,111 86,155
132,111 87,155
133,110 88,155
133,110 89,154
133,110 90,154
134,109 91,154
134,109 92,154
134,109 93,153
135,109 94,153
135,109 95,153
136,108 96,153
136,108 97,153
136,108 98,153
137,108 99,153
137,108 100,153
138,108 101,153
138,108 102,153
138,108 103,153
139,108 104,153
139,108 105,153
140,109 106,153
140,109 107,153
140,109 108,153
141,110 109,154
141,110 110,154
141,110 111,154
142,110 112,154
142,110 113,155
143,111 114,155
143,111 115,156
143,111 116,156
143,112 117,157
143,112 118,157
144,113 119,158
144,113 120,158
144,113 121,159
144,114 122,160
144,114 123,161
145,115 124,162
129,114 76,163
129,114 77,162
129,114 78,161
130,114 79,160
130,114 80,160
130,114 81,159
131,113 82,158
131,113 83,158
131,112 84,157
131,112 85,157
131,112 86,156
132,111 87,156
132,111 88,156
133,110 89,155
133,110 90,155
133,110 91,155
134,109 92,155
134,109 93,154
135,109 94,154
135,109 95,154
135,109 96,154
136,108 97,154
136,108 98,154
137,108 99,154
137,108 100,154
137,108 101,154
138,108 102,154
138,108 103,154
139,108 104,154
139,108 105,154
139,108 106,154
140,109 107,154
140,109 108,154
141,110 109,155
141,110 110,155
141,110 111,155
142,110 112,155
142,110 113,156
143,111 114,156
143,111 115,157
143,111 116,157
143,112 117,158
143,112 118,158
144,113 119,159
144,113 120,159
144,113 121,160
144,114 122,161
144,114 123,162
145,115 124,163
129,114 77,163
129,114 78,162
129,114 79,161
130,114 80,161
130,114 81,160
131,113 82,159
131,113 83,159
131,113 84,158
131,112 85,158
131,112 86,157
132,111 87,157
132,111 88,157
132,111 89,156
133,110 90,156
133,110 91,156
134,109 92,156
134,109 93,155
134,109 94,155
135,109 95,155
135,109 96,155
136,108 97,155
136,108 98,155
136,108 99,155
137,108 100,155
137,108 101,155
138,108 102,155
138,108 103,155
138,108 104,155
139,108 105,155
139,108 106,155
140,109 107,155
140,109 108,155
140,109 109,156
141,110 110,156
141,110 111,156
142,110 112,156
142,110 113,157
142,110 114,157
143,111 115,158
143,111 116,158
143,112 117,159
143,112 118,159
143,112 119,160
144,113 120,160
144,113 121,161
144,114 122,162
144,114 123,163
145,115 124,164
129,114 78,163
129,114 79,162
129,114 80,162
130,114 81,161
130,114 82,160
131,113 83,160
131,113 84,159
131,113 85,159
131,112 86,158
131,112 87,158
132,111 88,158
132,111 89,157
132,111 90,157
133,110 91,157
133,110 92,157
134,109 93,156
134,109 94,156
135,109 95,156
135,109 96,156
135,109 97,156
136,108 98,156
136,108 99,156
137,108 100,156
137,108 101,156
137,108 102,156
138,108 103,156
138,108 104,156
139,108 105,156
139,108 106,156
139,108 107,156
140,109 108,156
140,109 109,157
141,110 110,157
141,110 111,157
142,110 112,157
142,110 113,158
142,110 114,158
143,111 115,159
143,111 116,159
143,112 117,160
143,112 118,160
143,112 119,161
144,113 120,161
144,113 121,162
144,114 122,163
144,114 123,164
145,115 124,165
130,115 79,163
130,115 80,163
130,115 81,162
131,114 82,161
131,114 83,161
132,113 84,160
132,113 85,160
132,113 86,159
132,112 87,159
132,112 88,159
133,111 89,158
133,111 90,158
133,111 91,158
134,110 92,158
134,110 93,157
135,110 94,157
135,110 95,157
135,110 96,157
136,109 97,157
136,109 98,157
137,109 99,157
137,109 100,157
137,109 101,157
138,109 102,157
138,109 103,157
139,109 104,157
139,109 105,157
139,109 106,157
140,110 107,157
140,110 108,157
141,111 109,158
141,111 110,158
141,111 111,158
142,111 112,158
142,111 113,159
142,112 114,159
142,112 115,160
142,112 116,160
143,113 117,161
143,113 118,161
143,114 119,162
143,114 120,162
143,114 121,163
144,115 122,164
144,115 123,165
143,114 124,166
130,115 80,164
130,115 81,163
130,115 82,162
131,114 83,162
131,114 84,161
132,113 85,161
132,113 86,160
132,113 87,160
132,112 88,160
132,112 89,159
133,111 90,159
133,111 91,159
134,110 92,159
134,110 93,158
134,110 94,158
135,110 95,158
135,110 96,158
136,109 97,158
136,109 98,158
136,109 99,158
137,109 100,158
137,109 101,158
138,109 102,158
138,109 103,158
139,109 104,158
139,109 105,158
139,109 106,158
140,110 107,158
140,110 108,158
141,111 109,159
141,111 110,159
141,111 111,159
142,111 112,159
142,111 113,160
142,112 114,160
142,112 115,161
143,113 116,161
143,113 117,162
143,113 118,162
143,114 119,163
143,114 120,163
144,115 121,164
144,115 122,165
143,114 123,166
130,115 80,165
130,115 81,164
130,115 82,163
131,114 83,163
131,114 84,162
132,113 85,162
132,113 86,161
132,112 87,161
132,112 88,161
132,112 89,160
133,111 90,160
133,111 91,160
134,110 92,160
134,110 93,159
135,110 94,159
135,110 95,159
135,110 96,159
136,109 97,159
136,109 98,159
137,109 99,159
137,109 100,159
138,109 101,159
138,109 102,159
138,109 103,159
139,109 104,159
139,109 105,159
140,110 106,159
140,110 107,159
141,111 108,159
141,111 109,160
141,111 110,160
142,111 111,160
142,111 112,160
142,112 113,161
142,112 114,161
143,113 115,162
143,113 116,162
143,113 117,163
143,114 118,163
143,114 119,164
144,115 120,164
144,115 121,165
143,114 122,166
130,115 80,166
130,115 81,165
130,115 82,164
131,114 83,164
131,114 84,163
132,113 85,163
132,113 86,162
132,112 87,162
132,112 88,162
132,112 89,161
133,111 90,161
133,111 91,161
134,110 92,161
134,110 93,160
135,110 94,160
135,110 95,160
136,109 96,160
136,109 97,160
136,109 98,160
137,109 99,160
137,109 100,160
138,109 101,160
138,109 102,160
139,109 103,160
139,109 104,160
139,109 105,160
140,110 106,160
140,110 107,160
141,111 108,160
141,111 109,161
142,111 110,161
142,111 111,161
142,112 112,161
142,112 113,162
142,112 114,162
143,113 115,163
143,113 116,163
143,114 117,164
143,114 118,164
144,115 119,165
144,115 120,165
143,114 121,166
130,116 80,167
130,116 81,166
130,116 82,165
131,115 83,165
131,115 84,164
132,114 85,164
132,114 86,163
132,114 87,163
133,113 88,163
133,113 89,162
133,112 90,162
133,112 91,162
133,112 92,162
134,111 93,161
134,111 94,161
135,111 95,161
135,111 96,161
135,111 97,161
136,110 98,161
136,110 99,161
137,110 100,161
137,110 101,161
137,110 102,161
138,110 103,161
138,110 104,161
139,110 105,161
139,110 106,161
139,110 107,161
140,111 108,161
140,111 109,162
141,112 110,162
141,112 111,162
141,112 112,162
142,113 113,163
142,113 114,163
142,114 115,164
142,114 116,164
142,114 117,165
143,115 118,165
143,115 119,166
144,116 120,166
130,116 80,168
130,116 81,167
130,116 82,166
131,115 83,166
131,115 84,165
132,114 85,165
132,114 86,164
132,114 87,164
133,113 88,164
133,113 89,163
133,112 90,163
133,112 91,163
133,112 92,163
134,111 93,162
134,111 94,162
135,111 95,162
135,111 96,162
135,111 97,162
136,110 98,162
136,110 99,162
137,110 100,162
137,110 101,162
138,110 102,162
138,110 103,162
138,110 104,162
139,110 105,162
139,110 106,162
140,111 107,162
140,111 108,162
140,111 109,163
141,112 110,163
141,112 111,163
142,113 112,163
142,113 113,164
142,113 114,164
142,114 115,165
142,114 116,165
143,115 117,166
143,115 118,166
144,116 119,167
130,116 81,168
130,116 82,167
130,116 83,167
131,115 84,166
131,115 85,166
132,114 86,165
132,114 87,165
132,114 88,165
133,113 89,164
133,113 90,164
133,112 91,164
133,112 92,164
134,111 93,163
134,111 94,163
134,111 95,163
135,111 96,163
135,111 97,163
136,110 98,163
136,110 99,163
137,110 100,163
137,110 101,163
137,110 102,163
138,110 103,163
138,110 104,163
139,110 105,163
139,110 106,163
139,110 107,163
140,111 108,163
140,111 109,164
141,112 110,164
141,112 111,164
142,113 112,164
142,113 113,165
142,113 114,165
142,114 115,166
142,114 116,166
143,115 117,167
143,115 118,167
144,116 119,168
130,117 82,168
130,117 83,168
130,117 84,167
131,116 85,167
131,116 86,166
132,115 87,166
132,115 88,166
132,115 89,165
133,114 90,165
133,114 91,165
134,113 92,165
134,113 93,164
134,113 94,164
134,112 95,164
134,112 96,164
135,112 97,164
135,112 98,164
135,112 99,164
136,111 100,164
136,111 101,164
137,111 102,164
137,111 103,164
137,111 104,164
138,111 105,164
138,111 106,164
139,111 107,164
139,111 108,164
139,111 109,165
140,112 110,165
140,112 111,165
141,113 112,165
141,113 113,166
141,113 114,166
141,114 115,167
141,114 116,167
142,115 117,168
142,115 118,168
143,116 119,169
130,117 83,169
130,117 84,168
130,117 85,168
131,116 86,167
131,116 87,167
132,115 88,167
132,115 89,166
133,114 90,166
133,114 91,166
133,114 92,166
134,113 93,165
134,113 94,165
134,112 95,165
134,112 96,165
135,112 97,165
135,112 98,165
135,112 99,165
136,111 100,165
136,111 101,165
137,111 102,165
137,111 103,165
138,111 104,165
138,111 105,165
138,111 106,165
139,111 107,165
139,111 108,165
140,112 109,166
140,112 110,166
141,113 111,166
141,113 112,166
141,113 113,167
141,114 114,167
141,114 115,168
142,115 116,168
142,115 117,169
143,116 118,169
130,117 83,170
130,117 84,169
130,117 85,169
131,116 86,168
131,116 87,168
132,115 88,168
132,115 89,167
133,114 90,167
133,114 91,167
133,114 92,167
134,113 93,166
134,113 94,166
134,112 95,166
134,112 96,166
135,112 97,166
135,112 98,166
136,111 99,166
136,111 100,166
136,111 101,166
137,111 102,166
137,111 103,166
138,111 104,166
138,111 105,166
139,111 106,166
139,111 107,166
140,112 108,166
140,112 109,167
140,112 110,167
141,113 111,167
141,113 112,167
141,114 113,168
141,114 114,168
142,115 115,169
142,115 116,169
143,116 117,170
130,117 84,170
130,117 85,170
130,117 86,169
131,116 87,169
131,116 88,169
132,115 89,168
132,115 90,168
133,114 91,168
133,114 92,168
134,113 93,167
134,113 94,167
134,112 95,167
134,112 96,167
134,112 97,167
135,112 98,167
135,112 99,167
136,111 100,167
136,111 101,167
137,111 102,167
137,111 103,167
138,111 104,167
138,111 105,167
139,111 106,167
139,111 107,167
139,111 108,167
140,112 109,168
140,112 110,168
141,113 111,168
141,113 112,168
141,114 113,169
141,114 114,169
142,115 115,170
142,115 116,170
143,116 117,171
131,117 85,171
131,117 86,170
131,117 87,170
132,116 88,170
132,116 89,169
132,116 90,169
133,115 91,169
133,115 92,169
134,114 93,168
134,114 94,168
134,114 95,168
135,113 96,168
135,113 97,168
136,112 98,168
136,112 99,168
136,112 100,168
137,112 101,168
137,112 102,168
137,112 103,168
138,112 104,168
138,112 105,168
139,112 106,168
139,112 107,168
139,112 108,168
140,113 109,169
140,113 110,169
140,114 111,169
140,114 112,169
140,114 113,170
141,115 114,170
141,115 115,171
142,116 116,171
131,117 85,172
131,117 86,171
131,117 87,171
132,116 88,171
132,116 89,170
133,115 90,170
133,115 91,170
133,115 92,170
134,114 93,169
134,114 94,169
135,113 95,169
135,113 96,169
135,113 97,169
136,112 98,169
136,112 99,169
137,112 100,169
137,112 101,169
137,112 102,169
138,112 103,169
138,112 104,169
139,112 105,169
139,112 106,169
139,112 107,169
140,113 108,169
140,113 109,170
140,114 110,170
140,114 111,170
140,114 112,170
141,115 113,171
141,115 114,171
142,116 115,172
131,117 85,173
131,117 86,172
131,117 87,172
132,116 88,172
132,116 89,171
133,115 90,171
133,115 91,171
133,115 92,171
134,114 93,170
134,114 94,170
135,113 95,170
135,113 96,170
135,113 97,170
136,112 98,170
136,112 99,170
137,112 100,170
137,112 101,170
137,112 102,170
138,112 103,170
138,112 104,170
139,112 105,170
139,112 106,170
139,112 107,170
140,113 108,170
140,113 109,171
140,114 110,171
140,114 111,171
140,114 112,171
141,115 113,172
141,115 114,172
142,116 115,173
131,117 86,173
131,117 87,173
131,117 88,173
132,116 89,172
132,116 90,172
133,115 91,172
133,115 92,172
134,114 93,171
134,114 94,171
134,114 95,171
135,113 96,171
135,113 97,171
136,112 98,171
136,112 99,171
137,112 100,171
137,112 101,171
137,112 102,171
138,112 103,171
138,112 104,171
139,112 105,171
139,112 106,171
140,113 107,171
140,113 108,171
140,113 109,172
140,114 110,172
140,114 111,172
141,115 112,172
141,115 113,173
142,116 114,173
132,117 87,174
132,117 88,174
132,117 89,173
133,116 90,173
133,116 91,173
133,116 92,173
134,115 93,172
134,115 94,172
135,114 95,172
135,114 96,172
135,114 97,172
136,113 98,172
136,113 99,172
137,113 100,172
137,113 101,172
137,113 102,172
138,113 103,172
138,113 104,172
138,113 105,172
139,113 106,172
139,113 107,172
139,114 108,172
139,114 109,173
139,114 110,173
140,115 111,173
140,115 112,173
141,116 113,174
132,117 87,175
132,117 88,175
132,117 89,174
133,116 90,174
133,116 91,174
134,115 92,174
134,115 93,173
134,115 94,173
135,114 95,173
135,114 96,173
136,113 97,173
136,113 98,173
136,113 99,173
137,113 100,173
137,113 101,173
138,113 102,173
138,113 103,173
138,113 104,173
139,113 105,173
139,113 106,173
139,114 107,173
139,114 108,173
139,114 109,174
140,115 110,174
140,115 111,174
141,116 112,174
132,117 88,176
132,117 89,175
132,117 90,175
133,116 91,175
133,116 92,175
134,115 93,174
134,115 94,174
135,114 95,174
135,114 96,174
135,114 97,174
136,113 98,174
136,113 99,174
137,113 100,174
137,113 101,174
138,113 102,174
138,113 103,174
138,113 104,174
139,113 105,174
139,113 106,174
139,114 107,174
139,114 108,174
140,115 109,175
140,115 110,175
141,116 111,175
133,117 89,176
133,117 90,176
133,117 91,176
133,117 92,176
134,116 93,175
134,116 94,175
134,116 95,175
135,115 96,175
135,115 97,175
135,115 98,175
136,114 99,175
136,114 100,175
136,114 101,175
137,114 102,175
137,114 103,175
137,114 104,175
138,114 105,175
138,114 106,175
138,114 107,175
139,115 108,175
139,115 109,176
139,115 110,176
140,116 111,176
133,117 90,177
133,117 91,177
133,117 92,177
134,116 93,176
134,116 94,176
134,116 95,176
135,115 96,176
135,115 97,176
135,115 98,176
136,114 99,176
136,114 100,176
136,114 101,176
137,114 102,176
137,114 103,176
137,114 104,176
138,114 105,176
138,114 106,176
138,114 107,176
139,115 108,176
139,115 109,177
140,116 110,177
133,117 91,178
133,117 92,178
133,117 93,177
134,116 94,177
134,116 95,177
134,116 96,177
135,115 97,177
135,115 98,177
136,114 99,177
136,114 100,177
136,114 101,177
137,114 102,177
137,114 103,177
138,114 104,177
138,114 105,177
138,114 106,177
139,115 107,177
139,115 108,177
140,116 109,178
133,117 91,179
133,117 92,179
133,117 93,178
134,116 94,178
134,116 95,178
135,115 96,178
135,115 97,178
135,115 98,178
136,114 99,178
136,114 100,178
137,114 101,178
137,114 102,178
137,114 103,178
138,114 104,178
138,114 105,178
139,115 106,178
139,115 107,178
140,116 108,178
134,117 92,180
134,117 93,179
134,117 94,179
135,116 95,179
135,116 96,179
135,116 97,179
136,115 98,179
136,115 99,179
136,115 100,179
137,115 101,179
137,115 102,179
137,115 103,179
138,115 104,179
138,115 105,179
138,115 106,179
139,116 107,179
134,117 93,180
134,117 94,180
134,117 95,180
135,116 96,180
135,116 97,180
135,116 98,180
136,115 99,180
136,115 100,180
137,115 101,180
137,115 102,180
137,115 103,180
138,115 104,180
138,115 105,180
139,116 106,180
134,117 94,181
134,117 95,181
134,117 96,181
135,116 97,181
135,116 98,181
136,115 99,181
136,115 100,181
136,115 101,181
137,115 102,181
137,115 103,181
138,115 104,181
138,115 105,181
139,116 106,181
134,117 94,182
134,117 95,182
134,117 96,182
135,116 97,182
135,116 98,182
136,115 99,182
136,115 100,182
137,115 101,182
137,115 102,182
138,115 103,182
138,115 104,182
139,116 105,182
135,117 95,183
135,117 96,183
135,117 97,183
136,116 98,183
136,116 99,183
136,116 100,183
137,116 101,183
137,116 102,183
137,116 103,183
138,116 104,183
135,117 96,184
135,117 97,184
135,117 98,184
136,116 99,184
136,116 100,184
137,116 101,184
137,116 102,184
138,116 103,184
135,117 97,185
135,117 98,185
136,116 99,185
136,116 100,185
137,116 101,185
138,116 102,185
136,117 98,186
136,117 99,186
136,117 100,186
136,117 101,186
145,116 125,162
145,116 126,163
145,116 126,164
145,117 127,165
145,117 128,166
145,117 128,167
145,118 129,168
145,118 130,169
145,119 130,170
145,119 131,171
145,119 131,172
145,120 132,173
145,120 132,174
146,121 132,175
146,121 133,176
146,121 133,177
146,122 133,178
146,122 133,179
146,122 133,180
146,123 134,181
146,123 134,182
146,124 134,183
146,124 134,184
146,124 134,185
146,125 134,186
146,125 134,187
146,126 134,188
146,126 134,189
146,126 134,190
146,127 134,191
146,127 134,192
145,127 134,193
145,127 134,194
145,127 133,195
144,128 133,196
144,128 133,197
144,128 133,198
143,128 132,199
143,128 132,200
142,129 132,201
142,129 131,202
142,129 131,203
141,129 130,204
141,129 130,205
140,130 129,206
140,130 128,207
140,130 127,208
139,130 127,209
139,130 126,210
138,131 125,211
145,116 125,163
145,116 125,164
145,116 126,165
145,117 127,166
145,117 127,167
145,118 128,168
145,118 129,169
145,118 129,170
145,119 130,171
145,119 130,172
145,120 131,173
145,120 131,174
145,120 131,175
146,121 132,176
146,121 132,177
146,122 132,178
146,122 132,179
146,122 132,180
146,123 133,181
146,123 133,182
146,124 133,183
146,124 133,184
146,124 133,185
146,125 133,186
146,125 133,187
146,126 133,188
146,126 133,189
146,126 133,190
146,127 133,191
146,127 133,192
145,127 133,193
145,127 133,194
145,127 132,195
144,128 132,196
144,128 132,197
143,128 132,198
143,128 131,199
143,128 131,200
142,129 131,201
142,129 130,202
141,129 130,203
141,129 129,204
141,129 129,205
140,130 128,206
140,130 127,207
139,130 126,208
139,130 126,209
138,131 125,210
145,116 125,165
145,116 126,166
145,116 126,167
145,117 127,168
145,117 128,169
145,118 128,170
145,118 129,171
145,119 129,172
145,119 130,173
145,119 130,174
145,120 130,175
145,120 131,176
146,121 131,177
146,121 131,178
146,122 131,179
146,122 131,180
146,122 132,181
146,123 132,182
146,123 132,183
146,124 132,184
146,124 132,185
146,125 132,186
146,125 132,187
146,125 132,188
146,126 132,189
146,126 132,190
146,127 132,191
146,127 132,192
145,127 132,193
145,127 132,194
145,127 131,195
144,128 131,196
144,128 131,197
143,128 131,198
143,128 130,199
142,129 130,200
142,129 130,201
142,129 129,202
141,129 129,203
141,129 128,204
140,130 128,205
140,130 127,206
139,130 126,207
139,130 125,208
138,131 125,209
145,116 125,166
145,116 125,167
145,116 126,168
145,117 127,169
145,117 127,170
145,118 128,171
145,118 128,172
145,119 129,173
145,119 129,174
145,120 129,175
145,120 130,176
145,120 130,177
146,121 130,178
146,121 130,179
146,122 130,180
146,122 131,181
146,123 131,182
146,123 131,183
146,124 131,184
146,124 131,185
146,125 131,186
146,125 131,187
146,125 131,188
146,126 131,189
146,126 131,190
146,127 131,191
146,127 131,192
145,127 131,193
145,127 131,194
144,128 130,195
144,128 130,196
143,128 130,197
143,128 130,198
143,128 129,199
142,129 129,200
142,129 129,201
141,129 128,202
141,129 128,203
140,130 127,204
140,130 127,205
139,130 126,206
139,130 125,207
138,131 124,208
144,117 125,168
144,117 124,167
144,117 126,169
144,118 126,170
144,118 127,171
144,119 127,172
144,119 128,173
144,119 128,174
144,120 128,175
144,120 129,176
145,121 129,177
145,121 129,178
145,121 129,179
145,122 129,180
145,122 130,181
145,123 130,182
145,123 130,183
145,124 130,184
145,124 130,185
145,124 130,186
145,125 130,187
145,125 130,188
145,126 130,189
145,126 130,190
145,126 130,191
144,127 130,192
144,127 130,193
143,127 130,194
143,127 129,195
142,128 129,196
142,128 129,197
142,128 129,198
141,128 128,199
141,128 128,200
140,129 128,201
140,129 127,202
140,129 127,203
139,129 126,204
139,129 126,205
138,130 125,206
138,130 124,207
139,129 123,208
144,117 125,169
144,117 124,168
144,117 123,167
144,118 126,171
144,118 125,170
144,119 127,173
144,119 126,172
144,119 127,174
144,120 127,175
144,120 128,176
145,121 128,177
145,121 128,178
145,121 128,179
145,122 128,180
145,122 129,181
145,123 129,182
145,123 129,183
145,124 129,184
145,124 129,185
145,124 129,186
145,125 129,187
145,125 129,188
145,126 129,189
145,126 129,190
145,126 129,191
144,127 129,192
144,127 129,193
143,127 129,194
143,127 128,195
142,128 128,196
142,128 128,197
142,128 128,198
141,128 127,199
141,128 127,200
140,129 127,201
140,129 126,202
140,129 126,203
139,129 125,204
139,129 125,205
138,130 124,206
138,130 123,207
139,129 122,208
144,117 124,169
144,117 123,168
144,117 122,167
144,118 125,171
144,118 124,170
144,119 126,173
144,119 125,172
144,119 126,174
144,120 126,175
144,120 127,176
145,121 127,177
145,121 127,178
145,121 127,179
145,122 127,180
145,122 128,181
145,123 128,182
145,123 128,183
145,124 128,184
145,124 128,185
145,124 128,186
145,125 128,187
145,125 128,188
145,126 128,189
145,126 128,190
145,126 128,191
144,127 128,192
144,127 128,193
143,127 128,194
143,127 127,195
142,128 127,196
142,128 127,197
142,128 127,198
141,128 126,199
141,128 126,200
140,129 126,201
140,129 125,202
140,129 125,203
139,129 124,204
139,129 124,205
138,130 123,206
138,130 122,207
139,129 121,208
143,117 123,169
143,117 122,168
143,117 121,167
143,118 124,171
143,118 123,170
143,118 125,173
143,119 124,172
143,119 125,174
143,120 125,175
143,120 126,176
143,120 126,177
144,121 126,178
144,121 126,179
144,122 126,180
144,122 127,181
144,122 127,182
144,123 127,183
144,123 127,184
144,124 127,185
144,124 127,186
144,124 127,187
144,125 127,188
144,125 127,189
144,125 127,190
144,126 127,191
144,126 127,192
143,126 127,193
143,126 127,194
143,126 126,195
142,127 126,196
142,127 126,197
141,127 126,198
141,127 125,199
141,127 125,200
140,128 125,201
140,128 124,202
139,128 124,203
139,128 123,204
139,128 123,205
138,129 122,206
138,129 121,207
137,130 120,208
143,117 122,169
143,117 121,168
143,117 120,167
143,118 123,171
143,118 122,170
143,118 124,173
143,119 123,172
143,119 124,174
143,120 124,175
143,120 125,176
143,120 125,177
144,121 125,178
144,121 125,179
144,122 125,180
144,122 126,181
144,122 126,182
144,123 126,183
144,123 126,184
144,124 126,185
144,124 126,186
144,124 126,187
144,125 126,188
144,125 126,189
144,125 126,190
144,126 126,191
144,126 126,192
143,126 126,193
143,126 126,194
143,126 125,195
142,127 125,196
142,127 125,197
141,127 125,198
141,127 124,199
141,127 124,200
140,128 124,201
140,128 123,202
139,128 123,203
139,128 122,204
139,128 122,205
138,129 121,206
138,129 120,207
137,130 119,208
143,117 121,169
143,117 120,168
143,117 122,171
143,118 121,170
143,118 123,173
143,119 122,172
143,119 123,174
143,119 123,175
143,120 124,176
143,120 124,177
144,121 124,178
144,121 124,179
144,121 124,180
144,122 125,181
144,122 125,182
144,123 125,183
144,123 125,184
144,123 125,185
144,124 125,186
144,124 125,187
144,125 125,188
144,125 125,189
144,125 125,190
144,126 125,191
144,126 125,192
143,126 125,193
143,126 125,194
143,126 124,195
142,127 124,196
142,127 124,197
141,127 124,198
141,127 123,199
141,127 123,200
140,128 123,201
140,128 122,202
139,128 122,203
139,128 121,204
139,128 121,205
138,129 120,206
138,129 119,207
137,130 118,208
142,117 120,169
142,117 120,170
142,117 121,171
142,118 121,172
142,118 122,173
142,118 122,174
142,119 122,175
142,119 123,176
142,120 123,177
142,120 123,178
142,120 123,179
143,121 123,180
143,121 124,181
143,122 124,182
143,122 124,183
143,122 124,184
143,123 124,185
143,123 124,186
143,123 124,187
143,124 124,188
143,124 124,189
143,125 124,190
143,125 124,191
143,125 124,192
142,126 124,193
142,126 124,194
141,126 123,195
141,126 123,196
141,126 123,197
140,127 123,198
140,127 122,199
140,127 122,200
139,127 122,201
139,127 121,202
138,128 121,203
138,128 120,204
138,128 120,205
137,129 119,206
137,129 118,207
136,130 117,208
142,117 120,171
142,117 119,170
142,117 121,173
142,118 120,172
142,118 121,174
142,119 121,175
142,119 122,176
142,119 122,177
142,120 122,178
142,120 122,179
143,121 122,180
143,121 123,181
143,121 123,182
143,122 123,183
143,122 123,184
143,123 123,185
143,123 123,186
143,123 123,187
143,124 123,188
143,124 123,189
143,125 123,190
143,125 123,191
143,125 123,192
142,126 123,193
142,126 123,194
141,126 122,195
141,126 122,196
141,126 122,197
140,127 122,198
140,127 121,199
139,127 121,200
139,127 121,201
139,127 120,202
138,128 120,203
138,128 119,204
137,129 119,205
137,129 118,206
136,130 117,207
142,117 119,171
142,117 118,170
142,117 120,173
142,118 119,172
142,118 120,174
142,119 120,175
142,119 121,176
142,119 121,177
142,120 121,178
142,120 121,179
143,121 121,180
143,121 122,181
143,122 122,182
143,122 122,183
143,122 122,184
143,123 122,185
143,123 122,186
143,124 122,187
143,124 122,188
143,124 122,189
143,125 122,190
143,125 122,191
142,126 122,192
142,126 122,193
141,126 122,194
141,126 121,195
141,126 121,196
140,127 121,197
140,127 121,198
139,127 120,199
139,127 120,200
139,127 120,201
138,128 119,202
138,128 119,203
137,129 118,204
137,129 118,205
136,130 117,206
142,117 118,171
142,117 118,172
142,117 119,173
142,118 119,174
142,118 119,175
142,119 120,176
142,119 120,177
142,120 120,178
142,120 120,179
142,120 120,180
143,121 121,181
143,121 121,182
143,122 121,183
143,122 121,184
143,123 121,185
143,123 121,186
143,124 121,187
143,124 121,188
143,124 121,189
143,125 121,190
143,125 121,191
142,126 121,192
142,126 121,193
141,126 121,194
141,126 120,195
140,127 120,196
140,127 120,197
140,127 120,198
139,127 119,199
139,127 119,200
138,128 119,201
138,128 118,202
137,129 118,203
137,129 117,204
136,130 117,205
141,117 118,173
141,117 117,172
141,117 118,174
141,118 118,175
141,118 119,176
141,119 119,177
141,119 119,178
141,120 119,179
141,120 119,180
141,120 120,181
142,121 120,182
142,121 120,183
142,122 120,184
142,122 120,185
142,123 120,186
142,123 120,187
142,124 120,188
142,124 120,189
142,124 120,190
142,125 120,191
142,125 120,192
141,125 120,193
141,125 120,194
140,126 119,195
140,126 119,196
140,126 119,197
139,126 119,198
139,126 118,199
138,127 118,200
138,127 118,201
137,128 117,202
137,128 117,203
136,129 116,204
141,117 117,173
141,117 116,172
141,117 117,174
141,118 117,175
141,118 118,176
141,119 118,177
141,119 118,178
141,120 118,179
141,120 118,180
142,121 119,181
142,121 119,182
142,121 119,183
142,122 119,184
142,122 119,185
142,123 119,186
142,123 119,187
142,124 119,188
142,124 119,189
142,125 119,190
142,125 119,191
141,125 119,192
141,125 119,193
141,125 119,194
140,126 118,195
140,126 118,196
139,126 118,197
139,126 118,198
138,127 117,199
138,127 117,200
137,128 117,201
137,128 116,202
136,129 116,203
141,117 116,173
141,117 116,174
141,117 116,175
141,118 117,176
141,118 117,177
141,119 117,178
141,119 117,179
141,120 117,180
141,120 118,181
142,121 118,182
142,121 118,183
142,122 118,184
142,122 118,185
142,123 118,186
142,123 118,187
142,124 118,188
142,124 118,189
142,125 118,190
142,125 118,191
141,125 118,192
141,125 118,193
140,126 118,194
140,126 117,195
139,126 117,196
139,126 117,197
138,127 117,198
138,127 116,199
137,128 116,200
137,128 116,201
136,129 115,202
140,117 115,174
140,117 115,175
140,117 116,176
140,118 116,177
140,118 116,178
140,119 116,179
140,119 116,180
140,120 117,181
140,120 117,182
141,121 117,183
141,121 117,184
141,121 117,185
141,122 117,186
141,122 117,187
141,123 117,188
141,123 117,189
141,124 117,190
141,124 117,191
140,125 117,192
140,125 117,193
140,125 117,194
139,125 116,195
139,125 116,196
138,126 116,197
138,126 116,198
137,127 115,199
137,127 115,200
136,128 115,201
140,117 114,174
140,117 114,175
140,117 115,176
140,118 115,177
140,118 115,178
140,119 115,179
140,119 115,180
140,120 116,181
140,120 116,182
141,121 116,183
141,121 116,184
141,122 116,185
141,122 116,186
141,123 116,187
141,123 116,188
141,123 116,189
141,124 116,190
141,124 116,191
140,125 116,192
140,125 116,193
139,125 116,194
139,125 115,195
138,126 115,196
138,126 115,197
137,127 115,198
137,127 114,199
136,128 114,200
140,117 114,176
140,117 113,175
140,118 114,177
140,118 114,178
140,119 114,179
140,119 114,180
140,120 115,181
140,120 115,182
141,121 115,183
141,121 115,184
141,122 115,185
141,122 115,186
141,123 115,187
141,123 115,188
141,124 115,189
141,124 115,190
140,125 115,191
140,125 115,192
139,125 115,193
139,125 115,194
138,126 114,195
138,126 114,196
137,127 114,197
137,127 114,198
136,128 113,199
139,117 113,176
139,117 112,175
139,117 113,177
139,118 113,178
139,118 113,179
139,119 113,180
139,119 114,181
139,120 114,182
139,120 114,183
140,121 114,184
140,121 114,185
140,122 114,186
140,122 114,187
140,122 114,188
140,123 114,189
140,123 114,190
140,124 114,191
140,124 114,192
139,124 114,193
139,124 114,194
138,125 113,195
138,125 113,196
137,126 113,197
137,126 113,198
136,127 112,199
139,117 112,176
139,117 112,177
139,118 112,178
139,118 112,179
139,119 112,180
139,119 113,181
139,120 113,182
139,120 113,183
140,121 113,184
140,121 113,185
140,122 113,186
140,122 113,187
140,123 113,188
140,123 113,189
140,124 113,190
140,124 113,191
139,124 113,192
139,124 113,193
138,125 113,194
138,125 112,195
137,126 112,196
137,126 112,197
136,127 112,198
139,117 111,177
139,117 111,178
139,118 111,179
139,118 111,180
139,119 112,181
139,119 112,182
139,120 112,183
139,120 112,184
140,121 112,185
140,121 112,186
140,122 112,187
140,123 112,188
140,123 112,189
140,124 112,190
140,124 112,191
139,124 112,192
139,124 112,193
138,125 112,194
138,125 111,195
137,126 111,196
136,127 111,197
139,117 110,178
139,117 110,179
139,118 110,180
139,118 111,181
139,119 111,182
139,120 111,183
139,120 111,184
140,121 111,185
140,121 111,186
140,122 111,187
140,123 111,188
140,123 111,189
140,124 111,190
140,124 111,191
139,124 111,192
138,125 111,193
138,125 111,194
137,126 110,195
136,127 110,196
138,117 109,179
138,117 109,180
138,118 110,181
138,118 110,182
138,119 110,183
138,119 110,184
138,120 110,185
138,120 110,186
139,121 110,187
139,122 110,188
139,122 110,189
139,123 110,190
139,123 110,191
138,124 110,192
138,124 110,193
137,125 110,194
136,126 109,195
138,117 108,179
138,117 108,180
138,118 109,181
138,118 109,182
138,119 109,183
138,120 109,184
138,120 109,185
139,121 109,186
139,121 109,187
139,122 109,188
139,123 109,189
139,123 109,190
138,124 109,191
138,124 109,192
137,125 109,193
136,126 109,194
138,117 108,181
138,117 107,180
138,118 108,182
138,119 108,183
138,119 108,184
138,120 108,185
139,121 108,186
139,121 108,187
139,122 108,188
139,123 108,189
139,123 108,190
138,124 108,191
137,125 108,192
136,126 108,193
137,117 107,181
137,117 107,182
137,118 107,183
137,119 107,184
137,119 107,185
137,120 107,186
138,121 107,187
138,121 107,188
138,122 107,189
138,123 107,190
138,123 107,191
137,124 107,192
136,125 107,193
137,117 106,182
137,117 106,183
137,118 106,184
137,119 106,185
137,120 106,186
138,121 106,187
138,121 106,188
138,122 106,189
138,123 106,190
137,124 106,191
136,125 106,192
137,117 105,183
137,118 105,184
137,119 105,185
137,120 105,186
138,121 105,187
138,122 105,188
138,123 105,189
137,124 105,190
136,125 105,191
136,119 104,184
136,120 104,185
137,121 104,186
137,122 104,187
137,123 104,188
136,124 104,189
135,125 104,190
136,119 103,185
136,120 103,185
137,121 103,186
137,122 103,187
137,123 103,187
136,124 103,188
135,125 103,189
136,119 102,186
136,120 102,186
137,121 102,186
137,122 102,187
137,123 102,187
136,124 102,187
135,125 102,188
136,123 101,187
