215,152 234,223
215,152 233,224
214,153 232,225
214,153 231,226
214,154 230,226
214,154 229,227
213,155 228,228
212,155 227,228
212,155 226,228
211,156 225,229
211,156 224,229
210,156 223,230
210,156 222,230
209,156 221,230
208,156 220,231
208,156 219,231
207,156 218,231
207,156 217,232
206,155 216,232
205,155 215,232
205,155 214,232
204,155 213,232
204,155 212,232
203,155 211,233
203,155 210,233
202,154 209,233
201,154 208,232
201,154 207,232
200,154 206,232
200,154 205,232
199,154 204,232
199,154 203,232
198,154 202,232
197,153 201,231
197,153 200,231
196,153 199,231
196,153 198,230
195,153 197,230
194,153 196,230
194,153 195,229
193,152 194,229
193,152 193,228
192,152 192,228
192,152 191,227
191,152 190,227
190,151 189,226
190,151 188,226
189,150 187,225
189,150 186,224
188,150 185,224
188,150 184,223
215,152 233,223
215,152 234,222
214,153 232,224
214,153 231,225
214,154 230,225
214,154 229,226
213,155 228,227
212,155 227,227
212,155 226,227
211,156 225,228
211,156 224,228
210,156 223,229
210,156 222,229
209,156 221,229
208,156 220,230
208,156 219,230
207,156 218,230
207,156 217,231
206,155 216,231
205,155 215,231
205,155 214,231
204,155 213,231
204,155 212,231
203,155 211,232
203,155 210,232
202,154 209,232
201,154 208,231
201,154 207,231
200,154 206,231
200,154 205,231
199,154 204,231
199,154 203,231
198,154 202,231
197,153 201,230
197,153 200,230
196,153 199,230
196,153 198,229
195,153 197,229
194,153 196,229
194,153 195,228
193,152 194,228
193,152 193,227
192,152 192,227
192,152 191,226
191,152 190,226
190,151 189,225
190,151 188,225
189,150 187,224
189,150 186,223
188,150 185,223
188,150 184,222
214,152 232,223
214,152 233,222
215,151 234,221
215,151 231,224
213,153 230,224
213,153 229,225
213,154 228,226
212,154 227,226
212,154 226,226
211,155 225,227
211,155 224,227
210,155 223,228
210,155 222,228
209,155 221,228
208,155 220,229
208,155 219,229
207,155 218,229
207,155 217,230
206,154 216,230
205,154 215,230
205,154 214,230
204,154 213,230
204,154 212,230
203,154 211,231
203,154 210,231
202,153 209,231
201,153 208,230
201,153 207,230
200,153 206,230
200,153 205,230
199,153 204,230
199,153 203,230
198,153 202,230
197,152 201,229
197,152 200,229
196,152 199,229
196,152 198,228
195,152 197,228
194,152 196,228
194,152 195,227
193,151 194,227
193,151 193,226
192,151 192,226
192,151 191,225
191,151 190,225
190,150 189,224
190,150 188,224
189,149 187,223
189,149 186,222
188,149 185,222
188,149 184,221
214,152 231,223
214,152 232,222
215,151 233,221
215,151 234,220
213,153 229,224
213,153 230,223
213,154 228,225
212,154 227,225
212,154 226,225
211,155 225,226
211,155 224,226
210,155 223,227
210,155 222,227
209,155 221,227
208,155 220,228
208,155 219,228
207,155 218,228
207,155 217,229
206,154 216,229
205,154 215,229
205,154 214,229
204,154 213,229
204,154 212,229
203,154 211,230
203,154 210,230
202,153 209,230
201,153 208,229
201,153 207,229
200,153 206,229
200,153 205,229
199,153 204,229
199,153 203,229
198,153 202,229
197,152 201,228
197,152 200,228
196,152 199,228
196,152 198,227
195,152 197,227
194,152 196,227
194,152 195,226
193,151 194,226
193,151 193,225
192,151 192,225
192,151 191,224
191,151 190,224
190,150 189,223
190,150 188,223
189,149 187,222
189,149 186,221
188,149 185,221
188,149 184,220
213,152 231,222
213,152 232,221
214,151 233,220
214,151 234,219
215,150 228,224
215,150 229,223
212,153 230,222
212,153 227,224
211,154 226,224
211,154 225,225
210,154 224,225
210,154 223,226
209,154 222,226
208,154 221,226
208,154 220,227
207,154 219,227
207,154 218,227
206,153 217,228
206,153 216,228
205,153 215,228
205,153 214,228
204,153 213,228
204,153 212,228
203,153 211,229
203,153 210,229
202,152 209,229
201,152 208,228
201,152 207,228
200,152 206,228
200,152 205,228
199,152 204,228
199,152 203,228
198,152 202,228
198,152 201,227
197,151 200,227
197,151 199,227
196,151 198,226
196,151 197,226
195,151 196,226
194,151 195,225
194,151 194,225
193,150 193,224
193,150 192,224
192,150 191,223
192,150 190,223
191,150 189,222
191,150 188,222
190,149 187,221
190,149 186,220
189,148 185,220
188,148 184,219
213,152 231,221
213,152 232,220
214,151 233,219
214,151 234,218
215,150 228,223
215,150 229,222
212,153 230,221
212,153 227,223
211,154 226,223
211,154 225,224
210,154 224,224
209,154 223,225
209,154 222,225
208,154 221,225
208,154 220,226
207,154 219,226
207,154 218,226
206,153 217,227
206,153 216,227
205,153 215,227
204,153 214,227
204,153 213,227
203,153 212,227
203,153 211,228
202,152 210,228
202,152 209,228
201,152 208,227
201,152 207,227
200,152 206,227
200,152 205,227
199,152 204,227
198,152 203,227
198,152 202,227
197,151 201,226
197,151 200,226
196,151 199,226
196,151 198,225
195,151 197,225
195,151 196,225
194,151 195,224
193,150 194,224
193,150 193,223
192,150 192,223
192,150 191,222
191,150 190,222
191,150 189,221
190,149 188,221
190,149 187,220
189,148 186,219
189,148 185,219
212,152 231,220
212,152 232,219
213,151 233,218
213,151 234,217
214,150 228,222
214,150 229,221
215,149 230,220
215,149 227,222
211,153 226,222
211,153 225,223
210,153 224,223
210,153 223,224
209,153 222,224
208,153 221,224
208,153 220,225
207,153 219,225
207,153 218,225
206,152 217,226
206,152 216,226
205,152 215,226
205,152 214,226
204,152 213,226
204,152 212,226
203,152 211,227
202,151 210,227
202,151 209,227
201,151 208,226
201,151 207,226
200,151 206,226
200,151 205,226
199,151 204,226
199,151 203,226
198,151 202,226
198,151 201,225
197,150 200,225
197,150 199,225
196,150 198,224
195,150 197,224
195,150 196,224
194,150 195,223
194,150 194,223
193,149 193,222
193,149 192,222
192,149 191,221
192,149 190,221
191,149 189,220
191,149 188,220
190,148 187,219
189,147 186,218
212,152 231,219
212,152 232,218
213,151 233,217
213,151 228,221
214,150 229,220
214,150 230,219
215,149 227,221
215,149 226,221
211,153 225,222
211,153 224,222
210,153 223,223
209,153 222,223
209,153 221,223
208,153 220,224
208,153 219,224
207,153 218,224
207,153 217,225
206,152 216,225
206,152 215,225
205,152 214,225
204,152 213,225
204,152 212,225
203,152 211,226
203,152 210,226
202,151 209,226
202,151 208,225
201,151 207,225
201,151 206,225
200,151 205,225
199,151 204,225
199,151 203,225
198,151 202,225
198,151 201,224
197,150 200,224
197,150 199,224
196,150 198,223
196,150 197,223
195,150 196,223
194,150 195,222
194,150 194,222
193,149 193,221
193,149 192,221
192,149 191,220
192,149 190,220
191,149 189,219
191,149 188,219
190,148 187,218
189,147 186,217
211,152 231,218
211,152 232,217
212,151 228,220
212,151 229,219
213,150 230,218
213,150 227,220
214,149 226,220
214,149 225,221
215,148 224,221
210,152 223,222
210,152 222,222
209,152 221,222
209,152 220,223
208,152 219,223
208,152 218,223
207,152 217,224
206,151 216,224
206,151 215,224
205,151 214,224
205,151 213,224
204,151 212,224
204,151 211,225
203,151 210,225
203,151 209,225
202,150 208,224
201,150 207,224
201,150 206,224
200,150 205,224
200,150 204,224
199,150 203,224
199,150 202,224
198,150 201,223
197,149 200,223
197,149 199,223
196,149 198,222
196,149 197,222
195,149 196,222
195,149 195,221
194,149 194,221
193,148 193,220
193,148 192,220
192,148 191,219
192,148 190,219
191,148 189,218
191,148 188,218
190,147 187,217
190,147 186,216
211,152 231,217
211,152 230,217
212,151 229,218
212,151 228,219
213,150 227,219
213,150 226,219
214,149 225,220
215,148 224,220
215,148 223,221
210,152 222,221
210,152 221,221
209,152 220,222
208,152 219,222
208,152 218,222
207,152 217,223
207,152 216,223
206,151 215,223
205,151 214,223
205,151 213,223
204,151 212,223
204,151 211,224
203,151 210,224
202,150 209,224
202,150 208,223
201,150 207,223
201,150 206,223
200,150 205,223
200,150 204,223
199,150 203,223
198,150 202,223
198,150 201,222
197,149 200,222
197,149 199,222
196,149 198,221
195,149 197,221
195,149 196,221
194,149 195,220
194,149 194,220
193,148 193,219
192,148 192,219
192,148 191,218
191,148 190,218
191,148 189,217
190,147 188,217
189,146 187,216
211,151 229,217
211,151 230,216
212,150 228,218
212,150 227,218
213,149 226,218
213,149 225,219
214,148 224,219
210,151 223,220
210,151 222,220
209,151 221,220
209,151 220,221
208,151 219,221
208,151 218,221
207,151 217,222
206,150 216,222
206,150 215,222
205,150 214,222
205,150 213,222
204,150 212,222
204,150 211,223
203,150 210,223
202,149 209,223
202,149 208,222
201,149 207,222
201,149 206,222
200,149 205,222
200,149 204,222
199,149 203,222
198,149 202,222
198,149 201,221
197,148 200,221
197,148 199,221
196,148 198,220
196,148 197,220
195,148 196,220
194,148 195,219
194,148 194,219
193,147 193,218
193,147 192,218
192,147 191,217
192,147 190,217
191,147 189,216
190,146 188,216
211,151 228,217
211,151 229,216
212,150 230,215
212,150 227,217
213,149 226,217
213,149 225,218
214,148 224,218
210,151 223,219
210,151 222,219
209,151 221,219
209,151 220,220
208,151 219,220
207,151 218,220
207,151 217,221
206,150 216,221
206,150 215,221
205,150 214,221
205,150 213,221
204,150 212,221
203,150 211,222
203,150 210,222
202,149 209,222
202,149 208,221
201,149 207,221
200,149 206,221
200,149 205,221
199,149 204,221
199,149 203,221
198,149 202,221
198,149 201,220
197,148 200,220
196,148 199,220
196,148 198,219
195,148 197,219
195,148 196,219
194,148 195,218
193,147 194,218
193,147 193,217
192,147 192,217
192,147 191,216
191,147 190,216
190,146 189,215
211,150 228,216
211,150 229,215
212,149 227,216
212,149 226,216
213,148 225,217
213,148 224,217
210,150 223,218
210,150 222,218
209,150 221,218
209,150 220,219
208,150 219,219
207,150 218,219
207,150 217,220
206,149 216,220
206,149 215,220
205,149 214,220
205,149 213,220
204,149 212,220
204,149 211,221
203,149 210,221
202,148 209,221
202,148 208,220
201,148 207,220
201,148 206,220
200,148 205,220
200,148 204,220
199,148 203,220
199,148 202,220
198,148 201,219
198,148 200,219
197,147 199,219
196,147 198,218
196,147 197,218
195,147 196,218
195,147 195,217
194,147 194,217
194,147 193,216
193,146 192,216
193,146 191,215
192,146 190,215
191,146 189,214
211,149 228,215
211,149 227,215
212,148 226,215
212,148 225,216
210,149 224,216
210,149 223,217
209,149 222,217
209,149 221,217
208,149 220,218
208,149 219,218
207,149 218,218
207,149 217,219
206,148 216,219
206,148 215,219
205,148 214,219
205,148 213,219
204,148 212,219
204,148 211,220
203,148 210,220
202,147 209,220
202,147 208,219
201,147 207,219
201,147 206,219
200,147 205,219
200,147 204,219
199,147 203,219
199,147 202,219
198,147 201,218
198,147 200,218
197,146 199,218
197,146 198,217
196,146 197,217
196,146 196,217
195,146 195,216
195,146 194,216
194,146 193,215
194,146 192,215
193,145 191,214
192,145 190,214
211,149 227,214
211,149 226,214
212,148 225,215
212,148 224,215
210,149 223,216
210,149 222,216
209,149 221,216
209,149 220,217
208,149 219,217
207,149 218,217
207,149 217,218
206,148 216,218
206,148 215,218
205,148 214,218
205,148 213,218
204,148 212,218
204,148 211,219
203,148 210,219
202,147 209,219
202,147 208,218
201,147 207,218
201,147 206,218
200,147 205,218
200,147 204,218
199,147 203,218
199,147 202,218
198,147 201,217
197,146 200,217
197,146 199,217
196,146 198,216
196,146 197,216
195,146 196,216
195,146 195,215
194,146 194,215
194,146 193,214
193,145 192,214
192,145 191,213
211,148 227,213
211,148 226,213
210,148 225,214
210,148 224,214
209,148 223,215
209,148 222,215
208,148 221,215
208,148 220,216
207,148 219,216
207,148 218,216
206,147 217,217
206,147 216,217
205,147 215,217
205,147 214,217
204,147 213,217
204,147 212,217
203,147 211,218
203,147 210,218
202,146 209,218
201,146 208,217
201,146 207,217
200,146 206,217
200,146 205,217
199,146 204,217
199,146 203,217
198,146 202,217
198,146 201,216
197,145 200,216
197,145 199,216
196,145 198,215
196,145 197,215
195,145 196,215
195,145 195,214
194,145 194,214
194,145 193,213
193,144 192,213
192,144 191,212
211,148 227,212
211,148 226,212
210,148 225,213
210,148 224,213
209,148 223,214
209,148 222,214
208,148 221,214
208,148 220,215
207,148 219,215
207,148 218,215
206,147 217,216
206,147 216,216
205,147 215,216
205,147 214,216
204,147 213,216
204,147 212,216
203,147 211,217
203,147 210,217
202,146 209,217
201,146 208,216
201,146 207,216
200,146 206,216
200,146 205,216
199,146 204,216
199,146 203,216
198,146 202,216
198,146 201,215
197,145 200,215
197,145 199,215
196,145 198,214
196,145 197,214
195,145 196,214
195,145 195,213
194,145 194,213
194,145 193,212
193,144 192,212
192,144 191,211
210,147 225,212
210,147 226,211
209,147 223,213
209,147 224,212
208,147 222,213
208,147 221,213
207,147 220,214
207,147 219,214
206,146 218,214
206,146 217,215
205,146 216,215
205,146 215,215
204,146 214,215
204,146 213,215
203,146 212,215
203,146 211,216
202,145 210,216
202,145 209,216
201,145 208,215
201,145 207,215
200,145 206,215
200,145 205,215
199,145 204,215
199,145 203,215
198,145 202,215
198,145 201,214
197,144 200,214
197,144 199,214
196,144 198,213
196,144 197,213
195,144 196,213
195,144 195,212
194,144 194,212
194,144 193,211
193,143 192,211
210,147 225,211
210,147 226,210
209,147 223,212
209,147 224,211
208,147 222,212
208,147 221,212
207,147 220,213
207,147 219,213
206,146 218,213
206,146 217,214
205,146 216,214
205,146 215,214
204,146 214,214
204,146 213,214
203,146 212,214
203,146 211,215
202,145 210,215
202,145 209,215
201,145 208,214
201,145 207,214
200,145 206,214
200,145 205,214
199,145 204,214
199,145 203,214
198,145 202,214
198,145 201,213
197,144 200,213
197,144 199,213
196,144 198,212
196,144 197,212
195,144 196,212
195,144 195,211
194,144 194,211
193,143 193,210
210,146 225,210
210,146 224,210
209,146 223,211
209,146 222,211
208,146 221,211
208,146 220,212
207,146 219,212
207,146 218,212
206,145 217,213
206,145 216,213
205,145 215,213
205,145 214,213
204,145 213,213
204,145 212,213
203,145 211,214
203,145 210,214
202,144 209,214
202,144 208,213
201,144 207,213
201,144 206,213
200,144 205,213
200,144 204,213
199,144 203,213
199,144 202,213
198,144 201,212
198,144 200,212
197,143 199,212
197,143 198,211
196,143 197,211
196,143 196,211
195,143 195,210
194,143 194,210
210,146 223,210
210,146 224,209
209,146 222,210
209,146 221,210
208,146 220,211
208,146 219,211
207,146 218,211
207,146 217,212
206,145 216,212
206,145 215,212
205,145 214,212
204,145 213,212
204,145 212,212
203,145 211,213
203,145 210,213
202,144 209,213
202,144 208,212
201,144 207,212
201,144 206,212
200,144 205,212
199,144 204,212
199,144 203,212
198,144 202,212
198,144 201,211
197,143 200,211
197,143 199,211
196,143 198,210
196,143 197,210
195,143 196,210
194,143 195,209
210,145 223,209
210,145 222,209
209,145 221,209
209,145 220,210
208,145 219,210
208,145 218,210
207,145 217,211
207,145 216,211
206,144 215,211
206,144 214,211
205,144 213,211
205,144 212,211
204,144 211,212
204,144 210,212
203,144 209,212
202,143 208,211
202,143 207,211
201,143 206,211
201,143 205,211
200,143 204,211
200,143 203,211
199,143 202,211
199,143 201,210
198,143 200,210
198,143 199,210
197,142 198,209
197,142 197,209
196,142 196,209
195,142 195,208
210,145 222,208
210,145 221,208
209,145 220,209
209,145 219,209
208,145 218,209
208,145 217,210
207,145 216,210
206,144 215,210
206,144 214,210
205,144 213,210
205,144 212,210
204,144 211,211
204,144 210,211
203,144 209,211
202,143 208,210
202,143 207,210
201,143 206,210
201,143 205,210
200,143 204,210
200,143 203,210
199,143 202,210
198,143 201,209
198,143 200,209
197,142 199,209
197,142 198,208
196,142 197,208
196,142 196,208
209,144 222,207
209,144 221,207
208,144 220,208
208,144 219,208
207,144 218,208
207,144 217,209
206,143 216,209
206,143 215,209
205,143 214,209
204,143 213,209
204,143 212,209
203,143 211,210
203,143 210,210
202,142 209,210
202,142 208,209
201,142 207,209
201,142 206,209
200,142 205,209
199,142 204,209
199,142 203,209
198,142 202,209
198,142 201,208
197,141 200,208
197,141 199,208
196,141 198,207
195,141 197,207
208,143 220,207
208,143 221,206
207,143 219,207
207,143 218,207
206,142 217,208
206,142 216,208
205,142 215,208
205,142 214,208
204,142 213,208
204,142 212,208
203,142 211,209
203,142 210,209
202,141 209,209
202,141 208,208
201,141 207,208
201,141 206,208
200,141 205,208
200,141 204,208
199,141 203,208
199,141 202,208
198,141 201,207
198,141 200,207
197,140 199,207
196,140 198,206
208,143 220,206
208,143 219,206
207,143 218,206
207,143 217,207
206,142 216,207
206,142 215,207
205,142 214,207
204,142 213,207
204,142 212,207
203,142 211,208
203,142 210,208
202,141 209,208
202,141 208,207
201,141 207,207
200,141 206,207
200,141 205,207
199,141 204,207
199,141 203,207
198,141 202,207
198,141 201,206
197,140 200,206
196,140 199,206
207,142 219,205
207,142 218,205
206,141 217,206
206,141 216,206
205,141 215,206
205,141 214,206
204,141 213,206
203,141 212,206
203,141 211,207
202,140 210,207
202,140 209,207
201,140 208,206
201,140 207,206
200,140 206,206
199,140 205,206
199,140 204,206
198,140 203,206
198,140 202,206
197,139 201,205
196,139 200,205
207,142 217,205
207,142 218,204
206,141 216,205
206,141 215,205
205,141 214,205
204,141 213,205
204,141 212,205
203,141 211,206
203,141 210,206
202,140 209,206
201,140 208,205
201,140 207,205
200,140 206,205
200,140 205,205
199,140 204,205
198,140 203,205
198,140 202,205
197,139 201,204
196,139 200,204
206,140 217,204
206,140 218,203
205,140 216,204
205,140 215,204
204,140 214,204
204,140 213,204
203,140 212,204
203,140 211,205
202,139 210,205
202,139 209,205
201,139 208,204
201,139 207,204
200,139 206,204
200,139 205,204
199,139 204,204
199,139 203,204
198,139 202,204
197,138 201,203
206,140 217,203
206,140 216,203
205,140 215,203
205,140 214,203
204,140 213,203
203,140 212,203
203,140 211,204
202,139 210,204
202,139 209,204
201,139 208,203
200,139 207,203
200,139 206,203
199,139 205,203
199,139 204,203
198,139 203,203
197,138 202,203
204,139 216,202
204,139 215,202
204,139 214,202
203,139 213,202
203,139 212,202
202,138 211,203
202,138 210,203
201,138 209,203
201,138 208,202
200,138 207,202
200,138 206,202
199,138 205,202
199,138 204,202
198,138 203,202
204,139 215,201
204,139 214,201
203,139 213,201
203,139 212,201
202,138 211,202
202,138 210,202
201,138 209,202
201,138 208,201
200,138 207,201
200,138 206,201
199,138 205,201
198,138 204,201
203,138 214,200
203,138 213,200
203,138 212,200
202,137 211,201
202,137 210,201
201,137 209,201
201,137 208,200
200,137 207,200
200,137 206,200
199,137 205,200
203,138 213,199
203,138 212,199
202,137 211,200
202,137 210,200
201,137 209,200
201,137 208,199
200,137 207,199
199,137 206,199
202,136 211,199
202,136 212,198
201,136 210,199
201,136 209,199
200,136 208,198
199,136 207,198
201,135 211,198
201,135 210,198
200,135 209,198
186,148 183,222
186,148 182,221
186,147 181,220
186,147 180,219
185,146 180,218
185,146 179,217
185,145 178,216
184,144 178,215
184,144 177,214
184,143 177,213
184,143 176,212
184,142 175,211
184,142 175,210
183,141 175,209
183,140 174,208
183,140 174,207
182,139 174,206
182,139 174,205
182,138 173,204
182,137 173,203
182,137 173,202
181,136 173,201
181,136 173,200
181,135 173,199
181,135 173,198
181,134 173,197
181,133 173,196
181,133 173,195
181,132 173,194
181,132 174,193
181,131 174,192
181,131 174,191
181,130 174,190
182,129 175,189
182,129 175,188
182,128 176,187
182,128 176,186
182,127 176,185
182,126 177,184
182,126 177,183
183,125 178,182
183,125 178,181
183,124 179,180
183,124 179,179
183,123 180,178
184,122 181,177
184,122 181,176
185,121 182,175
185,121 183,174
185,120 184,173
185,120 185,172
186,148 183,221
186,148 182,220
186,147 181,219
186,147 181,218
185,146 180,217
185,145 179,216
185,145 179,215
184,144 178,214
184,144 178,213
184,143 177,212
184,142 176,211
184,142 176,210
183,141 176,209
183,141 175,208
183,140 175,207
182,139 175,206
182,139 175,205
182,138 174,204
182,138 174,203
182,137 174,202
181,136 174,201
181,136 174,200
181,135 174,199
181,135 174,198
181,134 174,197
181,133 174,196
181,133 174,195
181,132 174,194
181,132 175,193
181,131 175,192
181,130 175,191
181,130 175,190
182,129 176,189
182,129 176,188
182,128 177,187
182,127 177,186
182,127 177,185
182,126 178,184
182,126 178,183
183,125 179,182
183,124 179,181
183,124 180,180
183,123 180,179
183,123 181,178
184,122 182,177
185,121 182,176
185,121 183,175
185,120 184,174
186,120 185,173
186,146 183,220
186,146 182,219
187,147 182,218
187,147 181,217
185,144 180,216
185,144 180,215
186,145 179,214
186,145 179,213
185,143 178,212
185,142 177,211
185,142 177,210
184,141 177,209
184,141 176,208
184,140 176,207
184,140 176,206
183,139 176,205
183,138 175,204
183,138 175,203
183,137 175,202
183,137 175,201
182,136 175,200
182,136 175,199
182,135 175,198
182,135 175,197
182,134 175,196
182,133 175,195
182,133 175,194
182,132 176,193
182,132 176,192
182,131 176,191
182,131 176,190
182,130 177,189
183,129 177,188
183,129 178,187
183,128 178,186
183,128 178,185
183,127 179,184
183,127 179,183
183,126 180,182
184,125 180,181
184,125 181,180
184,124 181,179
184,124 182,178
184,123 183,177
184,123 183,176
185,122 184,175
185,122 185,174
186,146 183,219
186,146 183,218
187,147 182,217
187,147 181,216
185,144 181,215
185,144 180,214
186,145 180,213
185,143 179,212
185,143 178,211
185,142 178,210
185,142 178,209
184,141 177,208
184,140 177,207
184,140 177,206
183,139 177,205
183,139 176,204
183,138 176,203
183,137 176,202
183,137 176,201
182,136 176,200
182,136 176,199
182,135 176,198
182,134 176,197
182,134 176,196
182,133 176,195
182,133 176,194
182,132 177,193
182,132 177,192
182,131 177,191
182,130 177,190
182,130 178,189
183,129 178,188
183,129 179,187
183,128 179,186
183,127 179,185
183,127 180,184
183,126 180,183
183,126 181,182
184,125 181,181
184,124 182,180
184,124 182,179
184,123 183,178
184,123 184,177
185,122 184,176
186,121 185,175
187,146 183,217
187,146 184,218
188,147 182,216
188,147 182,215
186,144 181,214
186,144 181,213
187,145 180,212
186,143 179,211
186,143 179,210
186,142 179,209
186,142 178,208
185,141 178,207
185,140 178,206
185,140 178,205
184,139 177,204
184,139 177,203
184,138 177,202
184,137 177,201
184,137 177,200
183,136 177,199
183,136 177,198
183,135 177,197
183,134 177,196
183,134 177,195
183,133 177,194
183,133 178,193
183,132 178,192
183,131 178,191
183,131 178,190
183,130 179,189
183,130 179,188
184,129 180,187
184,128 180,186
184,128 180,185
184,127 181,184
184,127 181,183
184,126 182,182
185,125 182,181
185,125 183,180
185,124 183,179
185,124 184,178
185,123 185,177
186,122 185,176
187,146 183,216
187,146 184,217
188,147 185,218
188,147 182,214
186,144 183,215
187,145 181,212
187,145 182,213
186,143 180,211
186,143 180,210
186,142 180,209
185,141 179,208
185,141 179,207
185,140 179,206
185,140 179,205
184,139 178,204
184,138 178,203
184,138 178,202
184,137 178,201
184,137 178,200
183,136 178,199
183,135 178,198
183,135 178,197
183,134 178,196
183,133 178,195
183,133 178,194
183,132 179,193
183,132 179,192
183,131 179,191
183,130 179,190
183,130 180,189
184,129 180,188
184,129 181,187
184,128 181,186
184,127 181,185
184,127 182,184
184,126 182,183
184,126 183,182
185,125 183,181
185,124 184,180
185,124 184,179
185,123 185,178
186,122 186,177
188,146 184,216
188,146 185,217
188,145 183,214
188,145 184,215
187,144 181,211
187,144 182,212
187,143 183,213
187,142 181,210
187,142 181,209
186,141 180,208
186,141 180,207
186,140 180,206
186,140 180,205
185,139 179,204
185,138 179,203
185,138 179,202
185,137 179,201
185,137 179,200
184,136 179,199
184,136 179,198
184,135 179,197
184,134 179,196
184,134 179,195
184,133 179,194
184,133 180,193
184,132 180,192
184,132 180,191
184,131 180,190
184,130 181,189
184,130 181,188
185,129 182,187
185,129 182,186
185,128 182,185
185,128 183,184
185,127 183,183
185,126 184,182
185,126 184,181
186,125 185,180
186,125 185,179
186,124 186,178
186,123 187,177
188,144 185,216
188,144 185,215
189,145 184,214
189,145 184,213
188,143 183,212
188,143 182,211
188,142 182,210
188,142 182,209
187,141 181,208
187,141 181,207
187,140 181,206
186,139 181,205
186,139 180,204
186,138 180,203
186,138 180,202
186,137 180,201
186,137 180,200
185,136 180,199
185,136 180,198
185,135 180,197
185,134 180,196
185,134 180,195
185,133 180,194
185,133 181,193
185,132 181,192
185,132 181,191
185,131 181,190
185,131 182,189
185,130 182,188
186,129 183,187
186,129 183,186
186,128 183,185
186,128 184,184
186,127 184,183
186,127 185,182
186,126 185,181
186,126 186,180
187,125 186,179
187,124 187,178
188,144 185,214
188,144 186,215
189,145 184,212
189,145 185,213
188,143 183,211
188,143 183,210
188,142 183,209
187,141 182,208
187,141 182,207
187,140 182,206
187,140 182,205
186,139 181,204
186,138 181,203
186,138 181,202
186,137 181,201
186,137 181,200
185,136 181,199
185,136 181,198
185,135 181,197
185,134 181,196
185,134 181,195
185,133 181,194
185,133 182,193
185,132 182,192
185,131 182,191
185,131 182,190
185,130 183,189
185,130 183,188
186,129 184,187
186,129 184,186
186,128 184,185
186,127 185,184
186,127 185,183
186,126 186,182
186,126 186,181
187,125 187,180
187,124 187,179
189,144 186,214
189,144 187,215
190,145 184,211
190,145 185,212
189,143 186,213
189,142 184,210
189,142 184,209
188,141 183,208
188,141 183,207
188,140 183,206
187,139 183,205
187,139 182,204
187,138 182,203
187,138 182,202
187,137 182,201
186,136 182,200
186,136 182,199
186,135 182,198
186,135 182,197
186,134 182,196
186,133 182,195
186,133 182,194
186,132 183,193
186,132 183,192
186,131 183,191
186,130 183,190
186,130 184,189
187,129 184,188
187,129 185,187
187,128 185,186
187,127 185,185
187,127 186,184
187,126 186,183
187,126 187,182
188,125 187,181
188,124 188,180
189,144 187,214
189,144 188,215
190,145 185,211
190,145 186,212
189,143 187,213
189,142 185,210
189,142 185,209
188,141 184,208
188,141 184,207
188,140 184,206
187,139 184,205
187,139 183,204
187,138 183,203
187,138 183,202
187,137 183,201
186,136 183,200
186,136 183,199
186,135 183,198
186,135 183,197
186,134 183,196
186,133 183,195
186,133 183,194
186,132 184,193
186,132 184,192
186,131 184,191
186,130 184,190
186,130 185,189
187,129 185,188
187,129 186,187
187,128 186,186
187,127 186,185
187,127 187,184
187,126 187,183
187,126 188,182
188,125 188,181
188,124 189,180
190,144 188,214
190,144 188,213
191,145 187,212
191,145 186,211
190,143 186,210
190,142 186,209
190,142 185,208
189,141 185,207
189,141 185,206
189,140 185,205
188,139 184,204
188,139 184,203
188,138 184,202
188,137 184,201
188,137 184,200
187,136 184,199
187,136 184,198
187,135 184,197
187,134 184,196
187,134 184,195
187,133 184,194
187,133 185,193
187,132 185,192
187,131 185,191
187,131 185,190
187,130 186,189
188,129 186,188
188,129 187,187
188,128 187,186
188,128 187,185
188,127 188,184
188,126 188,183
188,126 189,182
189,125 189,181
189,124 190,180
190,144 188,212
190,144 189,213
191,145 187,211
191,145 187,210
190,143 187,209
190,142 186,208
190,142 186,207
189,141 186,206
189,140 186,205
189,140 185,204
188,139 185,203
188,138 185,202
188,138 185,201
188,137 185,200
188,137 185,199
187,136 185,198
187,135 185,197
187,135 185,196
187,134 185,195
187,133 185,194
187,133 186,193
187,132 186,192
187,131 186,191
187,131 186,190
187,130 187,189
187,130 187,188
188,129 188,187
188,128 188,186
188,128 188,185
188,127 189,184
188,126 189,183
188,126 190,182
189,125 190,181
189,124 191,180
191,144 188,211
191,144 189,212
191,143 190,213
191,143 188,210
191,142 188,209
191,142 187,208
190,141 187,207
190,140 187,206
190,140 187,205
189,139 186,204
189,139 186,203
189,138 186,202
189,137 186,201
189,137 186,200
188,136 186,199
188,136 186,198
188,135 186,197
188,134 186,196
188,134 186,195
188,133 186,194
188,133 187,193
188,132 187,192
188,131 187,191
188,131 187,190
188,130 188,189
188,130 188,188
189,129 189,187
189,128 189,186
189,128 189,185
189,127 190,184
189,127 190,183
189,126 191,182
190,125 191,181
192,143 189,211
192,143 190,212
192,142 189,210
192,142 189,209
191,141 188,208
191,140 188,207
191,140 188,206
190,139 188,205
190,139 187,204
190,138 187,203
190,137 187,202
190,137 187,201
189,136 187,200
189,136 187,199
189,135 187,198
189,134 187,197
189,134 187,196
189,133 187,195
189,133 187,194
189,132 188,193
189,131 188,192
189,131 188,191
189,130 188,190
189,130 189,189
190,129 189,188
190,128 190,187
190,128 190,186
190,127 190,185
190,127 191,184
190,126 191,183
191,125 192,182
192,143 190,211
192,143 190,210
192,142 190,209
192,142 189,208
191,141 189,207
191,140 189,206
191,140 189,205
190,139 188,204
190,139 188,203
190,138 188,202
190,137 188,201
190,137 188,200
189,136 188,199
189,135 188,198
189,135 188,197
189,134 188,196
189,134 188,195
189,133 188,194
189,132 189,193
189,132 189,192
189,131 189,191
189,130 189,190
189,130 190,189
190,129 190,188
190,129 191,187
190,128 191,186
190,127 191,185
190,127 192,184
190,126 192,183
191,125 193,182
192,141 191,210
192,141 191,209
193,142 190,208
193,142 190,207
191,139 190,206
191,139 190,205
192,140 189,204
191,138 189,203
191,138 189,202
191,137 189,201
191,137 189,200
190,136 189,199
190,135 189,198
190,135 189,197
190,134 189,196
190,134 189,195
190,133 189,194
190,132 190,193
190,132 190,192
190,131 190,191
190,131 190,190
190,130 191,189
191,129 191,188
191,129 192,187
191,128 192,186
191,128 192,185
191,127 193,184
191,126 193,183
192,141 192,210
192,141 192,209
193,142 191,208
193,142 191,207
191,139 191,206
192,140 191,205
192,140 190,204
191,138 190,203
191,138 190,202
191,137 190,201
190,136 190,200
190,136 190,199
190,135 190,198
190,134 190,197
190,134 190,196
190,133 190,195
190,133 190,194
190,132 191,193
190,131 191,192
190,131 191,191
190,130 191,190
190,130 192,189
191,129 192,188
191,128 193,187
191,128 193,186
191,127 193,185
191,126 194,184
193,141 192,208
193,141 193,209
194,142 192,207
194,142 192,206
192,139 192,205
193,140 191,204
193,140 191,203
192,138 191,202
192,138 191,201
192,137 191,200
191,136 191,199
191,136 191,198
191,135 191,197
191,135 191,196
191,134 191,195
191,133 191,194
191,133 192,193
191,132 192,192
191,132 192,191
191,131 192,190
191,130 193,189
191,130 193,188
192,129 194,187
192,129 194,186
192,128 194,185
192,127 195,184
193,141 193,208
193,141 194,209
194,142 193,207
194,142 193,206
192,139 193,205
193,140 192,204
193,140 192,203
192,138 192,202
192,137 192,201
192,137 192,200
191,136 192,199
191,136 192,198
191,135 192,197
191,134 192,196
191,134 192,195
191,133 192,194
191,132 193,193
191,132 193,192
191,131 193,191
191,131 193,190
191,130 194,189
192,129 194,188
192,129 195,187
192,128 195,186
192,127 195,185
194,141 194,208
194,141 194,207
194,140 194,206
194,140 194,205
193,139 193,204
193,139 193,203
193,138 193,202
193,137 193,201
193,137 193,200
192,136 193,199
192,136 193,198
192,135 193,197
192,134 193,196
192,134 193,195
192,133 193,194
192,133 194,193
192,132 194,192
192,131 194,191
192,131 194,190
192,130 195,189
192,130 195,188
193,129 196,187
193,128 196,186
194,139 195,207
194,139 195,206
195,140 195,205
195,140 194,204
194,138 194,203
194,137 194,202
194,137 194,201
193,136 194,200
193,136 194,199
193,135 194,198
193,134 194,197
193,134 194,196
193,133 194,195
193,133 194,194
193,132 195,193
193,131 195,192
193,131 195,191
193,130 195,190
193,130 196,189
194,129 196,188
194,128 197,187
194,139 196,207
194,139 196,206
195,140 196,205
195,140 195,204
194,138 195,203
194,137 195,202
194,137 195,201
193,136 195,200
193,136 195,199
193,135 195,198
193,134 195,197
193,134 195,196
193,133 195,195
193,133 195,194
193,132 196,193
193,131 196,192
193,131 196,191
193,130 196,190
193,130 197,189
194,129 197,188
194,128 198,187
195,139 197,206
195,139 197,205
195,138 196,204
195,138 196,203
195,137 196,202
195,137 196,201
194,136 196,200
194,136 196,199
194,135 196,198
194,134 196,197
194,134 196,196
194,133 196,195
194,133 196,194
194,132 197,193
194,132 197,192
194,131 197,191
194,131 197,190
194,130 198,189
195,129 198,188
195,139 197,204
195,139 198,205
195,138 197,203
195,138 197,202
195,137 197,201
194,136 197,200
194,136 197,199
194,135 197,198
194,134 197,197
194,134 197,196
194,133 197,195
194,133 197,194
194,132 198,193
194,131 198,192
194,131 198,191
194,130 198,190
195,129 199,189
196,138 198,204
196,138 199,205
196,137 198,203
196,137 198,202
195,136 198,201
195,136 198,200
195,135 198,199
195,135 198,198
195,134 198,197
195,134 198,196
195,133 198,195
195,133 198,194
195,132 199,193
195,132 199,192
195,131 199,191
195,130 199,190
196,138 199,204
196,138 199,203
196,137 199,202
196,137 199,201
195,136 199,200
195,135 199,199
195,135 199,198
195,134 199,197
195,134 199,196
195,133 199,195
195,132 199,194
195,132 200,193
195,131 200,192
195,130 200,191
196,136 200,203
196,136 200,202
197,137 200,201
197,137 200,200
196,135 200,199
196,135 200,198
196,134 200,197
196,134 200,196
196,133 200,195
196,133 200,194
196,132 201,193
196,132 201,192
196,131 201,191
197,136 201,202
197,136 201,201
198,137 201,200
198,137 201,199
197,135 201,198
197,134 201,197
197,134 201,196
197,133 201,195
197,133 201,194
197,132 202,193
197,131 202,192
197,136 202,202
197,136 202,201
198,137 202,200
197,135 202,199
197,135 202,198
197,134 202,197
197,133 202,196
197,133 202,195
197,132 202,194
197,131 203,193
198,136 203,201
198,136 203,200
198,135 203,199
198,135 203,198
198,134 203,197
198,134 203,196
198,133 203,195
198,132 203,194
198,136 204,200
198,136 204,199
198,135 204,198
198,134 204,197
198,133 204,196
198,132 204,195
199,135 205,199
199,135 205,198
199,134 205,197
199,133 205,196
200,134 206,198
200,134 206,197
187,119 186,171
187,119 187,170
188,118 188,170
188,118 189,169
189,117 190,168
189,117 191,167
190,117 192,167
191,116 193,166
191,116 194,166
192,116 195,165
192,116 196,165
193,116 197,165
193,116 198,164
194,115 199,164
195,115 200,164
195,115 201,163
196,115 202,163
196,115 203,163
197,114 204,163
197,114 205,163
198,114 206,163
199,114 207,163
199,114 208,163
200,114 209,162
200,114 210,162
201,114 211,162
201,114 212,162
202,115 213,163
203,115 214,163
203,115 215,163
204,115 216,163
204,115 217,163
205,115 218,163
205,115 219,163
206,115 220,164
207,116 221,164
207,116 222,164
208,116 223,164
208,116 224,165
209,117 225,165
209,117 226,166
210,117 227,167
211,118 228,167
211,118 229,168
212,119 230,168
212,119 231,169
213,120 232,170
213,120 233,171
214,120 234,171
215,121 235,172
187,119 186,172
187,119 187,171
188,118 188,171
188,118 189,170
189,117 190,169
189,117 191,168
190,117 192,168
191,116 193,167
191,116 194,167
192,116 195,166
192,116 196,166
193,116 197,166
193,116 198,165
194,115 199,165
195,115 200,165
195,115 201,164
196,115 202,164
196,115 203,164
197,114 204,164
197,114 205,164
198,114 206,164
199,114 207,164
199,114 208,164
200,114 209,163
200,114 210,163
201,114 211,163
201,114 212,163
202,115 213,164
203,115 214,164
203,115 215,164
204,115 216,164
204,115 217,164
205,115 218,164
205,115 219,164
206,115 220,165
207,116 221,165
207,116 222,165
208,116 223,165
208,116 224,166
209,117 225,166
209,117 226,167
210,117 227,168
211,118 228,168
211,118 229,169
212,119 230,169
212,119 231,170
213,120 232,171
213,120 233,172
214,120 234,172
215,121 235,173
187,120 186,173
187,120 187,172
188,119 188,172
188,119 189,171
189,118 190,170
189,118 191,169
190,118 192,169
191,117 193,168
191,117 194,168
192,117 195,167
192,117 196,167
193,117 197,167
193,117 198,166
194,116 199,166
195,116 200,166
195,116 201,165
196,116 202,165
196,116 203,165
197,115 204,165
197,115 205,165
198,115 206,165
199,115 207,165
199,115 208,165
200,115 209,164
200,115 210,164
201,115 211,164
201,115 212,164
202,116 213,165
203,116 214,165
203,116 215,165
204,116 216,165
204,116 217,165
205,116 218,165
205,116 219,165
206,116 220,166
207,117 221,166
207,117 222,166
208,117 223,166
208,117 224,167
209,118 225,167
209,118 226,168
210,118 227,169
211,119 228,169
211,119 229,170
212,120 230,170
212,120 231,171
213,121 232,172
213,121 233,173
214,121 234,173
215,122 235,174
187,120 186,174
187,120 187,173
188,119 188,173
188,119 189,172
189,118 190,171
189,118 191,170
190,118 192,170
191,117 193,169
191,117 194,169
192,117 195,168
192,117 196,168
193,117 197,168
193,117 198,167
194,116 199,167
195,116 200,167
195,116 201,166
196,116 202,166
196,116 203,166
197,115 204,166
197,115 205,166
198,115 206,166
199,115 207,166
199,115 208,166
200,115 209,165
200,115 210,165
201,115 211,165
201,115 212,165
202,116 213,166
203,116 214,166
203,116 215,166
204,116 216,166
204,116 217,166
205,116 218,166
205,116 219,166
206,116 220,167
207,117 221,167
207,117 222,167
208,117 223,167
208,117 224,168
209,118 225,168
209,118 226,169
210,118 227,170
211,119 228,170
211,119 229,171
212,120 230,171
212,120 231,172
213,121 232,173
213,121 233,174
214,121 234,174
215,122 235,175
187,121 186,175
187,121 187,174
188,120 188,174
188,120 189,173
189,119 190,172
189,119 191,171
190,119 192,171
191,118 193,170
191,118 194,170
192,118 195,169
192,118 196,169
193,118 197,169
193,118 198,168
194,117 199,168
195,117 200,168
195,117 201,167
196,117 202,167
196,117 203,167
197,116 204,167
197,116 205,167
198,116 206,167
199,116 207,167
199,116 208,167
200,116 209,166
200,116 210,166
201,116 211,166
201,116 212,166
202,117 213,167
203,117 214,167
203,117 215,167
204,117 216,167
204,117 217,167
205,117 218,167
205,117 219,167
206,117 220,168
207,118 221,168
207,118 222,168
208,118 223,168
208,118 224,169
209,119 225,169
209,119 226,170
210,119 227,171
211,120 228,171
211,120 229,172
212,121 230,172
212,121 231,173
213,122 232,174
213,122 233,175
214,122 234,175
215,123 235,176
187,121 186,176
187,121 187,175
188,120 188,175
188,120 189,174
189,119 190,173
189,119 191,172
190,119 192,172
191,118 193,171
191,118 194,171
192,118 195,170
192,118 196,170
193,118 197,170
194,117 198,169
194,117 199,169
195,117 200,169
195,117 201,168
196,117 202,168
196,117 203,168
197,116 204,168
198,116 205,168
198,116 206,168
199,116 207,168
199,116 208,168
200,116 209,167
201,116 210,167
201,116 211,167
202,117 212,167
202,117 213,168
203,117 214,168
203,117 215,168
204,117 216,168
205,117 217,168
205,117 218,168
206,117 219,168
206,117 220,169
207,118 221,169
208,118 222,169
208,118 223,169
209,119 224,170
209,119 225,170
210,119 226,171
210,119 227,172
211,120 228,172
212,121 229,173
212,121 230,173
213,122 231,174
213,122 232,175
214,122 233,176
215,123 234,176
187,122 187,176
187,122 188,176
188,121 189,175
188,121 190,174
189,120 191,173
189,120 192,173
190,120 193,172
191,119 194,172
191,119 195,171
192,119 196,171
192,119 197,171
193,119 198,170
194,118 199,170
194,118 200,170
195,118 201,169
195,118 202,169
196,118 203,169
196,118 204,169
197,117 205,169
198,117 206,169
198,117 207,169
199,117 208,169
199,117 209,168
200,117 210,168
201,117 211,168
201,117 212,168
202,118 213,169
202,118 214,169
203,118 215,169
204,118 216,169
204,118 217,169
205,118 218,169
205,118 219,169
206,118 220,170
206,118 221,170
207,119 222,170
208,119 223,170
208,119 224,171
209,120 225,171
209,120 226,172
210,120 227,173
211,121 228,173
211,121 229,174
212,122 230,174
212,122 231,175
213,123 232,176
214,123 233,177
187,122 188,177
187,122 189,176
188,121 190,175
188,121 191,174
189,120 192,174
190,120 193,173
190,120 194,173
191,119 195,172
191,119 196,172
192,119 197,172
193,119 198,171
193,119 199,171
194,118 200,171
194,118 201,170
195,118 202,170
196,118 203,170
196,118 204,170
197,117 205,170
197,117 206,170
198,117 207,170
199,117 208,170
199,117 209,169
200,117 210,169
200,117 211,169
201,117 212,169
202,118 213,170
202,118 214,170
203,118 215,170
203,118 216,170
204,118 217,170
205,118 218,170
205,118 219,170
206,118 220,171
206,118 221,171
207,119 222,171
208,119 223,171
208,119 224,172
209,120 225,172
209,120 226,173
210,120 227,174
211,121 228,174
211,121 229,175
212,122 230,175
212,122 231,176
213,123 232,177
214,123 233,178
187,123 188,178
187,123 189,177
188,122 190,176
188,122 191,175
189,121 192,175
189,121 193,174
190,121 194,174
191,120 195,173
191,120 196,173
192,120 197,173
192,120 198,172
193,120 199,172
193,120 200,172
194,119 201,171
195,119 202,171
195,119 203,171
196,119 204,171
196,119 205,171
197,118 206,171
197,118 207,171
198,118 208,171
199,118 209,170
199,118 210,170
200,118 211,170
200,118 212,170
201,118 213,171
202,119 214,171
202,119 215,171
203,119 216,171
203,119 217,171
204,119 218,171
204,119 219,171
205,119 220,172
206,119 221,172
206,119 222,172
207,120 223,172
207,120 224,173
208,120 225,173
208,120 226,174
209,121 227,175
210,121 228,175
210,121 229,176
211,122 230,176
211,122 231,177
212,123 232,178
212,123 233,179
187,123 188,179
187,123 189,178
188,122 190,177
188,122 191,176
189,121 192,176
189,121 193,175
190,121 194,175
191,120 195,174
191,120 196,174
192,120 197,174
192,120 198,173
193,120 199,173
194,119 200,173
194,119 201,172
195,119 202,172
195,119 203,172
196,119 204,172
197,118 205,172
197,118 206,172
198,118 207,172
198,118 208,172
199,118 209,171
200,118 210,171
200,118 211,171
201,118 212,171
201,118 213,172
202,119 214,172
202,119 215,172
203,119 216,172
204,119 217,172
204,119 218,172
205,119 219,172
205,119 220,173
206,119 221,173
207,120 222,173
207,120 223,173
208,120 224,174
208,120 225,174
209,121 226,175
210,121 227,176
210,121 228,176
211,122 229,177
211,122 230,177
212,123 231,178
213,124 232,179
188,123 189,179
188,123 190,178
189,122 191,177
189,122 192,177
190,122 193,176
190,122 194,176
191,121 195,175
192,121 196,175
192,121 197,175
193,121 198,174
193,121 199,174
194,120 200,174
195,120 201,173
195,120 202,173
196,120 203,173
196,120 204,173
197,119 205,173
198,119 206,173
198,119 207,173
199,119 208,173
199,119 209,172
200,119 210,172
201,119 211,172
201,119 212,172
202,120 213,173
202,120 214,173
203,120 215,173
204,120 216,173
204,120 217,173
205,120 218,173
205,120 219,173
206,120 220,174
207,121 221,174
207,121 222,174
208,121 223,174
208,121 224,175
209,122 225,175
210,122 226,176
210,122 227,177
211,123 228,177
211,123 229,178
212,124 230,178
213,125 231,179
188,123 190,179
188,123 191,178
189,122 192,178
189,122 193,177
190,122 194,177
191,121 195,176
191,121 196,176
192,121 197,176
193,121 198,175
193,121 199,175
194,120 200,175
194,120 201,174
195,120 202,174
196,120 203,174
196,120 204,174
197,119 205,174
198,119 206,174
198,119 207,174
199,119 208,174
199,119 209,173
200,119 210,173
201,119 211,173
201,119 212,173
202,120 213,174
203,120 214,174
203,120 215,174
204,120 216,174
204,120 217,174
205,120 218,174
206,120 219,174
206,120 220,175
207,121 221,175
208,121 222,175
208,121 223,175
209,122 224,176
209,122 225,176
210,122 226,177
211,123 227,178
211,123 228,178
212,124 229,179
213,125 230,179
189,123 191,179
189,123 192,179
190,123 193,178
190,123 194,178
191,122 195,177
192,122 196,177
192,122 197,177
193,122 198,176
193,122 199,176
194,121 200,176
195,121 201,175
195,121 202,175
196,121 203,175
196,121 204,175
197,120 205,175
198,120 206,175
198,120 207,175
199,120 208,175
199,120 209,174
200,120 210,174
201,120 211,174
201,120 212,174
202,121 213,175
202,121 214,175
203,121 215,175
204,121 216,175
204,121 217,175
205,121 218,175
205,121 219,175
206,121 220,176
207,122 221,176
207,122 222,176
208,122 223,176
208,122 224,177
209,123 225,177
210,123 226,178
210,123 227,179
211,124 228,179
212,125 229,180
190,124 192,180
190,124 193,179
191,123 194,179
191,123 195,178
192,123 196,178
192,123 197,178
193,123 198,177
193,123 199,177
194,122 200,177
195,122 201,176
195,122 202,176
196,122 203,176
196,122 204,176
197,121 205,176
197,121 206,176
198,121 207,176
199,121 208,176
199,121 209,175
200,121 210,175
200,121 211,175
201,121 212,175
201,121 213,176
202,122 214,176
203,122 215,176
203,122 216,176
204,122 217,176
204,122 218,176
205,122 219,176
205,122 220,177
206,122 221,177
207,123 222,177
207,123 223,177
208,123 224,178
208,123 225,178
209,124 226,179
209,124 227,180
210,124 228,180
211,125 229,181
190,124 192,181
190,124 193,180
191,123 194,180
191,123 195,179
192,123 196,179
192,123 197,179
193,123 198,178
194,122 199,178
194,122 200,178
195,122 201,177
195,122 202,177
196,122 203,177
197,121 204,177
197,121 205,177
198,121 206,177
198,121 207,177
199,121 208,177
199,121 209,176
200,121 210,176
201,121 211,176
201,121 212,176
202,122 213,177
202,122 214,177
203,122 215,177
204,122 216,177
204,122 217,177
205,122 218,177
205,122 219,177
206,122 220,178
206,122 221,178
207,123 222,178
208,123 223,178
208,123 224,179
209,124 225,179
209,124 226,180
210,124 227,181
211,125 228,181
191,124 193,181
191,124 194,181
192,124 195,180
192,124 196,180
193,124 197,180
193,124 198,179
194,123 199,179
194,123 200,179
195,123 201,178
196,123 202,178
196,123 203,178
197,122 204,178
197,122 205,178
198,122 206,178
198,122 207,178
199,122 208,178
199,122 209,177
200,122 210,177
201,122 211,177
201,122 212,177
202,123 213,178
202,123 214,178
203,123 215,178
203,123 216,178
204,123 217,178
204,123 218,178
205,123 219,178
206,123 220,179
206,123 221,179
207,124 222,179
207,124 223,179
208,124 224,180
208,124 225,180
209,125 226,181
210,125 227,182
191,124 194,182
191,124 195,181
192,124 196,181
192,124 197,181
193,124 198,180
193,124 199,180
194,123 200,180
195,123 201,179
195,123 202,179
196,123 203,179
196,123 204,179
197,122 205,179
197,122 206,179
198,122 207,179
199,122 208,179
199,122 209,178
200,122 210,178
200,122 211,178
201,122 212,178
201,122 213,179
202,123 214,179
203,123 215,179
203,123 216,179
204,123 217,179
204,123 218,179
205,123 219,179
205,123 220,180
206,123 221,180
207,124 222,180
207,124 223,180
208,124 224,181
208,124 225,181
209,125 226,182
210,125 227,183
192,125 194,183
192,125 195,182
193,125 196,182
193,125 197,182
194,124 198,181
194,124 199,181
195,124 200,181
195,124 201,180
196,124 202,180
196,124 203,180
197,123 204,180
197,123 205,180
198,123 206,180
198,123 207,180
199,123 208,180
199,123 209,179
200,123 210,179
201,123 211,179
201,123 212,179
202,124 213,180
202,124 214,180
203,124 215,180
203,124 216,180
204,124 217,180
204,124 218,180
205,124 219,180
205,124 220,181
206,124 221,181
206,124 222,181
207,125 223,181
207,125 224,182
208,125 225,182
209,126 226,183
192,125 195,183
192,125 196,183
193,125 197,183
193,125 198,182
194,124 199,182
194,124 200,182
195,124 201,181
195,124 202,181
196,124 203,181
197,123 204,181
197,123 205,181
198,123 206,181
198,123 207,181
199,123 208,181
199,123 209,180
200,123 210,180
201,123 211,180
201,123 212,180
202,124 213,181
202,124 214,181
203,124 215,181
203,124 216,181
204,124 217,181
205,124 218,181
205,124 219,181
206,124 220,182
206,124 221,182
207,125 222,182
207,125 223,182
208,125 224,183
209,126 225,183
192,126 196,184
192,126 197,184
193,126 198,183
193,126 199,183
194,125 200,183
194,125 201,182
195,125 202,182
196,125 203,182
196,125 204,182
197,124 205,182
197,124 206,182
198,124 207,182
198,124 208,182
199,124 209,181
200,124 210,181
200,124 211,181
201,124 212,181
201,124 213,182
202,125 214,182
202,125 215,182
203,125 216,182
204,125 217,182
204,125 218,182
205,125 219,182
205,125 220,183
206,125 221,183
206,125 222,183
207,126 223,183
208,126 224,184
192,126 196,185
192,126 197,185
193,126 198,184
193,126 199,184
194,125 200,184
194,125 201,183
195,125 202,183
196,125 203,183
196,125 204,183
197,124 205,183
197,124 206,183
198,124 207,183
199,124 208,183
199,124 209,182
200,124 210,182
200,124 211,182
201,124 212,182
202,125 213,183
202,125 214,183
203,125 215,183
203,125 216,183
204,125 217,183
205,125 218,183
205,125 219,183
206,125 220,184
206,125 221,184
207,126 222,184
208,126 223,184
193,127 197,186
193,127 198,185
194,126 199,185
194,126 200,185
195,126 201,184
195,126 202,184
196,126 203,184
196,126 204,184
197,125 205,184
198,125 206,184
198,125 207,184
199,125 208,184
199,125 209,183
200,125 210,183
200,125 211,183
201,125 212,183
201,125 213,184
202,126 214,184
203,126 215,184
203,126 216,184
204,126 217,184
204,126 218,184
205,126 219,184
205,126 220,185
206,126 221,185
207,127 222,185
193,127 198,186
193,127 199,186
194,126 200,186
194,126 201,185
195,126 202,185
195,126 203,185
196,126 204,185
197,125 205,185
197,125 206,185
198,125 207,185
198,125 208,185
199,125 209,184
200,125 210,184
200,125 211,184
201,125 212,184
201,125 213,185
202,126 214,185
202,126 215,185
203,126 216,185
204,126 217,185
204,126 218,185
205,126 219,185
205,126 220,186
206,126 221,186
207,127 222,186
194,127 199,187
194,127 200,187
195,127 201,186
195,127 202,186
196,127 203,186
196,127 204,186
197,126 205,186
198,126 206,186
198,126 207,186
199,126 208,186
199,126 209,185
200,126 210,185
201,126 211,185
201,126 212,185
202,127 213,186
202,127 214,186
203,127 215,186
204,127 216,186
204,127 217,186
205,127 218,186
205,127 219,186
206,127 220,187
207,128 221,187
195,128 199,188
195,128 200,188
196,128 201,187
196,128 202,187
197,127 203,187
197,127 204,187
198,127 205,187
198,127 206,187
199,127 207,187
199,127 208,187
200,127 209,186
200,127 210,186
201,127 211,186
201,127 212,186
202,128 213,187
202,128 214,187
203,128 215,187
203,128 216,187
204,128 217,187
204,128 218,187
205,128 219,187
206,128 220,188
195,128 200,189
195,128 201,188
196,128 202,188
196,128 203,188
197,127 204,188
197,127 205,188
198,127 206,188
198,127 207,188
199,127 208,188
199,127 209,187
200,127 210,187
201,127 211,187
201,127 212,187
202,128 213,188
202,128 214,188
203,128 215,188
203,128 216,188
204,128 217,188
204,128 218,188
205,128 219,188
206,128 220,189
196,129 200,190
196,129 201,189
196,129 202,189
197,128 203,189
197,128 204,189
198,128 205,189
198,128 206,189
199,128 207,189
199,128 208,189
200,128 209,188
200,128 210,188
201,128 211,188
201,128 212,188
202,129 213,189
202,129 214,189
203,129 215,189
203,129 216,189
204,129 217,189
204,129 218,189
205,129 219,189
196,129 201,190
196,129 202,190
197,128 203,190
197,128 204,190
198,128 205,190
198,128 206,190
199,128 207,190
199,128 208,190
200,128 209,189
200,128 210,189
201,128 211,189
201,128 212,189
202,129 213,190
202,129 214,190
203,129 215,190
203,129 216,190
204,129 217,190
205,129 218,190
196,130 202,191
196,130 203,191
197,129 204,191
197,129 205,191
198,129 206,191
198,129 207,191
199,129 208,191
199,129 209,190
200,129 210,190
200,129 211,190
201,129 212,190
201,129 213,191
202,130 214,191
202,130 215,191
203,130 216,191
204,130 217,191
196,130 203,192
196,130 204,192
197,129 205,192
197,129 206,192
198,129 207,192
199,129 208,192
199,129 209,191
200,129 210,191
200,129 211,191
201,129 212,191
202,130 213,192
202,130 214,192
203,130 215,192
204,130 216,192
197,130 204,193
197,130 205,193
198,130 206,193
198,130 207,193
199,130 208,193
199,130 209,192
200,130 210,192
200,130 211,192
201,130 212,192
201,130 213,193
202,131 214,193
203,131 215,193
197,130 204,194
197,130 205,194
198,130 206,194
198,130 207,194
199,130 208,194
199,130 209,193
200,130 210,193
200,130 211,193
201,130 212,193
201,130 213,194
202,131 214,194
203,131 215,194
198,131 205,195
198,131 206,195
199,131 207,195
199,131 208,195
200,131 209,194
200,131 210,194
201,131 211,194
201,131 212,194
202,132 213,195
203,132 214,195
198,131 206,196
198,131 207,196
199,131 208,196
200,131 209,195
200,131 210,195
201,131 211,195
202,132 212,195
203,132 213,196
199,132 207,197
199,132 208,197
200,132 209,196
200,132 210,196
201,132 211,196
202,133 212,196
200,133 209,197
200,133 210,197
201,133 211,197
216,122 236,173
216,122 237,174
217,123 238,175
217,123 239,176
217,124 239,177
217,124 240,178
218,125 241,179
218,126 241,180
218,126 242,181
218,127 242,182
218,127 243,183
219,128 243,184
219,129 243,185
219,129 244,186
219,130 244,187
219,130 244,188
219,131 245,189
220,132 245,190
220,132 245,191
220,133 245,192
220,133 245,193
220,134 246,194
220,135 246,195
220,135 246,196
220,136 246,197
220,136 246,198
220,137 246,199
220,137 246,200
220,138 246,201
220,139 246,202
220,139 246,203
221,140 245,204
221,140 245,205
221,141 245,206
221,142 245,207
221,142 244,208
221,143 244,209
221,143 244,210
221,144 243,211
221,145 243,212
221,145 242,213
220,146 241,214
220,146 241,215
219,147 240,216
219,148 240,217
219,148 239,218
218,149 238,219
218,149 237,220
217,150 236,221
216,151 235,222
216,122 236,174
216,122 237,175
217,123 238,176
217,123 238,177
217,124 239,178
218,125 240,179
218,125 240,180
218,126 241,181
218,126 241,182
218,127 242,183
219,128 242,184
219,128 242,185
219,129 243,186
219,130 243,187
219,130 243,188
219,131 244,189
219,131 244,190
220,132 244,191
220,133 244,192
220,133 244,193
220,134 245,194
220,134 245,195
220,135 245,196
220,136 245,197
220,136 245,198
220,137 245,199
220,138 245,200
220,138 245,201
220,139 245,202
220,139 245,203
221,140 244,204
221,141 244,205
221,141 244,206
221,142 244,207
221,142 243,208
221,143 243,209
221,144 243,210
221,144 242,211
221,145 242,212
220,146 241,213
220,146 240,214
219,147 240,215
219,147 239,216
219,148 239,217
218,149 238,218
218,149 237,219
217,150 236,220
216,151 235,221
216,123 236,175
216,123 237,176
216,124 237,177
216,124 238,178
217,125 239,179
217,126 239,180
217,126 240,181
217,127 240,182
217,127 241,183
218,128 241,184
218,129 241,185
218,129 242,186
218,130 242,187
218,130 242,188
218,131 243,189
219,132 243,190
219,132 243,191
219,133 243,192
219,133 243,193
219,134 244,194
219,135 244,195
219,135 244,196
219,136 244,197
219,136 244,198
219,137 244,199
219,138 244,200
219,138 244,201
219,139 244,202
219,139 244,203
220,140 243,204
220,141 243,205
220,141 243,206
220,142 243,207
220,142 242,208
220,143 242,209
220,144 242,210
220,144 241,211
220,145 241,212
220,145 240,213
219,146 239,214
218,147 239,215
218,147 238,216
218,148 238,217
218,148 237,218
217,149 236,219
216,150 235,220
216,123 236,176
216,123 236,177
216,124 237,178
216,124 238,179
217,125 238,180
217,126 239,181
217,126 239,182
217,127 240,183
218,128 240,184
218,128 240,185
218,129 241,186
218,129 241,187
218,130 241,188
218,131 242,189
218,131 242,190
219,132 242,191
219,133 242,192
219,133 242,193
219,134 243,194
219,134 243,195
219,135 243,196
219,136 243,197
219,136 243,198
219,137 243,199
219,138 243,200
219,138 243,201
219,139 243,202
219,139 243,203
220,140 242,204
220,141 242,205
220,141 242,206
220,142 242,207
220,143 241,208
220,143 241,209
220,144 241,210
220,144 240,211
220,145 240,212
219,146 239,213
219,146 238,214
218,147 238,215
218,148 237,216
218,148 237,217
217,149 236,218
216,150 235,219
216,125 236,178
216,125 235,177
215,124 237,179
215,124 237,180
216,126 238,181
216,127 238,182
216,127 239,183
217,128 239,184
217,128 239,185
217,129 240,186
217,130 240,187
217,130 240,188
217,131 241,189
217,131 241,190
218,132 241,191
218,133 241,192
218,133 241,193
218,134 242,194
218,134 242,195
218,135 242,196
218,136 242,197
218,136 242,198
218,137 242,199
218,138 242,200
218,138 242,201
218,139 242,202
218,139 242,203
219,140 241,204
219,141 241,205
219,141 241,206
219,142 241,207
219,142 240,208
219,143 240,209
219,144 240,210
219,144 239,211
219,145 239,212
219,145 238,213
218,146 237,214
217,147 237,215
217,147 236,216
217,148 236,217
216,149 235,218
216,125 236,179
216,125 235,178
215,124 234,177
215,124 237,181
216,126 236,180
216,127 238,183
216,127 237,182
217,128 238,184
217,129 238,185
217,129 239,186
217,130 239,187
217,130 239,188
217,131 240,189
218,132 240,190
218,132 240,191
218,133 240,192
218,134 240,193
218,134 241,194
218,135 241,195
218,135 241,196
218,136 241,197
218,137 241,198
218,137 241,199
218,138 241,200
218,139 241,201
218,139 241,202
219,140 241,203
219,140 240,204
219,141 240,205
219,142 240,206
219,142 240,207
219,143 239,208
219,144 239,209
219,144 239,210
219,145 238,211
219,145 238,212
218,146 237,213
217,147 236,214
217,147 236,215
217,148 235,216
216,149 235,217
215,125 235,179
215,125 234,178
214,124 236,181
214,124 235,180
215,126 237,183
215,127 236,182
215,127 237,184
216,128 237,185
216,129 238,186
216,129 238,187
216,130 238,188
216,130 239,189
216,131 239,190
217,132 239,191
217,132 239,192
217,133 239,193
217,134 240,194
217,134 240,195
217,135 240,196
217,136 240,197
217,136 240,198
217,137 240,199
217,137 240,200
217,138 240,201
217,139 240,202
217,139 240,203
218,140 239,204
218,141 239,205
218,141 239,206
218,142 239,207
218,142 238,208
218,143 238,209
218,144 238,210
218,144 237,211
218,145 237,212
217,146 236,213
217,146 235,214
216,147 235,215
216,148 234,216
215,125 234,179
215,125 234,180
214,124 235,181
214,124 235,182
215,126 236,183
215,127 236,184
215,127 236,185
216,128 237,186
216,129 237,187
216,129 237,188
216,130 238,189
216,131 238,190
216,131 238,191
217,132 238,192
217,133 238,193
217,133 239,194
217,134 239,195
217,135 239,196
217,135 239,197
217,136 239,198
217,136 239,199
217,137 239,200
217,138 239,201
217,138 239,202
217,139 239,203
218,140 238,204
218,140 238,205
218,141 238,206
218,142 238,207
218,142 237,208
218,143 237,209
218,144 237,210
218,144 236,211
218,145 236,212
217,146 235,213
217,146 234,214
216,147 234,215
216,148 233,216
214,125 234,181
214,125 233,180
214,126 235,183
214,126 234,182
214,127 235,184
215,128 235,185
215,128 236,186
215,129 236,187
215,129 236,188
215,130 237,189
215,131 237,190
215,131 237,191
216,132 237,192
216,132 237,193
216,133 238,194
216,134 238,195
216,134 238,196
216,135 238,197
216,136 238,198
216,136 238,199
216,137 238,200
216,137 238,201
216,138 238,202
216,139 238,203
216,139 237,204
217,140 237,205
217,140 237,206
217,141 237,207
217,142 236,208
217,142 236,209
217,143 236,210
217,143 235,211
217,144 235,212
217,145 234,213
217,145 233,214
216,146 233,215
215,147 232,216
213,126 233,181
213,126 232,180
213,127 234,183
213,127 233,182
214,128 234,184
214,128 234,185
214,129 235,186
214,130 235,187
214,130 235,188
214,131 236,189
214,131 236,190
215,132 236,191
215,133 236,192
215,133 236,193
215,134 237,194
215,134 237,195
215,135 237,196
215,135 237,197
215,136 237,198
215,137 237,199
215,137 237,200
215,138 237,201
215,138 237,202
215,139 237,203
216,140 236,204
216,140 236,205
216,141 236,206
216,141 236,207
216,142 235,208
216,142 235,209
216,143 235,210
216,144 234,211
216,144 234,212
216,145 233,213
216,145 232,214
215,146 232,215
214,147 231,216
213,126 232,181
213,126 231,180
213,127 233,183
213,127 232,182
214,128 233,184
214,129 233,185
214,129 234,186
214,130 234,187
214,130 234,188
214,131 235,189
215,132 235,190
215,132 235,191
215,133 235,192
215,133 235,193
215,134 236,194
215,135 236,195
215,135 236,196
215,136 236,197
215,136 236,198
215,137 236,199
215,138 236,200
215,138 236,201
215,139 236,202
215,139 236,203
216,140 235,204
216,141 235,205
216,141 235,206
216,142 235,207
216,142 234,208
216,143 234,209
216,144 234,210
216,144 233,211
216,145 233,212
216,145 232,213
215,146 231,214
214,147 231,215
212,126 231,181
212,126 230,180
212,127 232,183
212,127 231,182
213,128 232,184
213,129 232,185
213,129 233,186
213,130 233,187
213,130 233,188
213,131 234,189
214,132 234,190
214,132 234,191
214,133 234,192
214,134 234,193
214,134 235,194
214,135 235,195
214,135 235,196
214,136 235,197
214,137 235,198
214,137 235,199
214,138 235,200
214,138 235,201
214,139 235,202
215,140 235,203
215,140 234,204
215,141 234,205
215,142 234,206
215,142 234,207
215,143 233,208
215,143 233,209
215,144 233,210
215,145 232,211
215,145 232,212
214,146 231,213
213,147 230,214
212,126 230,181
212,126 230,182
212,127 231,183
212,127 231,184
213,128 231,185
213,129 232,186
213,129 232,187
213,130 232,188
213,131 233,189
213,131 233,190
214,132 233,191
214,133 233,192
214,133 233,193
214,134 234,194
214,134 234,195
214,135 234,196
214,136 234,197
214,136 234,198
214,137 234,199
214,138 234,200
214,138 234,201
214,139 234,202
215,140 234,203
215,140 233,204
215,141 233,205
215,141 233,206
215,142 233,207
215,143 232,208
215,143 232,209
215,144 232,210
215,145 231,211
215,145 231,212
214,146 230,213
213,147 229,214
211,126 230,183
211,126 229,182
211,127 230,184
211,127 230,185
212,128 231,186
212,129 231,187
212,129 231,188
212,130 232,189
212,131 232,190
212,131 232,191
213,132 232,192
213,133 232,193
213,133 233,194
213,134 233,195
213,135 233,196
213,135 233,197
213,136 233,198
213,137 233,199
213,137 233,200
213,138 233,201
213,139 233,202
213,139 233,203
214,140 232,204
214,141 232,205
214,141 232,206
214,142 232,207
214,143 231,208
214,143 231,209
214,144 231,210
214,145 230,211
214,145 230,212
213,146 229,213
212,147 228,214
211,126 229,183
211,126 228,182
211,127 229,184
212,128 229,185
212,128 230,186
212,129 230,187
212,130 230,188
212,130 231,189
212,131 231,190
213,132 231,191
213,132 231,192
213,133 231,193
213,134 232,194
213,134 232,195
213,135 232,196
213,136 232,197
213,136 232,198
213,137 232,199
213,138 232,200
213,138 232,201
213,139 232,202
214,140 232,203
214,140 231,204
214,141 231,205
214,142 231,206
214,142 231,207
214,143 230,208
214,144 230,209
214,144 230,210
214,145 229,211
213,146 229,212
212,147 228,213
210,126 228,183
210,126 228,184
210,127 228,185
211,128 229,186
211,128 229,187
211,129 229,188
211,130 230,189
211,131 230,190
211,131 230,191
212,132 230,192
212,133 230,193
212,133 231,194
212,134 231,195
212,135 231,196
212,136 231,197
212,136 231,198
212,137 231,199
212,138 231,200
212,139 231,201
212,139 231,202
213,140 231,203
213,141 230,204
213,141 230,205
213,142 230,206
213,143 230,207
213,144 229,208
213,144 229,209
213,145 229,210
212,146 228,211
211,147 228,212
210,126 227,184
210,126 227,185
210,127 228,186
211,128 228,187
211,129 228,188
211,129 229,189
211,130 229,190
211,131 229,191
212,132 229,192
212,133 229,193
212,133 230,194
212,134 230,195
212,135 230,196
212,136 230,197
212,136 230,198
212,137 230,199
212,138 230,200
212,139 230,201
213,140 230,202
213,140 230,203
213,141 229,204
213,142 229,205
213,143 229,206
213,143 229,207
213,144 228,208
213,145 228,209
212,146 228,210
211,147 227,211
210,128 226,184
210,128 226,185
209,127 227,186
210,129 227,187
210,129 227,188
210,130 228,189
210,131 228,190
211,132 228,191
211,132 228,192
211,133 228,193
211,134 229,194
211,135 229,195
211,135 229,196
211,136 229,197
211,137 229,198
211,137 229,199
211,138 229,200
211,139 229,201
212,140 229,202
212,140 229,203
212,141 228,204
212,142 228,205
212,143 228,206
212,143 228,207
212,144 227,208
212,145 227,209
211,146 227,210
209,128 225,184
209,128 225,185
208,127 226,186
209,129 226,187
209,129 226,188
209,130 227,189
209,131 227,190
210,132 227,191
210,132 227,192
210,133 227,193
210,134 228,194
210,134 228,195
210,135 228,196
210,136 228,197
210,137 228,198
210,137 228,199
210,138 228,200
210,139 228,201
210,139 228,202
211,140 228,203
211,141 227,204
211,142 227,205
211,142 227,206
211,143 227,207
211,144 226,208
211,145 226,209
209,128 225,186
209,128 224,185
208,127 225,187
209,129 225,188
209,130 226,189
209,130 226,190
209,131 226,191
210,132 226,192
210,133 226,193
210,133 227,194
210,134 227,195
210,135 227,196
210,136 227,197
210,136 227,198
210,137 227,199
210,138 227,200
210,139 227,201
210,139 227,202
211,140 227,203
211,141 226,204
211,142 226,205
211,142 226,206
211,143 226,207
211,144 225,208
211,145 225,209
208,128 224,186
208,128 223,185
208,129 224,187
208,130 224,188
208,130 225,189
208,131 225,190
209,132 225,191
209,132 225,192
209,133 225,193
209,134 226,194
209,134 226,195
209,135 226,196
209,136 226,197
209,137 226,198
209,137 226,199
209,138 226,200
209,139 226,201
209,139 226,202
210,140 226,203
210,141 225,204
210,141 225,205
210,142 225,206
210,143 225,207
210,144 224,208
208,128 223,186
208,128 223,187
208,129 223,188
208,130 224,189
208,130 224,190
208,131 224,191
209,132 224,192
209,133 224,193
209,133 225,194
209,134 225,195
209,135 225,196
209,136 225,197
209,136 225,198
209,137 225,199
209,138 225,200
209,138 225,201
209,139 225,202
210,140 225,203
210,141 224,204
210,141 224,205
210,142 224,206
210,143 224,207
210,144 223,208
207,129 222,187
207,129 222,188
207,130 223,189
207,131 223,190
207,131 223,191
208,132 223,192
208,133 223,193
208,133 224,194
208,134 224,195
208,135 224,196
208,136 224,197
208,136 224,198
208,137 224,199
208,138 224,200
208,138 224,201
208,139 224,202
209,140 224,203
209,140 223,204
209,141 223,205
209,142 223,206
209,143 223,207
207,129 222,189
207,129 221,188
207,130 222,190
207,131 222,191
208,132 222,192
208,132 222,193
208,133 223,194
208,134 223,195
208,135 223,196
208,136 223,197
208,136 223,198
208,137 223,199
208,138 223,200
208,139 223,201
208,139 223,202
209,140 223,203
209,141 222,204
209,142 222,205
209,143 222,206
206,129 221,189
206,129 221,190
206,130 221,191
206,131 221,192
207,132 221,193
207,133 222,194
207,133 222,195
207,134 222,196
207,135 222,197
207,136 222,198
207,137 222,199
207,137 222,200
207,138 222,201
207,139 222,202
208,140 222,203
208,141 221,204
208,142 221,205
206,129 220,190
206,129 220,191
206,130 220,192
206,131 220,193
207,132 221,194
207,133 221,195
207,134 221,196
207,135 221,197
207,135 221,198
207,136 221,199
207,137 221,200
207,138 221,201
207,139 221,202
208,140 221,203
208,141 220,204
208,142 220,205
205,130 219,190
205,130 219,191
205,131 219,192
206,132 219,193
206,133 220,194
206,133 220,195
206,134 220,196
206,135 220,197
206,136 220,198
206,137 220,199
206,137 220,200
206,138 220,201
206,139 220,202
207,140 220,203
207,141 219,204
205,132 218,191
205,132 218,192
204,131 218,193
205,133 219,194
205,133 219,195
205,134 219,196
205,135 219,197
205,135 219,198
205,136 219,199
205,137 219,200
205,137 219,201
205,138 219,202
205,139 219,203
205,132 217,192
205,132 217,193
204,131 218,194
205,133 218,195
205,134 218,196
205,135 218,197
205,135 218,198
205,136 218,199
205,137 218,200
205,138 218,201
205,139 218,202
204,132 217,194
204,132 216,193
204,133 217,195
204,134 217,196
204,134 217,197
204,135 217,198
204,136 217,199
204,136 217,200
204,137 217,201
204,138 217,202
204,132 216,194
204,132 216,195
204,133 216,196
204,134 216,197
204,135 216,198
204,136 216,199
204,137 216,200
204,138 216,201
203,133 215,195
203,133 215,196
203,134 215,197
203,135 215,198
203,136 215,199
203,137 215,200
203,133 214,196
203,134 214,196
203,135 214,197
203,136 214,198
203,137 214,199
202,134 213,197
202,135 213,198
201,134 212,197
