203,153 218,251
203,153 217,252
203,153 216,252
203,153 215,252
204,154 214,252
204,154 213,253
204,154 212,253
204,154 211,253
205,154 210,254
205,154 209,254
205,154 208,254
205,154 207,254
206,154 206,255
206,154 205,255
206,154 204,255
207,154 203,255
207,154 202,255
207,154 201,256
207,154 200,256
208,155 199,256
208,155 198,257
208,155 197,257
208,155 196,257
209,155 195,257
209,155 194,257
209,155 193,257
209,155 192,257
210,155 191,257
210,155 190,257
210,155 189,258
210,156 188,258
210,156 187,258
210,156 186,258
210,156 185,258
210,157 184,258
210,157 183,258
210,157 182,258
210,157 181,259
209,157 180,259
209,157 179,259
209,157 178,259
209,157 177,259
208,157 176,259
208,157 175,259
208,157 174,259
207,157 173,260
207,157 172,260
207,157 171,260
207,157 170,260
206,157 169,260
206,157 168,260
206,157 167,260
206,157 166,260
205,157 165,260
205,157 164,260
205,157 163,260
205,157 162,260
204,157 161,260
204,157 160,260
204,157 159,260
203,157 158,260
203,157 157,261
203,157 156,261
203,157 155,261
202,157 154,261
202,157 153,261
202,157 152,261
202,157 151,261
201,157 150,261
201,157 149,261
201,157 148,261
201,157 147,261
200,157 146,261
200,157 145,261
200,157 144,260
199,157 143,260
199,157 142,260
199,157 141,260
199,157 140,260
198,157 139,260
198,157 138,260
198,157 137,260
198,157 136,260
197,157 135,260
197,157 134,260
197,157 133,260
197,157 132,260
196,157 131,260
196,157 130,259
196,157 129,259
195,157 128,259
203,153 217,251
203,153 218,250
203,153 216,251
203,153 215,251
204,154 214,251
204,154 213,252
204,154 212,252
204,154 211,252
205,154 210,253
205,154 209,253
205,154 208,253
205,154 207,253
206,154 206,254
206,154 205,254
206,154 204,254
207,154 203,254
207,154 202,254
207,154 201,255
207,154 200,255
208,155 199,255
208,155 198,256
208,155 197,256
208,155 196,256
209,155 195,256
209,155 194,256
209,155 193,256
209,155 192,256
210,155 191,256
210,155 190,256
210,155 189,257
210,156 188,257
210,156 187,257
210,156 186,257
210,156 185,257
210,157 184,257
210,157 183,257
210,157 182,257
210,157 181,258
209,157 180,258
209,157 179,258
209,157 178,258
209,157 177,258
208,157 176,258
208,157 175,258
208,157 174,258
207,157 173,259
207,157 172,259
207,157 171,259
207,157 170,259
206,157 169,259
206,157 168,259
206,157 167,259
206,157 166,259
205,157 165,259
205,157 164,259
205,157 163,259
205,157 162,259
204,157 161,259
204,157 160,259
204,157 159,259
203,157 158,259
203,157 157,260
203,157 156,260
203,157 155,260
202,157 154,260
202,157 153,260
202,157 152,260
202,157 151,260
201,157 150,260
201,157 149,260
201,157 148,260
201,157 147,260
200,157 146,260
200,157 145,260
200,157 144,259
199,157 143,259
199,157 142,259
199,157 141,259
199,157 140,259
198,157 139,259
198,157 138,259
198,157 137,259
198,157 136,259
197,157 135,259
197,157 134,259
197,157 133,259
197,157 132,259
196,157 131,259
196,157 130,258
196,157 129,258
195,157 128,258
203,153 217,250
203,153 218,249
203,153 216,250
203,153 215,250
204,154 214,250
204,154 213,251
204,154 212,251
204,154 211,251
205,154 210,252
205,154 209,252
205,154 208,252
205,154 207,252
206,154 206,253
206,154 205,253
206,154 204,253
207,154 203,253
207,154 202,253
207,154 201,254
207,154 200,254
208,155 199,254
208,155 198,255
208,155 197,255
208,155 196,255
209,155 195,255
209,155 194,255
209,155 193,255
209,155 192,255
210,155 191,255
210,155 190,255
210,155 189,256
210,156 188,256
210,156 187,256
210,156 186,256
210,156 185,256
210,157 184,256
210,157 183,256
210,157 182,256
210,157 181,257
209,157 180,257
209,157 179,257
209,157 178,257
209,157 177,257
208,157 176,257
208,157 175,257
208,157 174,257
207,157 173,258
207,157 172,258
207,157 171,258
207,157 170,258
206,157 169,258
206,157 168,258
206,157 167,258
206,157 166,258
205,157 165,258
205,157 164,258
205,157 163,258
205,157 162,258
204,157 161,258
204,157 160,258
204,157 159,258
203,157 158,258
203,157 157,259
203,157 156,259
203,157 155,259
202,157 154,259
202,157 153,259
202,157 152,259
202,157 151,259
201,157 150,259
201,157 149,259
201,157 148,259
201,157 147,259
200,157 146,259
200,157 145,259
200,157 144,258
199,157 143,258
199,157 142,258
199,157 141,258
199,157 140,258
198,157 139,258
198,157 138,258
198,157 137,258
198,157 136,258
197,157 135,258
197,157 134,258
197,157 133,258
197,157 132,258
196,157 131,258
196,157 130,257
196,157 129,257
195,157 128,257
203,153 217,249
203,153 218,248
203,153 216,249
203,153 215,249
204,154 214,249
204,154 213,250
204,154 212,250
204,154 211,250
205,154 210,251
205,154 209,251
205,154 208,251
205,154 207,251
206,154 206,252
206,154 205,252
206,154 204,252
207,154 203,252
207,154 202,252
207,154 201,253
207,154 200,253
208,155 199,253
208,155 198,254
208,155 197,254
208,155 196,254
209,155 195,254
209,155 194,254
209,155 193,254
209,155 192,254
210,155 191,254
210,155 190,254
210,155 189,255
210,156 188,255
210,156 187,255
210,156 186,255
210,156 185,255
210,157 184,255
210,157 183,255
210,157 182,255
210,157 181,256
209,157 180,256
209,157 179,256
209,157 178,256
209,157 177,256
208,157 176,256
208,157 175,256
208,157 174,256
207,157 173,257
207,157 172,257
207,157 171,257
207,157 170,257
206,157 169,257
206,157 168,257
206,157 167,257
206,157 166,257
205,157 165,257
205,157 164,257
205,157 163,257
205,157 162,257
204,157 161,257
204,157 160,257
204,157 159,257
203,157 158,257
203,157 157,258
203,157 156,258
203,157 155,258
202,157 154,258
202,157 153,258
202,157 152,258
202,157 151,258
201,157 150,258
201,157 149,258
201,157 148,258
201,157 147,258
200,157 146,258
200,157 145,258
200,157 144,257
199,157 143,257
199,157 142,257
199,157 141,257
199,157 140,257
198,157 139,257
198,157 138,257
198,157 137,257
198,157 136,257
197,157 135,257
197,157 134,257
197,157 133,257
197,157 132,257
196,157 131,257
196,157 130,256
196,157 129,256
195,157 128,256
203,153 217,248
203,153 218,247
203,153 216,248
203,153 215,248
204,154 214,248
204,154 213,249
204,154 212,249
204,154 211,249
205,154 210,250
205,154 209,250
205,154 208,250
205,154 207,250
206,154 206,251
206,154 205,251
206,154 204,251
207,154 203,251
207,154 202,251
207,154 201,252
207,154 200,252
208,155 199,252
208,155 198,253
208,155 197,253
208,155 196,253
209,155 195,253
209,155 194,253
209,155 193,253
209,155 192,253
210,155 191,253
210,155 190,253
210,155 189,254
210,156 188,254
210,156 187,254
210,156 186,254
210,156 185,254
210,157 184,254
210,157 183,254
210,157 182,254
210,157 181,255
209,157 180,255
209,157 179,255
209,157 178,255
209,157 177,255
208,157 176,255
208,157 175,255
208,157 174,255
207,157 173,256
207,157 172,256
207,157 171,256
207,157 170,256
206,157 169,256
206,157 168,256
206,157 167,256
206,157 166,256
205,157 165,256
205,157 164,256
205,157 163,256
205,157 162,256
204,157 161,256
204,157 160,256
204,157 159,256
203,157 158,256
203,157 157,257
203,157 156,257
203,157 155,257
202,157 154,257
202,157 153,257
202,157 152,257
202,157 151,257
201,157 150,257
201,157 149,257
201,157 148,257
201,157 147,257
200,157 146,257
200,157 145,257
200,157 144,256
199,157 143,256
199,157 142,256
199,157 141,256
199,157 140,256
198,157 139,256
198,157 138,256
198,157 137,256
198,157 136,256
197,157 135,256
197,157 134,256
197,157 133,256
197,157 132,256
196,157 131,256
196,157 130,255
196,157 129,255
195,157 128,255
203,153 217,247
203,153 218,246
203,153 216,247
203,153 215,247
204,154 214,247
204,154 213,248
204,154 212,248
204,154 211,248
205,154 210,249
205,154 209,249
205,154 208,249
205,154 207,249
206,154 206,250
206,154 205,250
206,154 204,250
207,154 203,250
207,154 202,250
207,154 201,251
207,154 200,251
208,155 199,251
208,155 198,252
208,155 197,252
208,155 196,252
209,155 195,252
209,155 194,252
209,155 193,252
209,155 192,252
210,155 191,252
210,155 190,252
210,155 189,253
210,156 188,253
210,156 187,253
210,156 186,253
210,156 185,253
210,157 184,253
210,157 183,253
210,157 182,253
210,157 181,254
209,157 180,254
209,157 179,254
209,157 178,254
209,157 177,254
208,157 176,254
208,157 175,254
208,157 174,254
207,157 173,255
207,157 172,255
207,157 171,255
207,157 170,255
206,157 169,255
206,157 168,255
206,157 167,255
206,157 166,255
205,157 165,255
205,157 164,255
205,157 163,255
205,157 162,255
204,157 161,255
204,157 160,255
204,157 159,255
203,157 158,255
203,157 157,256
203,157 156,256
203,157 155,256
202,157 154,256
202,157 153,256
202,157 152,256
202,157 151,256
201,157 150,256
201,157 149,256
201,157 148,256
201,157 147,256
200,157 146,256
200,157 145,256
200,157 144,255
199,157 143,255
199,157 142,255
199,157 141,255
199,157 140,255
198,157 139,255
198,157 138,255
198,157 137,255
198,157 136,255
197,157 135,255
197,157 134,255
197,157 133,255
197,157 132,255
196,157 131,255
196,157 130,254
196,157 129,254
195,157 128,254
203,153 217,246
203,153 218,245
203,153 216,246
203,153 215,246
204,154 214,246
204,154 213,247
204,154 212,247
204,154 211,247
205,154 210,248
205,154 209,248
205,154 208,248
205,154 207,248
206,154 206,249
206,154 205,249
206,154 204,249
207,154 203,249
207,154 202,249
207,154 201,250
207,154 200,250
208,155 199,250
208,155 198,251
208,155 197,251
208,155 196,251
209,155 195,251
209,155 194,251
209,155 193,251
209,155 192,251
210,155 191,251
210,155 190,251
210,155 189,252
210,156 188,252
210,156 187,252
210,156 186,252
210,156 185,252
210,157 184,252
210,157 183,252
210,157 182,252
210,157 181,253
209,157 180,253
209,157 179,253
209,157 178,253
209,157 177,253
208,157 176,253
208,157 175,253
208,157 174,253
207,157 173,254
207,157 172,254
207,157 171,254
207,157 170,254
206,157 169,254
206,157 168,254
206,157 167,254
206,157 166,254
205,157 165,254
205,157 164,254
205,157 163,254
205,157 162,254
204,157 161,254
204,157 160,254
204,157 159,254
203,157 158,254
203,157 157,255
203,157 156,255
203,157 155,255
202,157 154,255
202,157 153,255
202,157 152,255
202,157 151,255
201,157 150,255
201,157 149,255
201,157 148,255
201,157 147,255
200,157 146,255
200,157 145,255
200,157 144,254
199,157 143,254
199,157 142,254
199,157 141,254
199,157 140,254
198,157 139,254
198,157 138,254
198,157 137,254
198,157 136,254
197,157 135,254
197,157 134,254
197,157 133,254
197,157 132,254
196,157 131,254
196,157 130,253
196,157 129,253
195,157 128,253
203,153 217,245
203,153 218,244
203,153 216,245
203,153 215,245
204,154 214,245
204,154 213,246
204,154 212,246
204,154 211,246
205,154 210,247
205,154 209,247
205,154 208,247
205,154 207,247
206,154 206,248
206,154 205,248
206,154 204,248
207,154 203,248
207,154 202,248
207,154 201,249
207,154 200,249
208,155 199,249
208,155 198,250
208,155 197,250
208,155 196,250
209,155 195,250
209,155 194,250
209,155 193,250
209,155 192,250
210,155 191,250
210,155 190,250
210,155 189,251
210,156 188,251
210,156 187,251
210,156 186,251
210,156 185,251
210,157 184,251
210,157 183,251
210,157 182,251
210,157 181,252
209,157 180,252
209,157 179,252
209,157 178,252
209,157 177,252
208,157 176,252
208,157 175,252
208,157 174,252
207,157 173,253
207,157 172,253
207,157 171,253
207,157 170,253
206,157 169,253
206,157 168,253
206,157 167,253
206,157 166,253
205,157 165,253
205,157 164,253
205,157 163,253
205,157 162,253
204,157 161,253
204,157 160,253
204,157 159,253
203,157 158,253
203,157 157,254
203,157 156,254
203,157 155,254
202,157 154,254
202,157 153,254
202,157 152,254
202,157 151,254
201,157 150,254
201,157 149,254
201,157 148,254
201,157 147,254
200,157 146,254
200,157 145,254
200,157 144,253
199,157 143,253
199,157 142,253
199,157 141,253
199,157 140,253
198,157 139,253
198,157 138,253
198,157 137,253
198,157 136,253
197,157 135,253
197,157 134,253
197,157 133,253
197,157 132,253
196,157 131,253
196,157 130,252
196,157 129,252
195,157 128,252
203,153 217,244
203,153 218,243
203,153 216,244
203,153 215,244
204,154 214,244
204,154 213,245
204,154 212,245
204,154 211,245
205,154 210,246
205,154 209,246
205,154 208,246
205,154 207,246
206,154 206,247
206,154 205,247
206,154 204,247
207,154 203,247
207,154 202,247
207,154 201,248
207,154 200,248
208,155 199,248
208,155 198,249
208,155 197,249
208,155 196,249
209,155 195,249
209,155 194,249
209,155 193,249
209,155 192,249
210,155 191,249
210,155 190,249
210,155 189,250
210,156 188,250
210,156 187,250
210,156 186,250
210,156 185,250
210,157 184,250
210,157 183,250
210,157 182,250
210,157 181,251
209,157 180,251
209,157 179,251
209,157 178,251
209,157 177,251
208,157 176,251
208,157 175,251
208,157 174,251
207,157 173,252
207,157 172,252
207,157 171,252
207,157 170,252
206,157 169,252
206,157 168,252
206,157 167,252
206,157 166,252
205,157 165,252
205,157 164,252
205,157 163,252
205,157 162,252
204,157 161,252
204,157 160,252
204,157 159,252
203,157 158,252
203,157 157,253
203,157 156,253
203,157 155,253
202,157 154,253
202,157 153,253
202,157 152,253
202,157 151,253
201,157 150,253
201,157 149,253
201,157 148,253
201,157 147,253
200,157 146,253
200,157 145,253
200,157 144,252
199,157 143,252
199,157 142,252
199,157 141,252
199,157 140,252
198,157 139,252
198,157 138,252
198,157 137,252
198,157 136,252
197,157 135,252
197,157 134,252
197,157 133,252
197,157 132,252
196,157 131,252
196,157 130,251
196,157 129,251
195,157 128,251
203,153 217,243
203,153 218,242
203,153 216,243
203,153 215,243
204,154 214,243
204,154 213,244
204,154 212,244
204,154 211,244
205,154 210,245
205,154 209,245
205,154 208,245
205,154 207,245
206,154 206,246
206,154 205,246
206,154 204,246
207,154 203,246
207,154 202,246
207,154 201,247
207,154 200,247
208,155 199,247
208,155 198,248
208,155 197,248
208,155 196,248
209,155 195,248
209,155 194,248
209,155 193,248
209,155 192,248
210,155 191,248
210,155 190,248
210,155 189,249
210,156 188,249
210,156 187,249
210,156 186,249
210,156 185,249
210,157 184,249
210,157 183,249
210,157 182,249
210,157 181,250
209,157 180,250
209,157 179,250
209,157 178,250
209,157 177,250
208,157 176,250
208,157 175,250
208,157 174,250
207,157 173,251
207,157 172,251
207,157 171,251
207,157 170,251
206,157 169,251
206,157 168,251
206,157 167,251
206,157 166,251
205,157 165,251
205,157 164,251
205,157 163,251
205,157 162,251
204,157 161,251
204,157 160,251
204,157 159,251
203,157 158,251
203,157 157,252
203,157 156,252
203,157 155,252
202,157 154,252
202,157 153,252
202,157 152,252
202,157 151,252
201,157 150,252
201,157 149,252
201,157 148,252
201,157 147,252
200,157 146,252
200,157 145,252
200,157 144,251
199,157 143,251
199,157 142,251
199,157 141,251
199,157 140,251
198,157 139,251
198,157 138,251
198,157 137,251
198,157 136,251
197,157 135,251
197,157 134,251
197,157 133,251
197,157 132,251
196,157 131,251
196,157 130,250
196,157 129,250
195,157 128,250
203,153 213,243
203,153 212,243
203,153 210,244
203,153 209,244
204,154 208,244
204,154 207,244
204,154 206,245
205,154 205,245
205,154 204,245
205,154 203,245
205,154 202,245
206,154 201,246
206,154 200,246
206,154 199,246
207,154 198,247
207,154 197,247
207,154 196,247
207,154 195,247
208,155 194,247
208,155 193,247
208,155 192,247
209,155 191,247
209,155 190,247
209,155 189,248
209,155 188,248
210,155 187,248
210,155 186,248
210,155 185,248
210,156 184,248
210,156 183,248
210,156 182,248
210,156 181,249
210,157 180,249
210,157 179,249
210,157 178,249
209,157 177,249
209,157 176,249
209,157 175,249
209,157 174,249
208,157 173,250
208,157 172,250
208,157 171,250
207,157 170,250
207,157 169,250
207,157 168,250
207,157 167,250
206,157 166,250
206,157 165,250
206,157 164,250
205,157 163,250
205,157 162,250
205,157 161,250
205,157 160,250
204,157 159,250
204,157 158,250
204,157 157,251
203,157 156,251
203,157 155,251
203,157 154,251
203,157 153,251
202,157 152,251
202,157 151,251
202,157 150,251
201,157 149,251
201,157 148,251
201,157 147,251
201,157 146,251
200,157 145,251
200,157 144,250
200,157 143,250
199,157 142,250
199,157 141,250
199,157 140,250
199,157 139,250
198,157 138,250
198,157 137,250
198,157 136,250
197,157 135,250
197,157 134,250
197,157 133,250
197,157 132,250
196,157 131,250
196,157 130,249
196,157 129,249
195,157 128,249
203,153 206,244
203,153 205,244
203,153 204,244
203,153 203,244
204,154 202,244
204,154 201,245
204,154 200,245
205,154 199,245
205,154 198,246
205,154 197,246
206,154 196,246
206,154 195,246
206,154 194,246
207,154 193,246
207,154 192,246
207,154 191,246
207,154 190,246
208,155 189,247
208,155 188,247
208,155 187,247
209,155 186,247
209,155 185,247
209,155 184,247
210,155 183,247
210,155 182,247
210,155 181,248
210,156 180,248
210,156 179,248
210,156 178,248
210,156 177,248
210,157 176,248
210,157 175,248
210,157 174,248
209,157 173,249
209,157 172,249
209,157 171,249
208,157 170,249
208,157 169,249
208,157 168,249
207,157 167,249
207,157 166,249
207,157 165,249
207,157 164,249
206,157 163,249
206,157 162,249
206,157 161,249
205,157 160,249
205,157 159,249
205,157 158,249
204,157 157,250
204,157 156,250
204,157 155,250
203,157 154,250
203,157 153,250
203,157 152,250
203,157 151,250
202,157 150,250
202,157 149,250
202,157 148,250
201,157 147,250
201,157 146,250
201,157 145,250
200,157 144,249
200,157 143,249
200,157 142,249
199,157 141,249
199,157 140,249
199,157 139,249
199,157 138,249
198,157 137,249
198,157 136,249
198,157 135,249
197,157 134,249
197,157 133,249
197,157 132,249
196,157 131,249
196,157 130,248
196,157 129,248
195,157 128,248
203,153 201,244
203,153 200,244
203,153 199,244
203,153 198,245
204,154 197,245
204,154 196,245
204,154 195,245
205,154 194,245
205,154 193,245
205,154 192,245
206,154 191,245
206,154 190,245
206,154 189,246
207,154 188,246
207,154 187,246
207,154 186,246
208,155 185,246
208,155 184,246
208,155 183,246
209,155 182,246
209,155 181,247
209,155 180,247
210,155 179,247
210,155 178,247
210,155 177,247
210,156 176,247
210,156 175,247
210,156 174,247
210,157 173,248
210,157 172,248
210,157 171,248
209,157 170,248
209,157 169,248
209,157 168,248
208,157 167,248
208,157 166,248
208,157 165,248
207,157 164,248
207,157 163,248
207,157 162,248
206,157 161,248
206,157 160,248
206,157 159,248
205,157 158,248
205,157 157,249
205,157 156,249
204,157 155,249
204,157 154,249
204,157 153,249
203,157 152,249
203,157 151,249
203,157 150,249
202,157 149,249
202,157 148,249
202,157 147,249
201,157 146,249
201,157 145,249
201,157 144,248
200,157 143,248
200,157 142,248
200,157 141,248
199,157 140,248
199,157 139,248
199,157 138,248
198,157 137,248
198,157 136,248
198,157 135,248
197,157 134,248
197,157 133,248
197,157 132,248
196,157 131,248
196,157 130,247
196,157 129,247
195,157 128,247
203,153 198,244
203,153 197,244
203,153 196,244
204,154 195,244
204,154 194,244
204,154 193,244
205,154 192,244
205,154 191,244
205,154 190,244
206,154 189,245
206,154 188,245
206,154 187,245
207,154 186,245
207,154 185,245
207,154 184,245
208,155 183,245
208,155 182,245
208,155 181,246
209,155 180,246
209,155 179,246
209,155 178,246
210,155 177,246
210,155 176,246
210,155 175,246
210,156 174,246
210,156 173,247
210,156 172,247
210,157 171,247
210,157 170,247
210,157 169,247
209,157 168,247
209,157 167,247
209,157 166,247
208,157 165,247
208,157 164,247
207,157 163,247
207,157 162,247
207,157 161,247
206,157 160,247
206,157 159,247
206,157 158,247
205,157 157,248
205,157 156,248
205,157 155,248
204,157 154,248
204,157 153,248
204,157 152,248
203,157 151,248
203,157 150,248
203,157 149,248
202,157 148,248
202,157 147,248
202,157 146,248
201,157 145,248
201,157 144,247
201,157 143,247
200,157 142,247
200,157 141,247
200,157 140,247
199,157 139,247
199,157 138,247
199,157 137,247
198,157 136,247
198,157 135,247
198,157 134,247
197,157 133,247
197,157 132,247
197,157 131,247
196,157 130,246
196,157 129,246
195,157 128,246
203,153 193,243
203,153 192,243
203,153 191,243
204,154 190,243
204,154 189,244
204,154 188,244
205,154 187,244
205,154 186,244
205,154 185,244
206,154 184,244
206,154 183,244
207,154 182,244
207,154 181,245
207,154 180,245
208,155 179,245
208,155 178,245
208,155 177,245
209,155 176,245
209,155 175,245
210,155 174,245
210,155 173,246
210,155 172,246
210,156 171,246
210,156 170,246
210,156 169,246
210,157 168,246
210,157 167,246
210,157 166,246
209,157 165,246
209,157 164,246
208,157 163,246
208,157 162,246
208,157 161,246
207,157 160,246
207,157 159,246
207,157 158,246
206,157 157,247
206,157 156,247
205,157 155,247
205,157 154,247
205,157 153,247
204,157 152,247
204,157 151,247
204,157 150,247
203,157 149,247
203,157 148,247
203,157 147,247
202,157 146,247
202,157 145,247
201,157 144,246
201,157 143,246
201,157 142,246
200,157 141,246
200,157 140,246
200,157 139,246
199,157 138,246
199,157 137,246
198,157 136,246
198,157 135,246
198,157 134,246
197,157 133,246
197,157 132,246
197,157 131,246
196,157 130,245
196,157 129,245
195,157 128,245
203,153 189,243
203,153 188,243
203,153 187,243
204,154 186,243
204,154 185,243
204,154 184,243
205,154 183,243
205,154 182,243
206,154 181,244
206,154 180,244
206,154 179,244
207,154 178,244
207,154 177,244
208,155 176,244
208,155 175,244
208,155 174,244
209,155 173,245
209,155 172,245
210,155 171,245
210,155 170,245
210,155 169,245
210,156 168,245
210,156 167,245
210,157 166,245
210,157 165,245
210,157 164,245
209,157 163,245
209,157 162,245
208,157 161,245
208,157 160,245
208,157 159,245
207,157 158,245
207,157 157,246
207,157 156,246
206,157 155,246
206,157 154,246
205,157 153,246
205,157 152,246
205,157 151,246
204,157 150,246
204,157 149,246
203,157 148,246
203,157 147,246
203,157 146,246
202,157 145,246
202,157 144,245
201,157 143,245
201,157 142,245
201,157 141,245
200,157 140,245
200,157 139,245
199,157 138,245
199,157 137,245
199,157 136,245
198,157 135,245
198,157 134,245
197,157 133,245
197,157 132,245
197,157 131,245
196,157 130,244
196,157 129,244
195,157 128,244
203,153 187,242
203,153 186,242
203,153 185,242
204,154 184,242
204,154 183,242
205,154 182,242
205,154 181,243
205,154 180,243
206,154 179,243
206,154 178,243
207,154 177,243
207,154 176,243
207,154 175,243
208,155 174,243
208,155 173,244
209,155 172,244
209,155 171,244
209,155 170,244
210,155 169,244
210,155 168,244
210,156 167,244
210,156 166,244
210,156 165,244
210,157 164,244
210,157 163,244
209,157 162,244
209,157 161,244
209,157 160,244
208,157 159,244
208,157 158,244
207,157 157,245
207,157 156,245
206,157 155,245
206,157 154,245
206,157 153,245
205,157 152,245
205,157 151,245
204,157 150,245
204,157 149,245
204,157 148,245
203,157 147,245
203,157 146,245
202,157 145,245
202,157 144,244
202,157 143,244
201,157 142,244
201,157 141,244
200,157 140,244
200,157 139,244
200,157 138,244
199,157 137,244
199,157 136,244
198,157 135,244
198,157 134,244
198,157 133,244
197,157 132,244
197,157 131,244
196,157 130,243
196,157 129,243
195,157 128,243
203,154 184,241
203,154 183,241
203,154 182,241
204,155 181,242
204,155 180,242
204,155 179,242
205,155 178,242
205,155 177,242
205,155 176,242
206,155 175,242
206,155 174,242
206,155 173,243
207,155 172,243
207,155 171,243
207,155 170,243
208,156 169,243
208,156 168,243
208,156 167,243
209,156 166,243
209,156 165,243
209,156 164,243
207,156 163,243
207,156 162,243
207,156 161,243
206,156 160,243
206,156 159,243
206,156 158,243
205,156 157,244
205,156 156,244
205,156 155,244
204,156 154,244
204,156 153,244
204,156 152,244
203,156 151,244
203,156 150,244
203,156 149,244
202,156 148,244
202,156 147,244
202,156 146,244
201,156 145,244
201,156 144,243
201,156 143,243
200,156 142,243
200,156 141,243
200,156 140,243
199,156 139,243
199,156 138,243
199,156 137,243
198,156 136,243
198,156 135,243
198,156 134,243
197,156 133,243
197,156 132,243
197,156 131,243
196,156 130,242
196,156 129,242
195,156 128,242
203,154 181,241
203,154 182,240
203,154 180,241
204,155 179,241
204,155 178,241
204,155 177,241
205,155 176,241
205,155 175,241
205,155 174,241
206,155 173,242
206,155 172,242
206,155 171,242
207,155 170,242
207,155 169,242
207,155 168,242
208,156 167,242
208,156 166,242
208,156 165,242
209,156 164,242
209,156 163,242
207,156 162,242
207,156 161,242
207,156 160,242
206,156 159,242
206,156 158,242
206,156 157,243
205,156 156,243
205,156 155,243
205,156 154,243
204,156 153,243
204,156 152,243
204,156 151,243
203,156 150,243
203,156 149,243
203,156 148,243
202,156 147,243
202,156 146,243
201,156 145,243
201,156 144,242
201,156 143,242
200,156 142,242
200,156 141,242
200,156 140,242
199,156 139,242
199,156 138,242
199,156 137,242
198,156 136,242
198,156 135,242
198,156 134,242
197,156 133,242
197,156 132,242
197,156 131,242
196,156 130,241
196,156 129,241
195,156 128,241
203,154 181,240
203,154 180,240
203,154 179,240
204,155 178,240
204,155 177,240
204,155 176,240
205,155 175,240
205,155 174,240
205,155 173,241
206,155 172,241
206,155 171,241
206,155 170,241
207,155 169,241
207,155 168,241
208,156 167,241
208,156 166,241
208,156 165,241
209,156 164,241
209,156 163,241
209,156 162,241
207,156 161,241
207,156 160,241
207,156 159,241
206,156 158,241
206,156 157,242
206,156 156,242
205,156 155,242
205,156 154,242
204,156 153,242
204,156 152,242
204,156 151,242
203,156 150,242
203,156 149,242
203,156 148,242
202,156 147,242
202,156 146,242
202,156 145,242
201,156 144,241
201,156 143,241
201,156 142,241
200,156 141,241
200,156 140,241
199,156 139,241
199,156 138,241
199,156 137,241
198,156 136,241
198,156 135,241
198,156 134,241
197,156 133,241
197,156 132,241
197,156 131,241
196,156 130,240
196,156 129,240
195,156 128,240
203,154 179,239
203,154 178,239
203,154 177,239
204,155 176,239
204,155 175,239
204,155 174,239
205,155 173,240
205,155 172,240
205,155 171,240
206,155 170,240
206,155 169,240
207,155 168,240
207,155 167,240
207,155 166,240
208,156 165,240
208,156 164,240
208,156 163,240
209,156 162,240
209,156 161,240
207,156 160,240
207,156 159,240
207,156 158,240
206,156 157,241
206,156 156,241
206,156 155,241
205,156 154,241
205,156 153,241
204,156 152,241
204,156 151,241
204,156 150,241
203,156 149,241
203,156 148,241
203,156 147,241
202,156 146,241
202,156 145,241
201,156 144,240
201,156 143,240
201,156 142,240
200,156 141,240
200,156 140,240
200,156 139,240
199,156 138,240
199,156 137,240
198,156 136,240
198,156 135,240
198,156 134,240
197,156 133,240
197,156 132,240
197,156 131,240
196,156 130,239
196,156 129,239
195,156 128,239
203,154 177,238
203,154 176,238
203,154 175,238
204,155 174,238
204,155 173,239
204,155 172,239
205,155 171,239
205,155 170,239
206,155 169,239
206,155 168,239
206,155 167,239
207,155 166,239
207,155 165,239
208,156 164,239
208,156 163,239
208,156 162,239
209,156 161,239
209,156 160,239
209,156 159,239
207,156 158,239
207,156 157,240
206,156 156,240
206,156 155,240
206,156 154,240
205,156 153,240
205,156 152,240
204,156 151,240
204,156 150,240
204,156 149,240
203,156 148,240
203,156 147,240
202,156 146,240
202,156 145,240
202,156 144,239
201,156 143,239
201,156 142,239
201,156 141,239
200,156 140,239
200,156 139,239
199,156 138,239
199,156 137,239
199,156 136,239
198,156 135,239
198,156 134,239
197,156 133,239
197,156 132,239
197,156 131,239
196,156 130,238
196,156 129,238
195,156 128,238
203,154 175,237
203,154 174,237
203,154 173,238
204,155 172,238
204,155 171,238
205,155 170,238
205,155 169,238
205,155 168,238
206,155 167,238
206,155 166,238
207,155 165,238
207,155 164,238
207,155 163,238
208,156 162,238
208,156 161,238
209,156 160,238
209,156 159,238
209,156 158,238
207,156 157,239
207,156 156,239
206,156 155,239
206,156 154,239
206,156 153,239
205,156 152,239
205,156 151,239
204,156 150,239
204,156 149,239
204,156 148,239
203,156 147,239
203,156 146,239
202,156 145,239
202,156 144,238
202,156 143,238
201,156 142,238
201,156 141,238
200,156 140,238
200,156 139,238
200,156 138,238
199,156 137,238
199,156 136,238
198,156 135,238
198,156 134,238
198,156 133,238
197,156 132,238
197,156 131,238
196,156 130,237
196,156 129,237
195,156 128,237
203,154 173,237
203,154 172,237
203,154 171,237
204,155 170,237
204,155 169,237
205,155 168,237
205,155 167,237
205,155 166,237
206,155 165,237
206,155 164,237
207,155 163,237
207,155 162,237
208,156 161,237
208,156 160,237
208,156 159,237
209,156 158,237
209,156 157,238
207,156 156,238
207,156 155,238
206,156 154,238
206,156 153,238
206,156 152,238
205,156 151,238
205,156 150,238
204,156 149,238
204,156 148,238
204,156 147,238
203,156 146,238
203,156 145,238
202,156 144,237
202,156 143,237
201,156 142,237
201,156 141,237
201,156 140,237
200,156 139,237
200,156 138,237
199,156 137,237
199,156 136,237
198,156 135,237
198,156 134,237
198,156 133,237
197,156 132,237
197,156 131,237
196,156 130,236
196,156 129,236
195,156 128,236
203,154 172,236
203,154 171,236
203,154 170,236
204,155 169,236
204,155 168,236
205,155 167,236
205,155 166,236
206,155 165,236
206,155 164,236
206,155 163,236
207,155 162,236
207,155 161,236
208,156 160,236
208,156 159,236
209,156 158,236
209,156 157,237
209,156 156,237
207,156 155,237
207,156 154,237
206,156 153,237
206,156 152,237
205,156 151,237
205,156 150,237
205,156 149,237
204,156 148,237
204,156 147,237
203,156 146,237
203,156 145,237
202,156 144,236
202,156 143,236
202,156 142,236
201,156 141,236
201,156 140,236
200,156 139,236
200,156 138,236
199,156 137,236
199,156 136,236
199,156 135,236
198,156 134,236
198,156 133,236
197,156 132,236
197,156 131,236
196,156 130,235
196,156 129,235
195,156 128,235
203,154 170,235
203,154 169,235
203,154 168,235
204,155 167,235
204,155 166,235
205,155 165,235
205,155 164,235
206,155 163,235
206,155 162,235
207,155 161,235
207,155 160,235
208,156 159,235
208,156 158,235
209,156 157,236
209,156 156,236
209,156 155,236
207,156 154,236
207,156 153,236
206,156 152,236
206,156 151,236
205,156 150,236
205,156 149,236
204,156 148,236
204,156 147,236
203,156 146,236
203,156 145,236
202,156 144,235
202,156 143,235
202,156 142,235
201,156 141,235
201,156 140,235
200,156 139,235
200,156 138,235
199,156 137,235
199,156 136,235
198,156 135,235
198,156 134,235
197,156 133,235
197,156 132,235
196,156 131,235
196,156 130,234
195,156 129,234
203,154 168,234
203,154 167,234
204,155 166,234
204,155 165,234
205,155 164,234
205,155 163,234
206,155 162,234
206,155 161,234
207,155 160,234
207,155 159,234
208,156 158,234
208,156 157,235
209,156 156,235
209,156 155,235
207,156 154,235
207,156 153,235
206,156 152,235
206,156 151,235
205,156 150,235
205,156 149,235
204,156 148,235
204,156 147,235
203,156 146,235
203,156 145,235
202,156 144,234
202,156 143,234
201,156 142,234
201,156 141,234
200,156 140,234
200,156 139,234
199,156 138,234
199,156 137,234
198,156 136,234
198,156 135,234
197,156 134,234
197,156 133,234
196,156 132,234
195,156 131,234
203,154 166,233
203,154 165,233
204,155 164,233
204,155 163,233
205,155 162,233
205,155 161,233
206,155 160,233
206,155 159,233
207,155 158,233
208,156 157,234
208,156 156,234
209,156 155,234
209,156 154,234
207,156 153,234
207,156 152,234
206,156 151,234
206,156 150,234
205,156 149,234
204,156 148,234
204,156 147,234
203,156 146,234
203,156 145,234
202,156 144,233
202,156 143,233
201,156 142,233
201,156 141,233
200,156 140,233
199,156 139,233
199,156 138,233
198,156 137,233
198,156 136,233
197,156 135,233
197,156 134,233
196,156 133,233
195,156 132,233
203,154 164,232
203,154 163,232
204,155 162,232
204,155 161,232
205,155 160,232
206,155 159,232
206,155 158,232
207,155 157,233
208,156 156,233
208,156 155,233
209,156 154,233
209,156 153,233
207,156 152,233
206,156 151,233
206,156 150,233
205,156 149,233
204,156 148,233
204,156 147,233
203,156 146,233
202,156 145,233
202,156 144,232
201,156 143,232
201,156 142,232
200,156 141,232
199,156 140,232
199,156 139,232
198,156 138,232
197,156 137,232
197,156 136,232
196,156 135,232
195,156 134,232
203,154 162,231
203,154 161,231
204,155 160,231
205,155 159,231
205,155 158,231
206,155 157,232
207,155 156,232
208,156 155,232
208,156 154,232
209,156 153,232
207,156 152,232
206,156 151,232
206,156 150,232
205,156 149,232
204,156 148,232
204,156 147,232
203,156 146,232
202,156 145,232
201,156 144,231
201,156 143,231
200,156 142,231
199,156 141,231
198,156 140,231
198,156 139,231
197,156 138,231
196,156 137,231
195,156 136,231
203,154 160,230
203,154 159,230
204,155 158,230
205,155 157,231
206,155 156,231
207,155 155,231
208,156 154,231
209,156 153,231
209,156 152,231
207,156 151,231
206,156 150,231
205,156 149,231
204,156 148,231
203,156 147,231
202,156 146,231
202,156 145,231
201,156 144,230
200,156 143,230
199,156 142,230
198,156 141,230
197,156 140,230
196,156 139,230
195,156 138,230
203,154 157,230
204,155 157,230
205,155 158,229
206,155 156,230
207,155 155,230
208,156 154,230
209,156 153,230
207,156 152,230
206,156 151,230
205,156 150,230
204,156 149,230
203,156 148,230
202,156 147,230
201,156 146,230
200,156 145,230
199,156 144,229
198,156 143,229
197,156 142,229
196,156 141,229
195,156 140,229
203,154 157,229
204,155 157,229
205,155 156,229
206,155 155,229
207,155 154,229
208,156 154,229
209,156 153,229
207,156 152,229
206,156 151,229
205,156 150,229
204,156 150,229
203,156 149,229
202,156 148,229
201,156 147,229
200,156 146,229
199,156 146,229
198,156 145,229
197,156 144,228
196,156 143,228
195,156 142,228
203,154 155,228
204,155 155,228
205,155 154,228
206,155 154,228
207,155 153,228
208,156 153,228
209,156 152,228
207,156 151,228
206,156 151,228
205,156 150,228
204,156 150,228
203,156 149,228
202,156 149,228
201,156 148,228
200,156 147,228
199,156 147,228
198,156 146,228
197,156 146,228
196,156 145,228
195,156 144,227
203,155 153,227
202,155 152,227
201,155 151,227
200,155 150,227
199,155 149,227
198,155 148,227
197,155 147,227
196,155 146,227
195,155 145,227
194,157 127,259
194,157 126,259
194,157 125,259
194,157 124,258
193,157 123,258
193,157 122,258
193,157 121,258
193,157 120,257
192,156 119,257
192,156 118,257
192,156 117,257
192,156 116,257
191,156 115,256
191,156 114,256
191,156 113,256
190,156 112,255
190,156 111,255
190,156 110,255
190,156 109,255
189,156 108,254
189,156 107,254
189,156 106,254
189,156 105,253
188,156 104,253
188,156 103,253
188,156 102,252
188,156 101,252
187,155 100,252
187,155 99,251
187,155 98,251
186,155 97,251
186,155 97,250
186,155 97,249
186,155 98,248
185,154 98,247
185,154 98,246
185,154 98,245
185,154 98,244
184,153 98,243
184,153 98,242
184,153 98,241
184,153 98,240
183,152 98,239
183,152 98,238
183,152 98,237
182,151 98,236
182,151 98,235
182,151 98,234
182,151 98,233
182,150 98,232
182,150 98,231
182,150 98,230
182,150 98,229
181,149 97,228
181,149 97,227
181,149 97,226
181,149 97,225
181,148 97,224
181,148 97,223
181,148 97,222
180,147 98,222
180,147 99,222
180,147 100,222
180,147 101,222
180,146 102,222
180,146 103,222
180,146 104,222
180,146 105,222
180,145 106,222
180,145 107,222
180,145 108,221
180,145 109,221
180,144 110,221
180,144 111,221
180,144 112,221
179,143 113,220
179,143 114,220
179,143 115,220
179,143 116,220
179,142 117,220
179,142 118,219
179,142 119,218
179,142 120,218
179,141 121,217
179,141 121,216
179,141 122,215
179,141 123,214
178,140 124,213
178,140 125,212
178,140 126,211
178,139 127,210
194,157 127,258
194,157 126,258
194,157 125,258
194,157 124,257
193,157 123,257
193,157 122,257
193,157 121,257
193,157 120,256
192,156 119,256
192,156 118,256
192,156 117,256
191,156 116,256
191,156 115,255
191,156 114,255
191,156 113,255
190,156 112,254
190,156 111,254
190,156 110,254
189,156 109,254
189,156 108,253
189,156 107,253
189,156 106,253
188,156 105,252
188,156 104,252
188,156 103,252
188,156 102,251
187,155 101,251
187,155 100,251
187,155 99,250
186,155 98,250
186,155 98,249
186,155 99,248
186,155 99,247
185,154 99,246
185,154 99,245
185,154 99,244
184,153 99,243
184,153 99,242
184,153 99,241
184,153 99,240
183,152 99,239
183,152 99,238
183,152 99,237
182,151 99,236
182,151 99,235
182,151 99,234
182,151 99,233
182,150 99,232
182,150 99,231
182,150 99,230
182,150 99,229
181,149 98,228
181,149 98,227
181,149 98,226
181,148 98,225
181,148 98,224
181,148 98,223
181,148 99,223
180,147 100,223
180,147 101,223
180,147 102,223
180,146 103,223
180,146 104,223
180,146 105,223
180,146 106,223
180,145 107,223
180,145 108,222
180,145 109,222
180,145 110,222
180,144 111,222
180,144 112,222
180,144 113,221
179,143 114,221
179,143 115,221
179,143 116,221
179,143 117,221
179,142 118,220
179,142 119,219
179,142 120,219
179,141 121,218
179,141 122,217
179,141 122,216
179,141 123,215
178,140 124,214
178,140 125,213
178,140 126,212
178,139 127,211
194,157 127,257
194,157 126,257
194,157 125,257
194,157 124,256
193,157 123,256
193,157 122,256
193,157 121,256
192,156 120,255
192,156 119,255
192,156 118,255
192,156 117,255
191,156 116,255
191,156 115,254
191,156 114,254
190,156 113,254
190,156 112,253
190,156 111,253
190,156 110,253
189,156 109,253
189,156 108,252
189,156 107,252
188,156 106,252
188,156 105,251
188,156 104,251
187,155 103,251
187,155 102,250
187,155 101,250
187,155 100,250
186,155 99,249
186,155 100,248
186,155 100,247
185,154 100,246
185,154 100,245
185,154 100,244
185,154 100,243
184,153 100,242
184,153 100,241
184,153 100,240
183,152 100,239
183,152 100,238
183,152 100,237
182,151 100,236
182,151 100,235
182,151 100,234
182,151 100,233
182,150 100,232
182,150 100,231
182,150 100,230
181,149 100,229
181,149 99,228
181,149 99,227
181,149 99,226
181,148 99,225
181,148 99,224
181,148 100,224
180,147 101,224
180,147 102,224
180,147 103,224
180,147 104,224
180,146 105,224
180,146 106,224
180,146 107,224
180,145 108,223
180,145 109,223
180,145 110,223
180,144 111,223
180,144 112,223
180,144 113,222
180,144 114,222
179,143 115,222
179,143 116,222
179,143 117,222
179,142 118,221
179,142 119,220
179,142 120,220
179,142 121,219
179,141 122,218
179,141 123,217
179,141 123,216
178,140 124,215
178,140 125,214
178,140 126,213
178,139 127,212
194,157 127,256
194,157 126,256
194,157 125,256
194,157 124,255
193,157 123,255
193,157 122,255
193,157 121,255
192,156 120,254
192,156 119,254
192,156 118,254
191,156 117,254
191,156 116,254
191,156 115,253
191,156 114,253
190,156 113,253
190,156 112,252
190,156 111,252
189,156 110,252
189,156 109,252
189,156 108,251
188,156 107,251
188,156 106,251
188,156 105,250
188,156 104,250
187,155 103,250
187,155 102,249
187,155 101,249
186,155 100,249
186,155 101,248
186,155 101,247
185,154 101,246
185,154 101,245
185,154 101,244
184,153 101,243
184,153 101,242
184,153 101,241
184,153 101,240
183,152 101,239
183,152 101,238
183,152 101,237
182,151 101,236
182,151 101,235
182,151 101,234
182,150 101,233
182,150 101,232
182,150 101,231
182,150 101,230
181,149 101,229
181,149 100,228
181,149 100,227
181,148 100,226
181,148 100,225
181,148 101,225
180,147 102,225
180,147 103,225
180,147 104,225
180,146 105,225
180,146 106,225
180,146 107,225
180,146 108,224
180,145 109,224
180,145 110,224
180,145 111,224
180,144 112,224
180,144 113,223
180,144 114,223
179,143 115,223
179,143 116,223
179,143 117,223
179,143 118,222
179,142 119,221
179,142 120,221
179,142 121,220
179,141 122,219
179,141 123,218
179,141 124,217
178,140 124,216
178,140 125,215
178,140 126,214
178,139 127,213
194,157 127,255
194,157 126,255
194,157 125,255
194,157 124,254
193,157 123,254
193,157 122,254
193,157 121,254
192,156 120,253
192,156 119,253
192,156 118,253
191,156 117,253
191,156 116,253
191,156 115,252
190,156 114,252
190,156 113,252
190,156 112,251
189,156 111,251
189,156 110,251
189,156 109,251
188,156 108,250
188,156 107,250
188,156 106,250
187,155 105,249
187,155 104,249
187,155 103,249
186,155 102,248
186,155 102,247
186,155 102,246
185,154 102,245
185,154 102,244
185,154 102,243
184,153 102,242
184,153 102,241
184,153 102,240
183,152 102,239
183,152 102,238
183,152 102,237
182,151 102,236
182,151 102,235
182,151 102,234
182,151 102,233
182,150 102,232
182,150 102,231
182,150 102,230
181,149 102,229
181,149 101,228
181,149 101,227
181,148 101,226
181,148 102,226
181,148 103,226
180,147 104,226
180,147 105,226
180,147 106,226
180,146 107,226
180,146 108,225
180,146 109,225
180,145 110,225
180,145 111,225
180,145 112,225
180,144 113,224
180,144 114,224
180,144 115,224
179,143 116,224
179,143 117,224
179,143 118,223
179,142 119,222
179,142 120,222
179,142 121,221
179,141 122,220
179,141 123,219
179,141 124,218
178,140 125,217
178,140 125,216
178,140 126,215
178,139 127,214
194,157 127,254
194,157 126,254
194,157 125,254
193,157 124,253
193,157 123,253
193,157 122,253
192,156 121,253
192,156 120,252
192,156 119,252
191,156 118,252
191,156 117,252
191,156 116,252
190,156 115,251
190,156 114,251
190,156 113,251
189,156 112,250
189,156 111,250
189,156 110,250
188,156 109,250
188,156 108,249
188,156 107,249
187,155 106,249
187,155 105,248
187,155 104,248
186,155 103,248
186,155 103,247
186,155 103,246
185,154 103,245
185,154 103,244
185,154 103,243
184,153 103,242
184,153 103,241
184,153 103,240
183,152 103,239
183,152 103,238
183,152 103,237
182,151 103,236
182,151 103,235
182,151 103,234
182,150 103,233
182,150 103,232
182,150 103,231
181,149 103,230
181,149 103,229
181,149 102,228
181,148 102,227
181,148 103,227
181,148 104,227
180,147 105,227
180,147 106,227
180,147 107,227
180,146 108,226
180,146 109,226
180,146 110,226
180,145 111,226
180,145 112,226
180,145 113,225
180,144 114,225
180,144 115,225
180,144 116,225
179,143 117,225
179,143 118,224
179,143 119,223
179,142 120,223
179,142 121,222
179,142 122,221
179,141 123,220
179,141 124,219
179,141 125,218
178,140 126,217
178,140 126,216
178,139 127,215
194,157 127,253
194,157 126,253
194,157 125,253
193,157 124,252
193,157 123,252
193,157 122,252
192,156 121,252
192,156 120,251
192,156 119,251
191,156 118,251
191,156 117,251
191,156 116,251
190,156 115,250
190,156 114,250
189,156 113,250
189,156 112,249
189,156 111,249
188,156 110,249
188,156 109,249
188,156 108,248
187,155 107,248
187,155 106,248
187,155 105,247
186,155 104,247
186,155 104,246
186,155 104,245
185,154 104,244
185,154 104,243
184,153 104,242
184,153 104,241
184,153 104,240
183,152 104,239
183,152 104,238
183,152 104,237
182,151 104,236
182,151 104,235
182,151 104,234
182,150 104,233
182,150 104,232
182,150 104,231
181,149 104,230
181,149 104,229
181,148 103,228
181,148 104,228
181,148 105,228
180,147 106,228
180,147 107,228
180,147 108,227
180,146 109,227
180,146 110,227
180,146 111,227
180,145 112,227
180,145 113,226
180,145 114,226
180,144 115,226
180,144 116,226
179,143 117,226
179,143 118,225
179,143 119,224
179,142 120,224
179,142 121,223
179,142 122,222
179,141 123,221
179,141 124,220
179,141 125,219
178,140 126,218
178,140 127,217
178,139 127,216
194,157 127,252
194,157 126,252
194,157 125,252
193,157 124,251
193,157 123,251
193,157 122,251
192,156 121,251
192,156 120,250
191,156 119,250
191,156 118,250
191,156 117,250
190,156 116,250
190,156 115,249
189,156 114,249
189,156 113,249
189,156 112,248
188,156 111,248
188,156 110,248
188,156 109,248
187,155 108,247
187,155 107,247
186,155 106,247
186,155 105,246
186,155 105,245
185,154 105,244
185,154 105,243
184,153 105,242
184,153 105,241
184,153 105,240
183,152 105,239
183,152 105,238
182,151 105,237
182,151 105,236
182,151 105,235
182,150 105,234
182,150 105,233
182,150 105,232
181,149 105,231
181,149 105,230
181,148 105,229
181,148 106,229
181,148 107,229
180,147 108,228
180,147 109,228
180,146 110,228
180,146 111,228
180,146 112,228
180,145 113,227
180,145 114,227
180,145 115,227
180,144 116,227
180,144 117,227
179,143 118,226
179,143 119,225
179,143 120,225
179,142 121,224
179,142 122,223
179,141 123,222
179,141 124,221
179,141 125,220
178,140 126,219
178,140 127,218
178,139 128,217
194,157 127,251
194,157 126,251
194,157 125,251
193,157 124,250
193,157 123,250
192,156 122,250
192,156 121,250
192,156 120,249
191,156 119,249
191,156 118,249
190,156 117,249
190,156 116,249
190,156 115,248
189,156 114,248
189,156 113,248
188,156 112,247
188,156 111,247
188,156 110,247
187,155 109,247
187,155 108,246
186,155 107,246
186,155 106,246
186,155 106,245
185,154 106,244
185,154 106,243
184,153 106,242
184,153 106,241
184,153 106,240
183,152 106,239
183,152 106,238
182,151 106,237
182,151 106,236
182,151 106,235
182,150 106,234
182,150 106,233
181,149 106,232
181,149 106,231
181,149 106,230
181,148 107,230
181,148 108,229
180,147 109,229
180,147 110,229
180,147 111,229
180,146 112,229
180,146 113,228
180,145 114,228
180,145 115,228
180,145 116,228
180,144 117,228
180,144 118,227
179,143 119,226
179,143 120,226
179,143 121,225
179,142 122,224
179,142 123,223
179,141 124,222
179,141 125,221
179,141 126,220
178,140 127,219
178,140 128,218
178,139 129,217
194,156 127,250
194,156 126,250
194,156 125,250
193,156 124,249
193,156 123,249
192,155 122,249
192,155 121,249
192,155 120,248
191,155 119,248
191,155 118,248
190,155 117,248
190,155 116,248
190,155 115,247
189,155 114,247
189,155 113,247
188,155 112,246
188,155 111,246
188,155 110,246
187,154 109,246
187,154 108,245
186,154 107,245
186,154 107,244
186,154 107,243
185,153 107,242
185,153 107,241
184,152 107,240
184,152 107,239
184,152 107,238
183,151 107,237
183,151 107,236
183,150 107,235
183,150 107,234
183,150 107,233
182,149 107,232
182,149 107,231
182,148 108,230
182,148 109,230
182,148 110,230
181,147 111,230
181,147 112,230
181,146 113,229
181,146 114,229
181,146 115,229
181,145 116,229
181,145 117,229
181,144 118,228
181,144 119,227
181,144 120,227
180,143 121,226
180,143 122,225
180,142 123,224
180,142 124,223
180,142 125,222
180,141 126,221
180,141 127,220
179,140 128,219
179,140 129,218
179,139 130,217
194,156 127,249
194,156 126,249
194,156 125,249
193,156 124,248
193,156 123,248
192,155 122,248
192,155 121,248
192,155 120,247
191,155 119,247
191,155 118,247
190,155 117,247
190,155 116,247
189,155 115,246
189,155 114,246
189,155 113,246
188,155 112,245
188,155 111,245
187,154 110,245
187,154 109,245
187,154 108,244
186,154 108,243
186,154 108,242
185,153 108,241
185,153 108,240
184,152 108,239
184,152 108,238
184,152 108,237
183,151 108,236
183,151 108,235
183,150 108,234
183,150 108,233
183,150 108,232
182,149 108,231
182,149 109,231
182,148 110,231
182,148 111,231
181,147 112,231
181,147 113,230
181,147 114,230
181,146 115,230
181,146 116,230
181,145 117,230
181,145 118,229
181,145 119,228
181,144 120,228
181,144 121,227
180,143 122,226
180,143 123,225
180,142 124,224
180,142 125,223
180,142 126,222
180,141 127,221
180,141 128,220
179,140 129,219
179,140 130,218
179,139 131,217
194,156 127,248
194,156 126,248
194,156 125,248
193,156 124,247
193,156 123,247
192,155 122,247
192,155 121,247
191,155 120,246
191,155 119,246
191,155 118,246
190,155 117,246
190,155 116,246
189,155 115,245
189,155 114,245
188,155 113,245
188,155 112,244
188,155 111,244
187,154 110,244
187,154 109,244
186,154 109,243
186,154 109,242
185,153 109,241
185,153 109,240
185,153 109,239
184,152 109,238
184,152 109,237
183,151 109,236
183,151 109,235
183,150 109,234
183,150 109,233
182,149 109,232
182,149 110,232
182,149 111,232
182,148 112,232
182,148 113,231
181,147 114,231
181,147 115,231
181,146 116,231
181,146 117,231
181,146 118,230
181,145 119,229
181,145 120,229
181,144 121,228
181,144 122,227
180,143 123,226
180,143 124,225
180,143 125,224
180,142 126,223
180,142 127,222
180,141 128,221
180,141 129,220
179,140 130,219
179,140 131,218
179,139 132,217
194,156 127,247
194,156 126,247
194,156 125,247
193,156 124,246
193,156 123,246
192,155 122,246
192,155 121,246
191,155 120,245
191,155 119,245
190,155 118,245
190,155 117,245
189,155 116,245
189,155 115,244
189,155 114,244
188,155 113,244
188,155 112,243
187,154 111,243
187,154 110,243
186,154 110,242
186,154 110,241
185,153 110,240
185,153 110,239
184,152 110,238
184,152 110,237
183,151 110,236
183,151 110,235
183,151 110,234
183,150 110,233
183,150 111,233
182,149 112,233
182,149 113,232
182,148 114,232
182,148 115,232
181,147 116,232
181,147 117,232
181,146 118,231
181,146 119,230
181,145 120,230
181,145 121,229
181,145 122,228
181,144 123,227
181,144 124,226
180,143 125,225
180,143 126,224
180,142 127,223
180,142 128,222
180,141 129,221
180,141 130,220
179,140 131,219
179,140 132,218
179,139 133,217
194,156 127,246
194,156 126,246
194,156 125,246
193,156 124,245
193,156 123,245
192,155 122,245
192,155 121,245
191,155 120,244
191,155 119,244
190,155 118,244
190,155 117,244
189,155 116,244
189,155 115,243
188,155 114,243
188,155 113,243
187,154 112,242
187,154 111,242
186,154 111,241
186,154 111,240
185,153 111,239
185,153 111,238
184,152 111,237
184,152 111,236
183,151 111,235
183,151 111,234
183,150 112,234
183,150 113,233
182,149 114,233
182,149 115,233
182,148 116,233
182,148 117,233
181,147 118,232
181,147 119,231
181,146 120,231
181,146 121,230
181,145 122,229
181,145 123,228
181,144 124,227
181,144 125,226
180,143 126,225
180,143 127,224
180,142 128,223
180,142 129,222
180,141 130,221
180,141 131,220
179,140 132,219
179,140 133,218
179,139 134,217
194,156 127,245
194,156 126,245
193,156 125,245
193,156 124,244
192,155 123,244
192,155 122,244
191,155 121,244
191,155 120,243
190,155 119,243
190,155 118,243
189,155 117,243
189,155 116,243
188,155 115,242
188,155 114,242
187,154 113,242
187,154 112,241
186,154 112,240
186,154 112,239
185,153 112,238
185,153 112,237
184,152 112,236
184,152 112,235
183,151 113,234
183,150 114,234
183,150 115,234
182,149 116,234
182,149 117,234
182,148 118,233
182,148 119,232
181,147 120,232
181,147 121,231
181,146 122,230
181,146 123,229
181,145 124,228
181,145 125,227
181,144 126,226
181,144 127,225
180,143 128,224
180,143 129,223
180,142 130,222
180,142 131,221
180,141 132,220
180,141 133,219
179,140 134,218
179,139 135,217
194,156 127,244
194,156 126,244
193,156 125,244
193,156 124,243
192,155 123,243
192,155 122,243
191,155 121,243
191,155 120,242
190,155 119,242
190,155 118,242
189,155 117,242
189,155 116,242
188,155 115,241
188,155 114,241
187,154 113,241
186,154 113,240
186,154 113,239
185,153 113,238
185,153 113,237
184,152 113,236
184,152 113,235
183,151 114,235
183,151 115,235
183,150 116,235
183,150 117,235
182,149 118,234
182,149 119,233
182,148 120,233
182,148 121,232
181,147 122,231
181,146 123,230
181,146 124,229
181,145 125,228
181,145 126,227
181,144 127,226
181,144 128,225
180,143 129,224
180,143 130,223
180,142 131,222
180,142 132,221
180,141 133,220
180,141 134,219
179,140 135,218
179,140 136,217
194,156 127,243
194,156 126,243
193,156 125,243
193,156 124,242
192,155 123,242
192,155 122,242
191,155 121,242
190,155 120,241
190,155 119,241
189,155 118,241
189,155 117,241
188,155 116,241
188,155 115,240
187,154 114,240
186,154 114,239
186,154 114,238
185,153 114,237
185,153 114,236
184,152 115,236
184,152 116,236
183,151 117,236
183,150 118,235
183,150 119,234
182,149 120,234
182,149 121,233
182,148 122,232
182,148 123,231
181,147 124,230
181,146 125,229
181,146 126,228
181,145 127,227
181,145 128,226
181,144 129,225
181,144 130,224
180,143 131,223
180,142 132,222
180,142 133,221
180,141 134,220
180,141 135,219
179,140 136,218
179,139 137,217
194,155 127,242
194,155 126,242
193,155 125,242
193,155 124,241
192,154 123,241
192,154 122,241
191,154 121,241
190,154 120,240
190,154 119,240
189,154 118,240
189,154 117,240
188,154 116,240
187,153 115,239
187,153 115,238
186,153 115,237
186,153 116,237
185,152 117,237
184,151 118,236
184,151 119,235
184,150 120,235
184,150 121,234
183,149 122,233
183,148 123,232
183,148 124,231
182,147 125,230
182,147 126,229
182,146 127,228
182,145 128,227
182,145 129,226
182,144 130,225
182,144 131,224
181,143 132,223
181,142 133,222
181,142 134,221
181,141 135,220
181,141 136,219
180,140 137,218
180,139 138,217
194,155 127,241
194,155 126,241
193,155 125,241
193,155 124,240
192,154 123,240
191,154 122,240
191,154 121,240
190,154 120,239
189,154 119,239
189,154 118,239
188,154 117,239
188,154 116,239
187,153 116,238
186,153 117,238
186,153 118,237
185,152 119,236
184,151 120,236
184,151 121,235
184,150 122,234
184,150 123,233
183,149 124,232
183,148 125,231
183,148 126,230
182,147 127,229
182,146 128,228
182,146 129,227
182,145 130,226
182,145 131,225
182,144 132,224
181,143 133,223
181,143 134,222
181,142 135,221
181,141 136,220
181,141 137,219
180,140 138,218
180,139 139,217
194,155 127,240
194,155 126,240
193,155 125,240
192,154 124,239
192,154 123,239
191,154 122,239
190,154 121,239
190,154 120,238
189,154 119,238
188,154 118,238
187,153 119,237
187,153 120,237
186,153 121,236
185,152 122,235
185,152 123,234
184,151 124,233
184,150 125,232
183,149 126,231
183,149 127,230
183,148 128,229
182,147 129,228
182,147 130,227
182,146 131,226
182,145 132,225
182,144 133,224
182,144 134,223
181,143 135,222
181,142 136,221
181,142 137,220
181,141 138,219
180,140 139,218
180,139 140,217
194,155 127,239
194,155 126,239
193,155 125,239
192,154 124,238
191,154 123,238
190,154 122,238
190,154 121,238
189,154 121,237
188,154 122,236
187,153 123,235
186,153 124,234
186,153 125,233
185,152 126,232
184,151 127,231
184,150 128,230
183,149 129,229
183,148 130,228
183,148 131,227
182,147 132,226
182,146 133,225
182,145 134,224
182,144 135,223
182,144 136,222
181,143 137,221
181,142 138,220
181,141 139,219
180,140 140,218
180,139 141,217
194,155 127,238
194,155 126,238
193,155 125,238
192,154 124,237
191,154 123,237
190,154 122,237
189,154 123,236
188,154 124,235
187,153 125,234
187,153 126,233
186,153 127,232
185,152 128,231
184,151 129,230
184,150 130,229
183,149 131,228
183,148 132,227
182,147 133,226
182,147 134,225
182,146 135,224
182,145 136,223
182,144 137,222
181,143 138,221
181,142 139,220
181,141 140,219
180,140 141,218
180,139 142,217
194,155 127,237
193,155 126,237
192,154 125,237
191,154 124,236
190,154 125,235
189,154 126,234
188,154 127,233
187,153 128,232
186,153 129,231
185,152 130,230
184,151 131,229
184,150 132,228
183,149 133,227
183,148 134,226
182,147 135,225
182,146 136,224
182,145 137,223
182,144 138,222
181,143 139,221
181,142 140,220
181,141 141,219
180,140 142,218
180,139 143,217
194,155 127,236
193,155 127,236
192,154 126,236
191,154 125,236
190,154 126,235
189,154 127,234
188,154 128,233
187,153 129,232
186,153 130,231
185,152 131,230
184,151 132,229
184,150 133,228
183,149 134,227
183,148 135,226
182,147 136,225
182,146 137,224
182,145 138,223
182,144 139,222
181,143 140,221
181,142 141,220
181,141 142,219
180,140 143,218
180,139 144,217
194,155 127,235
193,155 127,235
192,154 128,234
191,154 129,233
190,154 130,232
189,154 131,231
188,154 131,231
187,153 132,230
186,153 133,229
185,152 134,228
184,151 135,227
184,150 136,226
183,149 136,226
183,148 137,225
182,147 138,224
182,146 139,223
182,145 140,222
182,144 140,222
181,143 141,221
181,142 142,220
181,141 143,219
180,140 144,218
180,139 145,217
194,154 130,233
193,154 130,233
190,153 131,232
189,153 132,231
188,153 133,230
187,152 133,230
186,152 134,229
185,151 135,228
185,150 136,227
184,149 137,226
184,148 137,226
183,147 138,225
183,146 139,224
183,145 140,223
183,144 141,222
182,143 141,222
182,142 142,221
182,141 143,220
181,140 144,219
182,141 145,218
194,154 131,233
193,154 131,233
190,153 132,232
189,153 133,231
188,153 133,231
187,152 134,230
186,152 135,229
185,151 136,228
185,150 136,228
184,149 137,227
184,148 138,226
183,147 139,225
183,146 139,225
183,145 140,224
183,144 141,223
182,143 142,222
182,142 142,222
182,141 143,221
181,140 144,220
182,141 145,219
194,154 133,232
193,154 133,232
190,153 134,231
189,153 134,231
188,153 135,230
187,152 136,229
186,152 136,229
185,151 137,228
185,150 138,227
184,149 138,227
184,148 139,226
183,147 139,226
183,146 140,225
183,145 141,224
183,144 141,224
182,143 142,223
182,142 143,222
182,141 143,222
181,140 144,221
182,141 145,220
194,154 135,231
193,154 135,231
190,153 136,230
189,153 136,230
188,153 137,229
187,152 137,229
186,152 138,228
185,151 138,228
185,150 139,227
184,149 139,227
184,148 140,226
183,147 140,226
183,146 141,225
183,145 141,225
183,144 142,224
182,143 142,224
182,142 143,223
182,141 143,223
181,140 144,222
182,141 145,221
194,154 137,230
193,154 137,230
190,153 137,230
189,153 138,229
188,153 138,229
187,152 139,228
186,152 139,228
185,151 139,228
185,150 140,227
184,149 140,227
184,148 141,226
183,147 141,226
183,146 142,225
183,145 142,225
183,144 142,225
182,143 143,224
182,142 143,224
182,141 144,223
181,140 144,223
182,141 145,222
194,154 139,229
193,154 139,229
190,153 139,229
189,153 139,229
188,153 140,228
187,152 140,228
186,152 140,228
185,151 141,227
185,150 141,227
184,149 141,227
184,148 142,226
183,147 142,226
183,146 142,226
183,145 143,225
183,144 143,225
182,143 143,225
182,142 144,224
182,141 144,224
181,140 144,224
182,141 145,223
194,154 141,228
193,154 141,228
190,153 141,228
189,153 141,228
188,153 141,228
187,152 142,227
186,152 142,227
185,151 142,227
185,150 142,227
184,149 142,227
184,148 143,226
183,147 143,226
183,146 143,226
183,145 143,226
183,144 143,226
182,143 144,225
182,142 144,225
182,141 144,225
181,140 144,225
182,141 145,224
194,154 143,227
193,154 143,227
190,153 143,227
189,153 143,227
188,153 143,227
187,152 143,227
186,152 143,227
185,151 143,227
185,150 143,227
184,149 143,227
184,148 144,226
183,147 144,226
183,146 144,226
183,145 144,226
183,144 144,226
182,143 144,226
182,142 144,226
182,141 144,226
181,140 144,226
182,141 145,225
186,151 145,226
178,138 128,209
178,138 128,208
178,138 129,207
178,138 130,206
177,137 131,205
177,137 131,204
177,137 132,203
177,137 132,202
177,136 133,201
177,136 133,200
177,136 133,199
177,136 134,198
176,135 134,197
176,135 134,196
176,135 134,195
176,134 135,194
176,134 135,193
176,134 135,192
176,134 135,191
175,133 136,191
175,133 137,191
175,133 138,191
175,133 139,191
175,132 140,191
175,132 141,191
175,132 142,191
175,131 143,191
175,131 144,192
175,131 145,192
175,131 146,192
175,130 147,192
175,130 148,193
175,130 149,193
175,130 150,193
176,130 151,193
176,130 152,193
176,130 153,193
176,130 154,193
177,129 155,193
177,129 156,193
177,129 157,193
178,129 158,193
178,129 159,193
178,129 160,193
178,129 161,193
179,129 162,193
179,129 163,193
179,129 164,193
179,129 165,193
180,129 166,193
180,129 167,193
180,129 168,193
181,129 169,193
181,129 170,193
181,129 171,193
181,129 172,193
182,129 172,194
182,129 172,195
182,129 172,196
182,129 172,197
182,130 172,198
182,130 172,199
182,130 172,200
182,130 172,201
182,131 172,202
182,131 172,203
182,131 172,204
182,132 173,205
182,132 173,206
182,132 173,207
182,132 173,208
182,133 174,209
182,133 174,210
182,133 174,211
182,133 175,212
182,134 176,213
182,134 176,214
182,134 177,215
182,135 177,216
182,135 178,217
182,135 179,218
182,135 179,219
183,136 180,220
183,136 181,221
183,136 182,222
183,136 183,223
183,137 184,224
183,137 185,225
183,137 186,225
183,138 187,226
178,138 128,210
178,138 129,209
178,138 129,208
178,138 130,207
177,137 131,206
177,137 132,205
177,137 132,204
177,137 133,203
177,136 133,202
177,136 134,201
177,136 134,200
176,135 134,199
176,135 135,198
176,135 135,197
176,135 135,196
176,134 135,195
176,134 136,194
176,134 136,193
176,134 136,192
175,133 137,192
175,133 138,192
175,133 139,192
175,132 140,192
175,132 141,192
175,132 142,192
175,132 143,192
175,131 144,193
175,131 145,193
175,131 146,193
175,130 147,193
175,130 148,194
175,130 149,194
175,130 150,194
176,130 151,194
176,130 152,194
176,130 153,194
176,130 154,194
177,129 155,194
177,129 156,194
177,129 157,194
178,129 158,194
178,129 159,194
178,129 160,194
178,129 161,194
179,129 162,194
179,129 163,194
179,129 164,194
179,129 165,194
180,129 166,194
180,129 167,194
180,129 168,194
181,129 169,194
181,129 170,194
181,129 171,194
181,129 171,195
182,129 171,196
182,129 171,197
182,129 171,198
182,130 171,199
182,130 171,200
182,130 171,201
182,130 171,202
182,131 171,203
182,131 171,204
182,131 172,205
182,131 172,206
182,132 172,207
182,132 172,208
182,132 173,209
182,133 173,210
182,133 173,211
182,133 174,212
182,133 175,213
182,134 175,214
182,134 176,215
182,134 176,216
182,134 177,217
182,135 178,218
182,135 178,219
182,135 179,220
183,136 180,221
183,136 181,222
183,136 182,223
183,136 183,224
183,137 184,225
183,137 185,226
183,137 186,226
183,138 187,227
178,138 128,211
178,138 129,210
178,138 130,209
178,138 130,208
177,137 131,207
177,137 132,206
177,137 133,205
177,137 133,204
177,136 134,203
177,136 134,202
177,136 135,201
176,135 135,200
176,135 135,199
176,135 136,198
176,135 136,197
176,134 136,196
176,134 136,195
176,134 137,194
175,133 137,193
175,133 138,193
175,133 139,193
175,133 140,193
175,132 141,193
175,132 142,193
175,132 143,193
175,131 144,194
175,131 145,194
175,131 146,194
175,131 147,194
175,130 148,195
175,130 149,195
175,130 150,195
176,130 151,195
176,130 152,195
176,130 153,195
176,130 154,195
177,129 155,195
177,129 156,195
177,129 157,195
178,129 158,195
178,129 159,195
178,129 160,195
178,129 161,195
179,129 162,195
179,129 163,195
179,129 164,195
179,129 165,195
180,129 166,195
180,129 167,195
180,129 168,195
181,129 169,195
181,129 170,195
181,129 170,196
181,129 170,197
182,129 170,198
182,129 170,199
182,129 170,200
182,130 170,201
182,130 170,202
182,130 170,203
182,130 170,204
182,131 171,205
182,131 171,206
182,131 171,207
182,132 171,208
182,132 172,209
182,132 172,210
182,132 172,211
182,133 173,212
182,133 174,213
182,133 174,214
182,134 175,215
182,134 175,216
182,134 176,217
182,134 177,218
182,135 177,219
182,135 178,220
182,135 179,221
183,136 180,222
183,136 181,223
183,136 182,224
183,136 183,225
183,137 184,226
183,137 185,227
183,137 186,227
183,138 187,228
178,138 128,212
178,138 129,211
178,138 130,210
178,138 131,209
177,137 131,208
177,137 132,207
177,137 133,206
177,136 134,205
177,136 134,204
177,136 135,203
177,136 135,202
176,135 136,201
176,135 136,200
176,135 136,199
176,134 137,198
176,134 137,197
176,134 137,196
176,134 137,195
175,133 138,194
175,133 139,194
175,133 140,194
175,132 141,194
175,132 142,194
175,132 143,194
175,132 144,195
175,131 145,195
175,131 146,195
175,131 147,195
175,130 148,196
175,130 149,196
175,130 150,196
175,130 151,196
176,130 152,196
176,130 153,196
176,130 154,196
177,129 155,196
177,129 156,196
177,129 157,196
177,129 158,196
178,129 159,196
178,129 160,196
178,129 161,196
179,129 162,196
179,129 163,196
179,129 164,196
180,129 165,196
180,129 166,196
180,129 167,196
180,129 168,196
181,129 169,196
181,129 169,197
181,129 169,198
182,129 169,199
182,129 169,200
182,129 169,201
182,129 169,202
182,130 169,203
182,130 169,204
182,130 170,205
182,131 170,206
182,131 170,207
182,131 170,208
182,131 171,209
182,132 171,210
182,132 171,211
182,132 172,212
182,133 173,213
182,133 173,214
182,133 174,215
182,133 174,216
182,134 175,217
182,134 176,218
182,134 176,219
182,135 177,220
182,135 178,221
182,135 179,222
182,135 180,223
183,136 181,224
183,136 182,225
183,136 183,226
183,137 184,227
183,137 185,228
183,137 186,228
183,138 187,229
178,138 128,213
178,138 129,212
178,138 130,211
178,138 131,210
177,137 132,209
177,137 132,208
177,137 133,207
177,136 134,206
177,136 135,205
177,136 135,204
177,136 136,203
176,135 136,202
176,135 137,201
176,135 137,200
176,134 137,199
176,134 138,198
176,134 138,197
176,134 138,196
175,133 138,195
175,133 139,195
175,133 140,195
175,132 141,195
175,132 142,195
175,132 143,195
175,131 144,196
175,131 145,196
175,131 146,196
175,131 147,196
175,130 148,197
175,130 149,197
175,130 150,197
176,130 151,197
176,130 152,197
176,130 153,197
176,130 154,197
177,129 155,197
177,129 156,197
177,129 157,197
178,129 158,197
178,129 159,197
178,129 160,197
179,129 161,197
179,129 162,197
179,129 163,197
179,129 164,197
180,129 165,197
180,129 166,197
180,129 167,197
181,129 168,197
181,129 168,198
181,129 168,199
181,129 168,200
182,129 168,201
182,129 168,202
182,129 168,203
182,130 168,204
182,130 169,205
182,130 169,206
182,130 169,207
182,131 169,208
182,131 170,209
182,131 170,210
182,132 170,211
182,132 171,212
182,132 172,213
182,133 172,214
182,133 173,215
182,133 173,216
182,133 174,217
182,134 175,218
182,134 175,219
182,134 176,220
182,135 177,221
182,135 178,222
182,135 179,223
182,135 180,224
183,136 181,225
183,136 182,226
183,136 183,227
183,137 184,228
183,137 185,229
183,137 186,229
183,138 187,230
178,138 128,214
178,138 129,213
178,138 130,212
178,138 131,211
177,137 132,210
177,137 133,209
177,137 133,208
177,136 134,207
177,136 135,206
177,136 136,205
176,135 136,204
176,135 137,203
176,135 137,202
176,135 138,201
176,134 138,200
176,134 138,199
176,134 139,198
175,133 139,197
175,133 139,196
175,133 140,196
175,132 141,196
175,132 142,196
175,132 143,196
175,132 144,197
175,131 145,197
175,131 146,197
175,131 147,197
175,130 148,198
175,130 149,198
175,130 150,198
176,130 151,198
176,130 152,198
176,130 153,198
176,130 154,198
177,129 155,198
177,129 156,198
177,129 157,198
178,129 158,198
178,129 159,198
178,129 160,198
179,129 161,198
179,129 162,198
179,129 163,198
179,129 164,198
180,129 165,198
180,129 166,198
180,129 167,198
181,129 167,199
181,129 167,200
181,129 167,201
182,129 167,202
182,129 167,203
182,129 167,204
182,129 168,205
182,130 168,206
182,130 168,207
182,130 168,208
182,131 169,209
182,131 169,210
182,131 169,211
182,132 170,212
182,132 171,213
182,132 171,214
182,132 172,215
182,133 172,216
182,133 173,217
182,133 174,218
182,134 174,219
182,134 175,220
182,134 176,221
182,135 177,222
182,135 178,223
182,135 179,224
182,135 180,225
183,136 181,226
183,136 182,227
183,136 183,228
183,137 184,229
183,137 185,230
183,137 186,230
183,138 187,231
178,138 128,215
178,138 129,214
178,138 130,213
178,138 131,212
177,137 132,211
177,137 133,210
177,137 134,209
177,136 134,208
177,136 135,207
177,136 136,206
176,135 137,205
176,135 137,204
176,135 138,203
176,134 138,202
176,134 139,201
176,134 139,200
176,134 139,199
175,133 140,198
175,133 140,197
175,133 141,197
175,132 142,197
175,132 143,197
175,132 144,198
175,131 145,198
175,131 146,198
175,131 147,198
175,130 148,199
175,130 149,199
175,130 150,199
175,130 151,199
176,130 152,199
176,130 153,199
176,130 154,199
177,129 155,199
177,129 156,199
177,129 157,199
178,129 158,199
178,129 159,199
178,129 160,199
179,129 161,199
179,129 162,199
179,129 163,199
179,129 164,199
180,129 165,199
180,129 166,199
180,129 166,200
181,129 166,201
181,129 166,202
181,129 166,203
182,129 166,204
182,129 167,205
182,129 167,206
182,130 167,207
182,130 167,208
182,130 168,209
182,130 168,210
182,131 168,211
182,131 169,212
182,131 170,213
182,132 170,214
182,132 171,215
182,132 171,216
182,133 172,217
182,133 173,218
182,133 173,219
182,134 174,220
182,134 175,221
182,134 176,222
182,134 177,223
182,135 178,224
182,135 179,225
182,135 180,226
183,136 181,227
183,136 182,228
183,136 183,229
183,137 184,230
183,137 185,231
183,137 186,231
183,138 187,232
178,137 128,216
178,137 129,215
178,137 130,214
178,137 131,213
179,138 132,212
179,138 133,211
179,138 134,210
179,138 135,209
177,135 135,208
177,135 136,207
177,135 137,206
178,136 138,205
178,136 138,204
178,136 139,203
178,136 139,202
176,133 140,201
176,133 140,200
176,133 140,199
176,133 141,198
176,132 142,198
176,132 143,198
176,132 144,199
176,131 145,199
176,131 146,199
176,131 147,199
176,131 148,200
177,130 149,200
177,130 150,200
177,130 151,200
178,130 152,200
178,130 153,200
178,130 154,200
178,130 155,200
179,130 156,200
179,130 157,200
179,130 158,200
179,130 159,200
180,130 160,200
180,130 161,200
180,130 162,200
181,130 163,200
181,130 164,200
181,130 165,200
181,130 165,201
181,131 165,202
181,131 165,203
181,131 165,204
181,131 166,205
181,132 166,206
181,132 166,207
181,132 166,208
181,133 167,209
181,133 167,210
181,133 167,211
181,133 168,212
181,134 169,213
181,134 169,214
181,134 170,215
181,135 170,216
181,135 171,217
181,135 172,218
181,135 172,219
182,136 173,220
182,136 174,221
182,136 175,222
182,136 176,223
182,137 177,224
182,137 178,225
182,137 179,226
182,138 180,227
182,138 181,228
182,138 182,229
182,138 183,230
183,139 184,231
183,139 185,232
183,139 186,232
182,138 187,233
178,137 129,216
178,137 130,215
178,137 131,214
178,137 132,213
179,138 133,212
179,138 134,211
179,138 135,210
179,138 136,209
177,135 136,208
177,135 137,207
177,135 138,206
178,136 139,205
178,136 139,204
178,136 140,203
178,136 140,202
176,133 141,201
176,133 141,200
176,133 141,199
176,132 142,199
176,132 143,199
176,132 144,200
176,132 145,200
176,131 146,200
176,131 147,200
176,131 148,201
177,130 149,201
177,130 150,201
177,130 151,201
177,130 152,201
178,130 153,201
178,130 154,201
178,130 155,201
179,130 156,201
179,130 157,201
179,130 158,201
179,130 159,201
180,130 160,201
180,130 161,201
180,130 162,201
181,130 163,201
181,130 164,201
181,130 164,202
181,130 164,203
181,131 164,204
181,131 165,205
181,131 165,206
181,132 165,207
181,132 165,208
181,132 166,209
181,132 166,210
181,133 166,211
181,133 167,212
181,133 168,213
181,134 168,214
181,134 169,215
181,134 169,216
181,134 170,217
181,135 171,218
181,135 171,219
181,135 172,220
182,136 173,221
182,136 174,222
182,136 175,223
182,136 176,224
182,137 177,225
182,137 178,226
182,137 179,227
182,138 180,228
182,138 181,229
182,138 182,230
182,138 183,231
183,139 184,232
183,139 185,233
183,139 186,233
182,138 187,234
178,137 130,216
178,137 131,215
178,137 132,214
178,137 133,213
179,138 134,212
179,138 135,211
179,138 136,210
177,135 137,209
177,135 137,208
177,135 138,207
177,135 139,206
178,136 140,205
178,136 140,204
178,136 141,203
176,133 141,202
176,133 142,201
176,133 142,200
176,132 143,200
176,132 144,201
176,132 145,201
176,132 146,201
176,131 147,201
176,131 148,202
176,131 149,202
177,130 150,202
177,130 151,202
177,130 152,202
177,130 153,202
178,130 154,202
178,130 155,202
178,130 156,202
179,130 157,202
179,130 158,202
179,130 159,202
180,130 160,202
180,130 161,202
180,130 162,202
180,130 163,202
181,130 163,203
181,130 163,204
181,130 164,205
181,131 164,206
181,131 164,207
181,131 164,208
181,132 165,209
181,132 165,210
181,132 165,211
181,132 166,212
181,133 167,213
181,133 167,214
181,133 168,215
181,134 168,216
181,134 169,217
181,134 170,218
181,134 170,219
181,135 171,220
181,135 172,221
181,135 173,222
182,136 174,223
182,136 175,224
182,136 176,225
182,137 177,226
182,137 178,227
182,137 179,228
182,137 180,229
182,138 181,230
182,138 182,231
182,138 183,232
183,139 184,233
183,139 185,234
183,139 186,234
182,138 187,235
178,137 131,216
178,137 132,215
178,137 133,214
178,137 134,213
179,138 135,212
179,138 136,211
179,138 137,210
177,135 138,209
177,135 138,208
177,135 139,207
178,136 140,206
178,136 141,205
178,136 141,204
176,133 142,203
176,133 142,202
176,133 143,201
176,133 144,202
176,132 145,202
176,132 146,202
176,132 147,202
176,131 148,203
176,131 149,203
176,131 150,203
177,130 151,203
177,130 152,203
177,130 153,203
178,130 154,203
178,130 155,203
178,130 156,203
178,130 157,203
179,130 158,203
179,130 159,203
179,130 160,203
180,130 161,203
180,130 162,203
180,130 162,204
181,130 163,205
181,130 163,206
181,130 163,207
181,131 163,208
181,131 164,209
181,131 164,210
181,131 164,211
181,132 165,212
181,132 166,213
181,132 166,214
181,133 167,215
181,133 167,216
181,133 168,217
181,134 169,218
181,134 169,219
181,134 170,220
181,135 171,221
181,135 172,222
181,135 173,223
181,135 174,224
182,136 175,225
182,136 176,226
182,136 177,227
182,137 178,228
182,137 179,229
182,137 180,230
182,138 181,231
182,138 182,232
182,138 183,233
183,139 184,234
183,139 185,235
183,139 186,235
182,138 187,236
178,137 132,216
178,137 133,215
178,137 134,214
178,137 135,213
179,138 136,212
179,138 137,211
179,138 138,210
177,135 139,209
177,135 139,208
177,135 140,207
178,136 141,206
178,136 142,205
178,136 142,204
176,133 143,203
176,133 143,202
176,133 144,203
176,132 145,203
176,132 146,203
176,132 147,203
176,131 148,204
176,131 149,204
176,131 150,204
177,130 151,204
177,130 152,204
177,130 153,204
177,130 154,204
178,130 155,204
178,130 156,204
178,130 157,204
179,130 158,204
179,130 159,204
179,130 160,204
180,130 161,204
180,130 162,205
180,130 162,206
181,130 162,207
181,130 162,208
181,130 163,209
181,131 163,210
181,131 163,211
181,131 164,212
181,132 165,213
181,132 165,214
181,132 166,215
181,133 166,216
181,133 167,217
181,133 168,218
181,133 168,219
181,134 169,220
181,134 170,221
181,134 171,222
181,135 172,223
181,135 173,224
181,135 174,225
182,136 175,226
182,136 176,227
182,136 177,228
182,137 178,229
182,137 179,230
182,137 180,231
182,138 181,232
182,138 182,233
182,138 183,234
183,139 184,235
183,139 185,236
183,139 186,236
182,138 187,237
178,137 133,216
178,137 134,215
178,137 135,214
178,137 136,213
179,138 137,212
179,138 138,211
179,138 139,210
177,135 140,209
177,135 140,208
177,135 141,207
178,136 142,206
178,136 143,205
178,136 143,204
176,133 144,204
176,133 145,204
176,133 146,204
176,132 147,204
176,132 148,205
176,132 149,205
176,131 150,205
176,131 151,205
176,131 152,205
177,130 153,205
177,130 154,205
177,130 155,205
178,130 156,205
178,130 157,205
178,130 158,205
179,130 159,205
179,130 160,205
179,130 161,205
180,130 161,206
180,130 161,207
180,130 161,208
181,130 162,209
181,130 162,210
181,130 162,211
181,131 163,212
181,131 164,213
181,131 164,214
181,132 165,215
181,132 165,216
181,132 166,217
181,133 167,218
181,133 167,219
181,133 168,220
181,134 169,221
181,134 170,222
181,134 171,223
181,135 172,224
181,135 173,225
181,135 174,226
182,136 175,227
182,136 176,228
182,136 177,229
182,137 178,230
182,137 179,231
182,137 180,232
182,138 181,233
182,138 182,234
182,138 183,235
183,139 184,236
183,139 185,237
183,139 186,237
182,138 187,238
178,137 134,216
178,137 135,215
178,137 136,214
179,138 137,213
179,138 138,212
179,138 139,211
177,135 140,210
177,135 141,209
177,135 141,208
178,136 142,207
178,136 143,206
178,136 144,205
176,133 145,205
176,133 146,205
176,133 147,205
176,132 148,206
176,132 149,206
176,132 150,206
176,131 151,206
176,131 152,206
176,131 153,206
177,130 154,206
177,130 155,206
177,130 156,206
178,130 157,206
178,130 158,206
178,130 159,206
179,130 160,206
179,130 160,207
179,130 160,208
180,130 161,209
180,130 161,210
181,130 161,211
181,130 162,212
181,130 163,213
181,131 163,214
181,131 164,215
181,131 164,216
181,132 165,217
181,132 166,218
181,132 166,219
181,133 167,220
181,133 168,221
181,133 169,222
181,134 170,223
181,134 171,224
181,134 172,225
181,135 173,226
181,135 174,227
181,135 175,228
182,136 176,229
182,136 177,230
182,136 178,231
182,137 179,232
182,137 180,233
182,137 181,234
182,138 182,235
182,138 183,236
182,138 184,237
183,139 185,238
183,139 186,238
182,138 187,239
179,137 135,216
179,137 136,215
179,137 137,214
179,137 138,213
179,136 139,212
179,136 140,211
179,136 141,210
178,135 142,209
178,135 142,208
178,135 143,207
177,134 144,206
177,134 145,206
177,134 146,206
177,134 147,206
177,133 148,207
177,133 149,207
177,133 150,207
177,132 151,207
177,132 152,207
177,132 153,207
177,131 154,207
177,131 155,207
177,131 156,207
178,131 157,207
178,131 158,207
178,131 159,207
178,131 159,208
179,131 160,209
179,131 160,210
179,131 160,211
180,131 161,212
180,131 162,213
180,131 162,214
180,132 163,215
180,132 163,216
180,132 164,217
180,132 165,218
180,133 165,219
180,133 166,220
180,133 167,221
180,134 168,222
180,134 169,223
180,134 170,224
180,135 171,225
180,135 172,226
180,135 173,227
181,136 174,228
181,136 175,229
181,136 176,230
181,136 177,231
181,137 178,232
181,137 179,233
181,137 180,234
181,138 181,235
181,138 182,236
181,138 183,237
182,139 184,238
182,139 185,239
182,139 186,239
181,138 187,240
179,137 136,216
179,137 137,215
179,137 138,214
179,137 139,213
179,136 140,212
179,136 141,211
179,136 142,210
178,135 143,209
178,135 143,208
178,135 144,207
177,134 145,207
177,134 146,207
177,134 147,207
177,133 148,208
177,133 149,208
177,133 150,208
177,132 151,208
177,132 152,208
177,132 153,208
177,131 154,208
177,131 155,208
177,131 156,208
177,131 157,208
178,131 158,208
178,131 159,209
178,131 159,210
179,131 159,211
179,131 160,212
179,131 161,213
180,131 161,214
180,131 162,215
180,131 162,216
180,132 163,217
180,132 164,218
180,132 164,219
180,133 165,220
180,133 166,221
180,133 167,222
180,134 168,223
180,134 169,224
180,134 170,225
180,134 171,226
180,135 172,227
180,135 173,228
180,135 174,229
181,136 175,230
181,136 176,231
181,136 177,232
181,137 178,233
181,137 179,234
181,137 180,235
181,138 181,236
181,138 182,237
181,138 183,238
182,139 184,239
182,139 185,240
182,139 186,240
181,138 187,241
179,137 137,216
179,137 138,215
179,137 139,214
179,137 140,213
179,136 141,212
179,136 142,211
179,136 143,210
178,135 144,209
178,135 144,208
178,135 145,208
177,134 146,208
177,134 147,208
177,134 148,209
177,133 149,209
177,133 150,209
177,133 151,209
177,132 152,209
177,132 153,209
177,132 154,209
177,131 155,209
177,131 156,209
177,131 157,209
178,131 158,209
178,131 158,210
178,131 158,211
179,131 159,212
179,131 160,213
179,131 160,214
180,131 161,215
180,131 161,216
180,131 162,217
180,132 163,218
180,132 163,219
180,132 164,220
180,133 165,221
180,133 166,222
180,133 167,223
180,134 168,224
180,134 169,225
180,134 170,226
180,135 171,227
180,135 172,228
180,135 173,229
181,136 174,230
181,136 175,231
181,136 176,232
181,137 177,233
181,137 178,234
181,137 179,235
181,138 180,236
181,138 181,237
181,138 182,238
182,139 183,239
182,139 184,240
182,139 185,241
181,138 186,241
179,137 138,216
179,137 139,215
179,137 140,214
179,136 141,213
179,136 142,212
179,136 143,211
178,135 144,210
178,135 145,209
178,135 146,209
177,134 147,209
177,134 148,210
177,133 149,210
177,133 150,210
177,133 151,210
177,132 152,210
177,132 153,210
177,132 154,210
177,131 155,210
177,131 156,210
177,131 157,210
178,131 157,211
178,131 158,212
179,131 159,213
179,131 159,214
179,131 160,215
180,131 160,216
180,131 161,217
180,131 162,218
180,132 162,219
180,132 163,220
180,133 164,221
180,133 165,222
180,133 166,223
180,134 167,224
180,134 168,225
180,134 169,226
180,135 170,227
180,135 171,228
180,135 172,229
181,136 173,230
181,136 174,231
181,137 175,232
181,137 176,233
181,137 177,234
181,138 178,235
181,138 179,236
181,138 180,237
182,139 181,238
182,139 182,239
181,138 183,240
179,137 139,216
179,137 140,215
179,137 141,214
179,136 142,213
179,136 143,212
178,135 144,211
178,135 145,210
178,135 146,210
177,134 147,210
177,134 148,211
177,133 149,211
177,133 150,211
177,133 151,211
177,132 152,211
177,132 153,211
177,131 154,211
177,131 155,211
177,131 156,211
178,131 157,212
178,131 158,213
179,131 158,214
179,131 159,215
179,131 159,216
180,131 160,217
180,131 161,218
180,132 161,219
180,132 162,220
180,132 163,221
180,133 164,222
180,133 165,223
180,134 166,224
180,134 167,225
180,134 168,226
180,135 169,227
180,135 170,228
181,136 171,229
181,136 172,230
181,136 173,231
181,137 174,232
181,137 175,233
181,138 176,234
181,138 177,235
181,138 178,236
182,139 179,237
182,139 180,238
181,138 181,239
179,137 140,216
179,137 141,215
179,137 142,214
179,136 143,213
179,136 144,212
178,135 145,211
178,135 146,211
178,135 147,211
177,134 148,212
177,134 149,212
177,133 150,212
177,133 151,212
177,132 152,212
177,132 153,212
177,132 154,212
177,131 155,212
177,131 156,212
178,131 157,213
178,131 157,214
178,131 158,215
179,131 158,216
179,131 159,217
180,131 160,218
180,131 160,219
180,132 161,220
180,132 162,221
180,132 163,222
180,133 164,223
180,133 165,224
180,134 166,225
180,134 167,226
180,134 168,227
180,135 169,228
180,135 170,229
181,136 171,230
181,136 172,231
181,137 173,232
181,137 174,233
181,137 175,234
181,138 176,235
181,138 177,236
182,139 178,237
182,139 179,238
181,138 180,239
179,137 141,216
179,137 142,215
179,137 143,214
179,136 144,213
179,136 145,212
178,135 146,212
178,135 147,212
177,134 148,213
177,134 149,213
177,133 150,213
177,133 151,213
177,133 152,213
177,132 153,213
177,132 154,213
177,131 155,213
177,131 156,213
178,131 156,214
178,131 157,215
179,131 157,216
179,131 158,217
180,131 159,218
180,131 159,219
180,131 160,220
180,132 161,221
180,132 162,222
180,133 163,223
180,133 164,224
180,134 165,225
180,134 166,226
180,135 167,227
180,135 168,228
180,135 169,229
181,136 170,230
181,136 171,231
181,137 172,232
181,137 173,233
181,138 174,234
181,138 175,235
182,139 176,236
182,139 177,237
181,138 178,238
179,135 142,216
179,135 143,215
179,135 144,214
179,135 145,213
178,134 146,213
178,134 147,213
178,134 148,214
178,134 149,214
178,133 150,214
178,133 151,214
178,133 152,214
179,134 153,214
179,134 154,214
179,134 155,214
179,134 156,215
179,133 156,216
179,133 157,217
179,133 158,218
178,132 158,219
178,132 159,220
178,132 160,221
178,132 161,222
179,132 162,223
179,132 163,224
179,132 164,225
179,132 165,226
179,133 166,227
179,133 167,228
179,133 168,229
179,134 169,230
179,134 170,231
179,134 171,232
179,134 172,233
181,139 173,234
181,139 174,235
181,139 175,236
180,138 176,237
179,135 143,216
179,135 144,215
179,135 145,214
179,135 146,214
178,134 147,214
178,134 148,215
178,134 149,215
178,133 150,215
178,133 151,215
178,133 152,215
179,134 153,215
179,134 154,215
179,134 155,215
179,134 155,216
179,133 156,217
179,133 157,218
179,133 157,219
178,132 158,220
178,132 159,221
178,132 160,222
179,132 161,223
179,132 162,224
179,132 163,225
179,132 164,226
179,133 165,227
179,133 166,228
179,133 167,229
179,134 168,230
179,134 169,231
179,134 170,232
181,139 171,233
181,139 172,234
181,139 173,235
180,138 174,236
179,135 144,216
179,135 145,215
179,135 146,215
178,134 147,215
178,134 148,216
178,134 149,216
178,133 150,216
178,133 151,216
178,133 152,216
179,134 153,216
179,134 154,216
179,134 155,217
179,133 156,218
179,133 156,219
179,133 157,220
178,132 158,221
178,132 159,222
178,132 160,223
179,132 161,224
179,132 162,225
179,132 163,226
179,133 164,227
179,133 165,228
179,133 166,229
179,134 167,230
179,134 168,231
179,134 169,232
181,139 170,233
181,139 171,234
181,139 172,235
180,138 173,236
179,135 145,216
179,135 146,216
179,135 147,216
178,134 148,217
178,134 149,217
178,134 150,217
178,133 151,217
178,133 152,217
178,133 153,217
179,134 154,217
179,134 155,218
179,133 155,219
179,133 156,220
179,133 157,221
178,132 158,222
178,132 159,223
178,132 160,224
179,132 161,225
179,132 162,226
179,133 163,227
179,133 164,228
179,133 165,229
179,134 166,230
179,134 167,231
179,134 168,232
181,139 169,233
181,139 170,234
180,138 171,235
179,135 146,217
179,135 147,217
179,135 148,218
178,134 149,218
178,134 150,218
178,133 151,218
178,133 152,218
178,133 153,218
179,134 154,218
179,134 154,219
179,133 155,220
179,133 156,221
178,132 157,222
178,132 158,223
178,132 159,224
179,132 160,225
179,132 161,226
179,133 162,227
179,133 163,228
179,133 164,229
179,134 165,230
179,134 166,231
181,139 167,232
181,139 168,233
180,138 169,234
179,135 146,218
179,135 147,218
179,135 148,219
178,134 149,219
178,134 150,219
178,133 151,219
178,133 152,219
179,134 153,219
179,134 154,220
179,133 155,221
179,133 156,222
178,132 157,223
178,132 158,224
179,132 159,225
179,132 160,226
179,133 161,227
179,133 162,228
179,134 163,229
179,134 164,230
181,139 165,231
181,139 166,232
180,138 167,233
179,135 146,219
179,135 147,219
178,134 148,220
178,134 149,220
178,133 150,220
178,133 151,220
179,134 152,220
179,134 153,220
179,133 154,221
179,133 155,222
178,132 156,223
178,132 157,224
179,132 158,225
179,132 159,226
179,133 160,227
179,133 161,228
179,134 162,229
179,134 163,230
181,139 164,231
180,138 165,232
180,137 146,220
180,137 147,220
180,137 148,221
180,137 149,221
180,137 150,221
180,137 151,221
180,137 152,221
180,137 153,221
180,137 154,222
180,137 155,223
180,137 156,224
180,137 157,225
180,137 158,226
180,137 159,227
180,137 160,228
180,137 161,229
180,137 162,230
180,137 163,231
180,137 146,221
180,137 147,221
180,137 148,222
180,137 149,222
180,137 150,222
180,137 151,222
180,137 152,222
180,137 153,222
180,137 154,223
180,137 155,224
180,137 156,225
180,137 157,226
180,137 158,227
180,137 159,228
180,137 160,229
180,137 161,230
180,137 146,222
180,137 147,222
180,137 148,223
180,137 149,223
180,137 150,223
180,137 151,223
180,137 152,223
180,137 153,223
180,137 154,224
180,137 155,225
180,137 156,226
180,137 157,227
180,137 158,228
180,137 159,229
180,137 146,223
180,137 147,223
180,137 148,224
180,137 149,224
180,137 150,224
180,137 151,224
180,137 152,224
180,137 153,224
180,137 154,225
180,137 155,226
180,137 156,227
180,137 157,228
180,137 146,224
180,137 147,224
180,137 148,225
180,137 149,225
180,137 150,225
180,137 151,225
180,137 152,225
180,137 153,225
180,137 154,226
180,137 155,227
180,137 156,228
180,137 146,225
180,137 147,225
180,137 148,226
180,137 149,226
180,137 150,226
180,137 151,226
180,137 152,226
180,137 153,226
180,137 154,227
180,136 146,226
180,136 147,226
184,139 188,227
184,139 189,227
184,139 190,228
184,139 191,228
184,140 192,229
184,140 193,229
184,140 194,230
184,140 195,230
185,141 196,231
185,141 197,231
185,141 198,231
185,141 199,232
185,142 200,232
185,142 201,232
185,142 202,233
185,143 203,233
185,143 204,233
185,143 205,233
185,143 206,233
186,144 207,233
186,144 208,233
186,144 209,234
186,144 210,234
186,145 211,234
186,145 212,233
186,145 213,233
187,146 214,233
187,146 215,233
187,146 216,233
187,146 217,233
187,147 218,232
187,147 219,232
187,147 220,232
187,147 221,231
187,148 222,231
187,148 223,231
187,148 224,230
187,148 225,230
188,149 226,229
188,149 227,229
188,149 228,229
189,149 229,228
189,149 230,227
189,149 231,227
189,149 232,226
190,149 233,225
190,149 234,224
190,149 235,223
190,149 235,224
191,150 235,225
191,150 235,226
191,150 235,227
192,151 235,228
192,151 235,229
192,151 235,230
192,151 236,231
193,151 236,232
193,151 236,233
193,151 236,234
193,151 236,235
194,151 237,236
194,151 237,237
194,151 237,238
194,151 237,239
195,152 237,240
195,152 238,241
195,152 238,242
196,152 238,243
196,152 238,244
196,152 238,245
196,152 238,246
197,152 237,246
197,152 236,246
197,152 235,246
197,152 234,246
198,152 233,247
198,152 232,247
198,152 231,247
199,153 230,248
199,153 229,248
199,153 228,249
199,153 227,249
200,153 226,249
200,153 225,249
200,153 224,250
200,153 223,250
201,153 222,250
201,153 221,251
201,153 220,251
202,153 219,251
184,139 188,228
184,139 189,228
184,139 190,229
184,139 191,229
184,140 192,230
184,140 193,230
184,140 194,231
185,141 195,231
185,141 196,232
185,141 197,232
185,141 198,232
185,142 199,233
185,142 200,233
185,142 201,233
185,143 202,234
185,143 203,234
185,143 204,234
185,143 205,234
186,144 206,234
186,144 207,234
186,144 208,234
186,145 209,235
186,145 210,235
186,145 211,235
186,145 212,234
187,146 213,234
187,146 214,234
187,146 215,234
187,147 216,234
187,147 217,234
187,147 218,233
187,147 219,233
187,148 220,233
187,148 221,232
187,148 222,232
188,149 223,232
188,149 224,231
188,149 225,231
188,149 226,230
189,149 227,230
189,149 228,230
189,149 229,229
190,149 230,228
190,149 231,228
190,149 232,227
190,149 233,226
191,150 234,225
191,150 234,226
191,150 234,227
192,151 234,228
192,151 234,229
192,151 234,230
192,151 235,231
193,151 235,232
193,151 235,233
193,151 235,234
194,151 235,235
194,151 236,236
194,151 236,237
194,151 236,238
195,152 236,239
195,152 236,240
195,152 237,241
196,152 237,242
196,152 237,243
196,152 237,244
196,152 237,245
197,152 236,245
197,152 235,245
197,152 234,245
198,152 233,246
198,152 232,246
198,152 231,246
198,152 230,247
199,153 229,247
199,153 228,248
199,153 227,248
200,153 226,248
200,153 225,248
200,153 224,249
200,153 223,249
201,153 222,249
201,153 221,250
201,153 220,250
202,153 219,250
184,139 188,229
184,139 189,229
184,139 190,230
184,139 191,230
184,140 192,231
184,140 193,231
184,140 194,232
185,141 195,232
185,141 196,233
185,141 197,233
185,142 198,233
185,142 199,234
185,142 200,234
185,142 201,234
185,143 202,235
185,143 203,235
185,143 204,235
186,144 205,235
186,144 206,235
186,144 207,235
186,145 208,235
186,145 209,236
186,145 210,236
186,145 211,236
187,146 212,235
187,146 213,235
187,146 214,235
187,147 215,235
187,147 216,235
187,147 217,235
187,148 218,234
187,148 219,234
187,148 220,234
188,149 221,233
188,149 222,233
188,149 223,233
188,149 224,232
189,149 225,232
189,149 226,231
189,149 227,231
190,149 228,231
190,149 229,230
190,149 230,229
191,150 231,229
191,150 232,228
191,150 233,227
191,150 233,228
192,151 233,229
192,151 233,230
192,151 234,231
193,151 234,232
193,151 234,233
193,151 234,234
194,151 234,235
194,151 235,236
194,151 235,237
195,152 235,238
195,152 235,239
195,152 235,240
195,152 236,241
196,152 236,242
196,152 236,243
196,152 236,244
197,152 235,244
197,152 234,244
197,152 233,245
198,152 232,245
198,152 231,245
198,152 230,246
198,152 229,246
199,153 228,247
199,153 227,247
199,153 226,247
200,153 225,247
200,153 224,248
200,153 223,248
201,153 222,248
201,153 221,249
201,153 220,249
202,153 219,249
184,139 188,230
184,139 189,230
184,139 190,231
184,139 191,231
184,140 192,232
184,140 193,232
184,140 194,233
185,141 195,233
185,141 196,234
185,141 197,234
185,142 198,234
185,142 199,235
185,142 200,235
185,143 201,235
185,143 202,236
185,143 203,236
186,144 204,236
186,144 205,236
186,144 206,236
186,145 207,236
186,145 208,236
186,145 209,237
187,146 210,237
187,146 211,237
187,146 212,236
187,147 213,236
187,147 214,236
187,147 215,236
187,148 216,236
187,148 217,236
187,148 218,235
188,149 219,235
188,149 220,235
188,149 221,234
189,149 222,234
189,149 223,234
189,149 224,233
190,149 225,233
190,149 226,232
190,149 227,232
190,149 228,232
191,150 229,231
191,150 230,230
191,150 231,230
192,151 232,229
192,151 232,230
192,151 233,231
193,151 233,232
193,151 233,233
193,151 233,234
194,151 233,235
194,151 234,236
194,151 234,237
195,152 234,238
195,152 234,239
195,152 234,240
196,152 235,241
196,152 235,242
196,152 235,243
197,152 234,243
197,152 233,244
197,152 232,244
198,152 231,244
198,152 230,245
198,152 229,245
199,153 228,246
199,153 227,246
199,153 226,246
200,153 225,246
200,153 224,247
200,153 223,247
201,153 222,247
201,153 221,248
201,153 220,248
202,153 219,248
184,139 188,231
184,139 189,231
184,139 190,232
184,140 191,232
184,140 192,233
184,140 193,233
185,141 194,234
185,141 195,234
185,141 196,235
185,142 197,235
185,142 198,235
185,142 199,236
185,143 200,236
185,143 201,236
185,143 202,237
186,144 203,237
186,144 204,237
186,144 205,237
186,145 206,237
186,145 207,237
186,145 208,237
187,146 209,238
187,146 210,238
187,146 211,238
187,147 212,237
187,147 213,237
187,147 214,237
187,148 215,237
187,148 216,237
187,148 217,237
188,149 218,236
188,149 219,236
188,149 220,236
189,149 221,235
189,149 222,235
190,149 223,235
190,149 224,234
190,149 225,234
191,150 226,233
191,150 227,233
191,150 228,233
192,151 229,232
192,151 230,231
192,151 231,231
193,151 232,231
193,151 232,232
193,151 232,233
194,151 232,234
194,151 232,235
194,151 233,236
195,152 233,237
195,152 233,238
195,152 233,239
196,152 233,240
196,152 234,241
196,152 234,242
197,152 233,243
197,152 232,243
197,152 231,243
198,152 230,244
198,152 229,244
198,152 228,245
199,153 227,245
199,153 226,245
199,153 225,245
200,153 224,246
200,153 223,246
200,153 222,246
201,153 221,247
201,153 220,247
202,153 219,247
184,141 188,232
184,141 189,232
184,141 190,233
183,140 191,233
183,140 192,234
183,140 193,234
184,142 194,235
184,142 195,235
184,142 196,236
184,143 197,236
184,143 198,236
184,143 199,237
185,144 200,237
185,144 201,237
185,145 202,238
185,145 203,238
185,145 204,238
186,146 205,238
186,146 206,238
186,146 207,238
186,147 208,238
186,147 209,239
186,147 210,239
186,148 211,239
186,148 212,238
186,148 213,238
187,149 214,238
187,149 215,238
188,150 216,238
188,150 217,238
188,150 218,237
189,150 219,237
189,150 220,237
189,150 221,236
190,150 222,236
190,150 223,236
190,150 224,235
191,151 225,235
191,151 226,234
191,151 227,234
192,152 228,234
192,152 229,233
193,152 230,232
193,152 231,232
193,152 231,233
194,152 231,234
194,152 231,235
194,152 232,236
195,153 232,237
195,153 232,238
195,153 232,239
196,153 232,240
196,153 233,241
196,153 233,242
197,153 232,242
197,153 231,242
198,153 230,243
198,153 229,243
198,153 228,244
199,154 227,244
199,154 226,244
199,154 225,244
200,154 224,245
200,154 223,245
200,154 222,245
201,154 221,246
201,154 220,246
202,154 219,246
184,141 188,233
184,141 189,233
184,141 190,234
183,140 191,234
183,140 192,235
183,140 193,235
184,142 194,236
184,142 195,236
184,143 196,237
184,143 197,237
184,143 198,237
185,144 199,238
185,144 200,238
185,144 201,238
185,145 202,239
185,145 203,239
186,146 204,239
186,146 205,239
186,146 206,239
186,147 207,239
186,147 208,239
186,148 209,240
186,148 210,240
186,148 211,240
187,149 212,239
187,149 213,239
187,149 214,239
188,150 215,239
188,150 216,239
189,150 217,239
189,150 218,238
189,150 219,238
190,150 220,238
190,150 221,237
190,150 222,237
191,151 223,237
191,151 224,236
192,152 225,236
192,152 226,235
192,152 227,235
193,152 228,235
193,152 229,234
194,152 230,233
194,152 230,234
194,152 230,235
195,153 231,236
195,153 231,237
195,153 231,238
196,153 231,239
196,153 231,240
197,153 232,241
197,153 231,241
197,153 230,242
198,153 229,242
198,153 228,243
198,153 227,243
199,154 226,243
199,154 225,243
200,154 224,244
200,154 223,244
200,154 222,244
201,154 221,245
201,154 220,245
202,154 219,245
184,141 188,234
184,141 189,234
184,141 190,235
183,140 191,235
183,140 192,236
184,142 193,236
184,142 194,237
184,142 195,237
184,143 196,238
184,143 197,238
185,144 198,238
185,144 199,239
185,144 200,239
185,145 201,239
185,145 202,240
186,146 203,240
186,146 204,240
186,147 205,240
186,147 206,240
186,147 207,240
186,148 208,240
186,148 209,241
187,149 210,241
187,149 211,241
187,149 212,240
188,150 213,240
188,150 214,240
189,150 215,240
189,150 216,240
190,150 217,240
190,150 218,239
190,150 219,239
191,151 220,239
191,151 221,238
192,152 222,238
192,152 223,238
192,152 224,237
193,152 225,237
193,152 226,236
194,152 227,236
194,152 228,236
194,152 229,235
195,153 230,236
195,153 230,237
196,153 230,238
196,153 230,239
197,153 230,240
197,153 230,241
197,153 229,241
198,153 228,242
198,153 227,242
199,154 226,242
199,154 225,242
199,154 224,243
200,154 223,243
200,154 222,243
201,154 221,244
201,154 220,244
202,154 219,244
184,141 188,235
184,141 189,235
184,141 190,236
183,140 191,236
183,140 192,237
184,142 193,237
184,142 194,238
184,143 195,238
184,143 196,239
184,143 197,239
185,144 198,239
185,144 199,240
185,145 200,240
185,145 201,240
186,146 202,241
186,146 203,241
186,146 204,241
186,147 205,241
186,147 206,241
186,148 207,241
186,148 208,241
187,149 209,242
187,149 210,242
188,150 211,242
188,150 212,241
188,150 213,241
189,150 214,241
189,150 215,241
190,150 216,241
190,150 217,241
191,151 218,240
191,151 219,240
191,151 220,240
192,152 221,239
192,152 222,239
193,152 223,239
193,152 224,238
194,152 225,238
194,152 226,237
195,153 227,237
195,153 228,237
195,153 229,236
196,153 229,237
196,153 229,238
197,153 229,239
197,153 229,240
198,153 228,241
198,153 227,241
198,153 226,241
199,154 225,241
199,154 224,242
200,154 223,242
200,154 222,242
201,154 221,243
201,154 220,243
202,154 219,243
184,141 188,236
184,141 189,236
184,141 190,237
183,140 191,237
183,140 192,238
184,142 193,238
184,142 194,239
184,143 195,239
184,143 196,240
185,144 197,240
185,144 198,240
185,145 199,241
185,145 200,241
186,146 201,241
186,146 202,242
186,147 203,242
186,147 204,242
186,148 205,242
186,148 206,242
186,148 207,242
187,149 208,242
187,149 209,243
188,150 210,243
188,150 211,243
189,150 212,242
189,150 213,242
190,150 214,242
190,150 215,242
191,151 216,242
191,151 217,242
192,152 218,241
192,152 219,241
193,152 220,241
193,152 221,240
194,152 222,240
194,152 223,240
194,152 224,239
195,153 225,239
195,153 226,238
196,153 227,238
196,153 228,238
197,153 228,239
197,153 228,240
198,153 227,240
198,153 226,240
199,154 225,240
199,154 224,241
200,154 223,241
200,154 222,241
201,154 221,242
201,154 220,242
202,154 219,242
183,141 188,237
183,141 189,237
182,140 190,238
183,142 191,238
183,143 192,239
184,144 193,239
184,145 194,240
185,146 195,240
185,147 196,241
185,147 197,241
185,148 198,241
186,149 199,242
187,150 200,242
188,151 201,242
189,151 202,243
190,151 203,243
191,152 204,243
191,152 205,243
192,153 206,243
193,153 207,243
194,153 208,243
195,154 221,241
196,154 224,240
197,154 226,239
198,154 227,239
183,141 188,238
182,140 188,238
183,142 189,238
183,143 189,238
184,144 190,239
184,145 191,239
185,146 191,239
185,147 192,240
185,148 192,240
186,149 193,240
187,150 194,241
188,151 194,241
189,151 195,241
190,151 196,242
191,152 196,242
192,153 197,242
193,153 197,242
194,153 198,242
195,154 199,243
196,154 199,243
197,154 200,243
198,154 201,243
183,141 188,239
182,140 188,239
183,142 188,239
183,143 189,239
184,144 189,239
184,145 190,240
185,146 190,240
185,147 191,240
185,148 191,240
186,149 192,241
187,150 192,241
188,151 193,241
189,151 193,241
190,151 194,242
191,152 194,242
192,153 195,242
193,153 195,242
194,153 196,243
195,154 196,243
196,154 197,243
197,154 197,243
198,154 198,243
183,141 188,240
182,140 188,240
183,142 188,240
183,143 189,240
184,144 189,240
184,145 189,240
185,146 190,241
185,147 190,241
185,148 190,241
186,149 191,241
187,150 191,241
188,151 191,241
189,151 192,242
190,151 192,242
191,152 192,242
192,153 193,242
193,153 193,242
194,153 193,242
195,154 194,243
196,154 194,243
197,154 194,243
198,154 195,243
183,141 188,241
182,140 188,241
183,142 188,241
183,143 188,241
184,144 188,241
184,145 188,241
185,146 188,241
185,147 189,241
185,148 189,241
186,149 189,241
187,150 189,241
188,151 189,241
189,151 189,241
190,151 189,241
191,152 190,242
192,153 190,242
193,153 190,242
194,153 190,242
195,154 190,242
196,154 190,242
197,154 190,242
198,154 191,242
184,146 188,242
184,147 188,242
185,149 188,242
186,150 188,242
187,151 188,242
188,152 188,242
189,152 188,242
190,152 188,242
191,153 189,242
